2.533 1543.863881
2.558 1543.539801
3.293 1542.903964
4.59 1542.600921
6.101 1541.250158
8.732 1537.606769
11.215 1536.133794
13.938 1534.832575
13.984 1541.416852
14.01 1541.206751
14.124 1541.343734
14.652 1540.361167
15.639 1539.484518
16.214 1534.283553
17.452 1537.702958
19.102 1532.442059
19.18 1537.439933
21.119 1536.746603
21.697 1531.118251
23.128 1536.077296
24.204 1530.687107
25.519 1535.6324
27.211 1530.11639
27.792 1534.974307
30.094 1533.701522
30.315 1529.808273
32.721 1532.267094
33.11 1529.631227
35.109 1532.01216
36.333 1528.911091
37.585 1530.905398
39.363 1528.726014
40.146 1530.385701
42.486 1527.912614
42.499 1529.880084
45.104 1529.506811
45.733 1527.600588
47.625 1529.279274
49.539 1527.046463
49.893 1529.168291
52.486 1529.131113
53.379 1526.68711
55.091 1528.581831
56.897 1525.919879
57.285 1527.767168
60.088 1527.278141
60.745 1525.050328
62.285 1526.523335
64.875 1524.402708
65.058 1525.738426
67.281 1525.261795
69.618 1524.302601
70.142 1524.896058
72.256 1524.690376
74.269 1524.107606
75.284 1524.531293
77.308 1524.360518
79.209 1523.875078
80.003 1524.297772
82.643 1524.203921
83.857 1523.803723
85.062 1524.180123
87.489 1524.040642
88.682 1523.991353
89.99 1523.879761
92.635 1523.907846
93.44 1524.633129
94.91 1524.019664
97.773 1524.385756
98.291 1525.704994
100.91 1524.713329
102.918 1526.260769
105.187 1525.240124
107.684 1526.34717
109.793 1526.20423
112.511 1526.871222
114.235 1526.605082
117.267 1527.132187
119.471 1527.092518
121.872 1527.697475
124.593 1527.585935
126.775 1527.681731
129.024 1527.694531
131.098 1527.678848
134.53 1527.665947
136.693 1527.686002
139.382 1527.692408
141.053 1527.687857
144.037 1527.685345
147.097 1527.484464
149.319 1527.486489
151.498 1527.275734
154.14 1527.248258
157.087 1527.183949
158.948 1527.180938
162.375 1527.084979
164.026 1526.619502
167.324 1526.62125
168.734 1525.996263
172.252 1526.214259
173.987 1525.565629
178.171 1525.522417
178.643 1524.809671
182.696 1525.054691
183.845 1524.534266
188.067 1525.406893
188.688 1524.483603
193.538 1525.1033
193.926 1524.559777
198.617 1524.440251
198.715 1524.604701
203.459 1524.397272
203.901 1524.353943
208.688 1524.180138
209.54 1524.092187
213.9 1523.985371
214.047 1523.950751
218.704 1523.538903
219.529 1523.774868
223.869 1523.383732
224.914 1523.627736
228.921 1523.255892
230.037 1523.564748
233.968 1523.168412
235.224 1523.443784
238.619 1523.104649
240.61 1523.374277
244.176 1523.278239
245.758 1523.218098
249.006 1523.188243
250.909 1523.351707
253.907 1523.126884
256.228 1523.449336
259.101 1522.884191
261.292 1523.221334
263.996 1522.763429
266.612 1523.069876
268.793 1522.606397
271.601 1522.93696
274.037 1522.533259
276.755 1522.694034
278.949 1522.292908
282.056 1522.54076
283.681 1522.166648
287.172 1522.389899
288.916 1522.033494
292.052 1522.238395
293.92 1521.997446
297.81 1522.113884
298.68 1521.978461
302.446 1521.994783
303.864 1522.044346
307.959 1521.97426
309.113 1522.078591
312.979 1522.005878
314.026 1522.03779
318.264 1521.828944
319.214 1521.879787
323.373 1521.850802
324.327 1521.809793
328.662 1521.830849
329.779 1521.772782
333.681 1521.859717
334.4 1521.770336
338.969 1521.913602
339.886 1521.755706
344.079 1521.969482
344.932 1521.578256
349.213 1521.899184
349.919 1521.505029
354.326 1521.799538
355.093 1521.403637
359.503 1521.746957
360.144 1521.362928
364.58 1521.555358
365.127 1521.422045
369.562 1521.515782
370.228 1521.448341
374.776 1521.548562
375.273 1521.495706
379.967 1521.60515
380.081 1521.585896
384.951 1521.676755
385.599 1521.662804
390.076 1521.702778
390.217 1521.718451
394.906 1521.737186
395.342 1521.739305
400.437 1521.820976
400.448 1521.758523
405.127 1521.726741
405.327 1521.788332
410.396 1521.793642
410.461 1521.742333
415.167 1521.750428
415.453 1521.789715
420.465 1521.700077
420.606 1521.76284
425.214 1521.630825
425.527 1521.792181
430.208 1521.620399
430.86 1521.796221
435.436 1521.589493
435.603 1521.747054
440.307 1521.531711
440.736 1521.68453
445.054 1521.506229
445.844 1521.624451
450.473 1521.543901
450.952 1521.554857
455.12 1521.516013
455.775 1521.489308
460.219 1521.536592
460.935 1521.517507
465.384 1521.626978
465.863 1521.49371
470.271 1521.672837
471.035 1521.504695
474.886 1521.705825
475.799 1521.506647
480.636 1521.683066
481.018 1521.449107
485.093 1521.668262
485.881 1521.412931
490.016 1521.623845
490.828 1521.430554
495.543 1521.671819
495.899 1521.44139
500.264 1521.663449
500.816 1521.398761
504.993 1521.687065
505.892 1521.403611
510.628 1521.718352
510.905 1521.458305
515.009 1521.689469
515.951 1521.428249
520.31 1521.680655
521.262 1521.404744
525.407 1521.6872
526.2 1521.472556
530.132 1521.664051
531.621 1521.528071
535.482 1521.690289
536.643 1521.573877
540.271 1521.690801
541.86 1521.529679
545.24 1521.733179
547.207 1521.5347
550.396 1521.688063
552.74 1521.477995
555.319 1521.565114
557.222 1521.504346
560.51 1521.525951
563.398 1521.495929
565.259 1521.590469
567.944 1521.512978
570.435 1521.558765
573.708 1521.443402
575.583 1521.478408
578.414 1521.475462
580.041 1521.470939
584.004 1521.510715
585.387 1521.480707
589.133 1521.537692
590.322 1521.495999
593.97 1521.511014
594.976 1521.507416
599.676 1521.521464
600.215 1521.518575
604.365 1521.543999
605.275 1521.514772
609.742 1521.592216
609.946 1521.568169
614.938 1521.67239
615.047 1521.653547
620.125 1521.753173
620.156 1521.666296
624.711 1521.58798
625.251 1521.67108
629.762 1521.663403
630.487 1521.688125
635.066 1521.679299
635.831 1521.640286
639.443 1521.618026
640.576 1521.584059
644.808 1521.622886
645.863 1521.567434
649.733 1521.64164
651.291 1521.603991
654.497 1521.677066
655.922 1521.625684
659.955 1521.743376
661.171 1521.603945
665.158 1521.763815
666.365 1521.656962
670.252 1521.782715
671.262 1521.706308
675.264 1521.839533
676.219 1521.715131
680.725 1521.885587
681.456 1521.703639
685.713 1521.918958
686.579 1521.74531
690.946 1521.958903
691.321 1521.822428
695.965 1522.01661
696.486 1521.868157
701.538 1521.987352
701.679 1521.801676
706.2 1521.996704
706.51 1521.859859
711.622 1521.885157
711.8 1521.993599
716.654 1521.879994
716.712 1522.029269
721.468 1521.844196
722.031 1522.0279
726.86 1521.838619
726.956 1522.049867
731.529 1521.876824
732.597 1521.994471
736.508 1521.931022
737.234 1522.00025
741.883 1521.942974
742.696 1522.039713
746.33 1521.993855
747.857 1522.102604
751.774 1522.035695
752.874 1522.158134
756.568 1522.059532
758.249 1522.211833
761.437 1522.072554
763.056 1522.255473
766.695 1522.126995
768.581 1522.252984
771.533 1522.185931
773.59 1522.24566
776.646 1522.234887
778.612 1522.260519
781.338 1522.258312
783.938 1522.300998
786.666 1522.251858
789.177 1522.31955
791.687 1522.278642
793.95 1522.348123
796.3 1522.27831
799.545 1522.381808
801.682 1522.281461
804.383 1522.390975
806.688 1522.258564
809.887 1522.416625
811.571 1522.250285
814.309 1522.372421
816.435 1522.26649
820.512 1522.385329
822.142 1522.288891
824.789 1522.436502
826.486 1522.356444
830.26 1522.497864
831.612 1522.38441
835.709 1522.52364
837.345 1522.422748
840.422 1522.529837
841.453 1522.458042
845.705 1522.57664
847.005 1522.516449
851.273 1522.621006
852.137 1522.504138
855.657 1522.680894
856.878 1522.489354
861.51 1522.65516
861.959 1522.509813
866.446 1522.667845
867.425 1522.572647
871.471 1522.699661
872.022 1522.635662
876.717 1522.749315
877.046 1522.676615
882.148 1522.804284
882.547 1522.707048
886.678 1522.803711
887.323 1522.73812
892.037 1522.765431
892.142 1522.810737
897.169 1522.821412
897.393 1522.770567
902.187 1522.8515
902.359 1522.830996
907.125 1522.907712
907.335 1522.898351
912.205 1522.939579
912.361 1522.926102
917.323 1522.961084
917.47 1522.949696
922.229 1522.997189
922.408 1522.98376
927.215 1522.979769
927.604 1523.043308
932.097 1523.026519
932.622 1523.055569
937.407 1523.057629
937.516 1523.058131
942.196 1523.076194
942.662 1523.079145
947.085 1523.087733
947.704 1523.118102
952.164 1523.120831
952.884 1523.124432
957.385 1523.105296
957.434 1523.10429
961.932 1523.161305
962.959 1523.163502
967.435 1523.187547
967.924 1523.227239
972.128 1523.213426
972.451 1523.251417
977.004 1523.20408
978.083 1523.289745
982.195 1523.229357
982.771 1523.262374
986.758 1523.276838
987.924 1523.274589
991.076 1523.313882
992.804 1523.307982
995.084 1523.343679
997.855 1523.357521
998.206 1523.340557
1000.847 1523.379032
1001.484 1523.384108
1002.187 1523.388838
1002.198 1523.39312
1002.242 1523.393531
1002.341 1523.395539
1002.384 1523.394532
1002.423 1523.39672
1002.449 1523.396843
1002.484 1523.397403
1002.646 1523.399864
1002.667 1523.3606
1002.746 1523.401171
1002.858 1523.402539
1002.924 1523.402748
1002.951 1523.397672
1004.241 1523.408372
1006.265 1523.43013
1008.185 1523.446377
1008.312 1523.43462
1011.069 1523.473124
1012.79 1523.464828
1013.694 1523.490899
1016.486 1523.509582
1018.26 1523.507504
1019.081 1523.524292
1022.122 1523.529497
1023.017 1523.524991
1025.063 1523.549732
1028.037 1523.560994
1028.514 1523.579396
1033.223 1523.632578
1033.317 1523.559807
1037.998 1523.673493
1038.358 1523.622011
1042.983 1523.6771
1043.457 1523.712511
1047.998 1523.745516
1048.705 1523.736933
1053.322 1523.763197
1053.565 1523.770779
1058.135 1523.799417
1058.251 1523.805097
1063.635 1523.844918
1063.709 1523.850776
1068.466 1523.867309
1068.775 1523.881768
1073.364 1523.92533
1073.837 1523.927338
1078.574 1523.937235
1078.79 1523.959602
1083.945 1523.958915
1084.508 1523.929945
1088.725 1523.955268
1088.878 1523.988171
1093.785 1524.016243
1094.324 1523.993551
1099.23 1524.051367
1099.661 1524.061577
1103.978 1524.089286
1104.507 1524.086217
1109.196 1524.116455
1109.708 1524.126816
1114.501 1524.115474
1115.229 1524.137133
1119.011 1524.152136
1119.935 1524.159345
1124.719 1524.216064
1125.319 1524.208407
1129.518 1524.264294
1130.659 1524.262008
1134.322 1524.326026
1135.328 1524.328997
1140.196 1524.408848
1140.987 1524.394295
1144.203 1524.434808
1146.099 1524.424104
1150.121 1524.501518
1150.883 1524.43304
1154.994 1524.541945
1156.713 1524.474856
1159.91 1524.564976
1161.39 1524.500704
1165.08 1524.583211
1166.76 1524.555453
1170.514 1524.621266
1171.876 1524.60827
1175.044 1524.679475
1177.282 1524.669045
1180.449 1524.725337
1182.155 1524.738855
1185.63 1524.806261
1187.38 1524.788404
1190.531 1524.862671
1192.585 1524.829891
1195.323 1524.880805
1197.71 1524.852676
1201.028 1524.949772
1202.316 1524.888441
1205.125 1524.987279
1207.958 1524.952926
1210.76 1525.029336
1212.632 1524.955725
1215.552 1525.091089
1217.659 1525.022417
1220.505 1525.129756
1222.871 1525.062442
1225.816 1525.164387
1227.639 1525.076913
1230.354 1525.229286
1233.027 1525.104747
1235.803 1525.273068
1237.621 1525.147371
1240.62 1525.266956
1242.763 1525.223438
1245.774 1525.311296
1248.101 1525.298615
1250.722 1525.363478
1252.695 1525.342552
1255.758 1525.431549
1257.798 1525.380269
1260.984 1525.482526
1262.899 1525.436298
1265.747 1525.487372
1267.807 1525.480091
1270.974 1525.55334
1272.766 1525.530012
1275.947 1525.602797
1277.827 1525.587091
1281.031 1525.655896
1281.894 1525.653415
1285.935 1525.711428
1287.961 1525.732253
1291.094 1525.791528
1292.19 1525.774535
1296.342 1525.870796
1296.883 1525.825073
1300.802 1525.918601
1302.361 1525.858755
1306.61 1525.977627
1307.052 1525.85477
1311.064 1526.030649
1311.434 1525.889527
1316.175 1526.047936
1316.972 1525.973785
1321.486 1526.093363
1321.658 1526.022332
1326.459 1526.150378
1326.514 1526.066153
1331.325 1526.210705
1331.518 1526.092176
1336.186 1526.129361
1336.479 1526.24229
1341.171 1526.121645
1341.94 1526.285392
1346.531 1526.15035
1346.644 1526.32531
1350.682 1526.186939
1352.181 1526.386294
1355.955 1526.239547
1357.087 1526.391388
1361.1 1526.299091
1362.564 1526.430057
1365.573 1526.34241
1367.265 1526.482902
1370.786 1526.400186
1372.735 1526.53655
1375.582 1526.406379
1377.828 1526.60124
1380.483 1526.404284
1382.803 1526.654356
1385.522 1526.469566
1388.142 1526.70387
1390.396 1526.533539
1393.186 1526.768424
1395.01 1526.595583
1398.299 1526.838953
1400.471 1526.651253
1403.511 1526.868277
1404.991 1526.684712
1408.589 1526.859737
1410.098 1526.740674
1413.577 1526.901171
1414.921 1526.799935
1418.889 1526.932375
1419.908 1526.831176
1423.743 1526.998949
1424.918 1526.866697
1429.068 1527.06116
1429.724 1526.932586
1433.758 1527.087059
1434.494 1526.991906
1439.205 1527.155042
1439.765 1527.024067
1444.114 1527.19975
1444.344 1527.086319
1448.809 1527.26516
1449.511 1527.145142
1454.098 1527.18158
1454.444 1527.293972
1459.061 1527.339718
1459.342 1527.19757
1464.031 1527.231423
1464.377 1527.374276
1469.122 1527.28389
1469.276 1527.406285
1473.864 1527.308713
1474.347 1527.434715
1479.185 1527.371867
1479.467 1527.500461
1484.12 1527.383757
1484.467 1527.569646
1488.655 1527.381493
1489.555 1527.619959
1493.218 1527.397769
1494.338 1527.665557
1496.793 1527.442455
1499.633 1527.676732
1499.882 1527.491275
1501.951 1527.524944
1502.254 1527.52949
1502.514 1527.532915
1502.647 1527.53591
1502.66 1527.535855
1502.662 1527.535283
1502.676 1527.535809
1502.681 1527.536322
1502.726 1527.536911
1502.881 1527.537788
1502.904 1527.538721
1502.929 1527.539555
1502.948 1527.53756
1502.962 1527.540818
1503.07 1527.542415
1503.16 1527.544288
1504.125 1527.542484
1504.198 1527.694967
1504.939 1527.557675
1506.276 1527.577898
1508.344 1527.59768
1509.562 1527.710388
1510.428 1527.608141
1512.977 1527.620573
1514.214 1527.753074
1515.467 1527.652701
1518.101 1527.689865
1519.305 1527.796857
1520.497 1527.721711
1522.981 1527.758945
1524.192 1527.83914
1525.929 1527.792986
1528.716 1527.810135
1529.386 1527.876052
1532.841 1527.828981
1533.953 1527.918874
1538.173 1527.812369
1539.192 1527.949779
1542.92 1527.844179
1544.099 1527.965125
1548.478 1527.875501
1549.043 1527.996774
1553.602 1527.933645
1554.158 1528.010946
1558.539 1527.977113
1558.68 1528.049382
1563.828 1528.028946
1564.321 1528.11485
1568.67 1528.162936
1569.225 1528.109002
1574.019 1528.19935
1574.107 1528.186073
1578.94 1528.283365
1579.115 1528.26591
1583.761 1528.340864
1584.895 1528.337407
1588.991 1528.395158
1589.551 1528.322741
1593.987 1528.406975
1594.771 1528.406364
1598.704 1528.455403
1600.127 1528.442473
1604.236 1528.478815
1605.323 1528.43913
1608.709 1528.524286
1610.324 1528.485559
1614.036 1528.56872
1615.501 1528.546066
1618.897 1528.617777
1620.801 1528.594432
1624.045 1528.690526
1626.06 1528.643136
1628.877 1528.756306
1630.702 1528.701342
1634.161 1528.834886
1636.658 1528.796202
1638.776 1528.890752
1641.146 1528.850676
1644.105 1528.968663
1646.548 1528.888886
1649.036 1529.012596
1651.784 1528.9426
1653.893 1529.040089
1657.036 1528.975427
1658.839 1529.072569
1661.756 1528.996714
1663.99 1529.11969
1667.374 1529.056557
1668.89 1529.183097
1672.411 1529.120623
1673.538 1529.237633
1677.326 1529.191938
1678.769 1529.295259
1682.84 1529.272836
1683.524 1529.34989
1687.765 1529.332226
1688.088 1529.378962
1692.997 1529.335399
1693.341 1529.446615
1697.976 1529.522692
1698.084 1529.407583
1702.727 1529.594741
1703.453 1529.490563
1707.826 1529.672094
1708.256 1529.563614
1712.963 1529.71669
1713.744 1529.623225
1717.496 1529.750344
1718.492 1529.661342
1722.566 1529.808553
1724.254 1529.753666
1727.839 1529.885327
1728.744 1529.822012
1732.554 1529.943527
1734.415 1529.897989
1737.406 1530.022337
1739.256 1529.969899
1742.73 1530.084562
1744.672 1530.039305
1747.705 1530.123558
1749.623 1530.114589
1752.41 1530.182901
1754.844 1530.164799
1757.634 1530.228926
1759.886 1530.206588
1763.005 1530.287517
1765.337 1530.236338
1767.07 1530.33578
1770.133 1530.293623
1772.658 1530.393293
1775.534 1530.359843
1777.773 1530.465212
1780.66 1530.428568
1781.989 1530.522136
1785.549 1530.46582
1787.095 1530.589324
1791.188 1530.516945
1792.116 1530.631062
1795.694 1530.585104
1796.191 1530.681353
1801.002 1530.667233
1801.353 1530.752666
1806.005 1530.740982
1806.059 1530.785982
1809.937 1530.832372
1811.313 1530.819173
1815.238 1530.913557
1815.94 1530.884544
1819.737 1530.973951
1821.409 1530.963561
1823.808 1531.029858
1826.272 1531.0317
1829.142 1531.089699
1831.546 1531.084885
1833.216 1531.142894
1836.214 1531.142899
1838.163 1531.220865
1841.875 1531.198153
1842.643 1531.268523
1846.403 1531.254491
1847.362 1531.317243
1851.87 1531.360658
1851.902 1531.328553
1856.572 1531.398151
1856.949 1531.424631
1860.799 1531.4773
1862.012 1531.46702
1866.367 1531.541475
1866.761 1531.526583
1870.378 1531.595404
1872.154 1531.59058
1875.233 1531.654472
1876.607 1531.656265
1879.88 1531.716343
1881.934 1531.726956
1884.501 1531.77622
1886.644 1531.795438
1889.132 1531.843702
1892.094 1531.875016
1894.038 1531.914882
1895.721 1531.92674
1898.16 1531.955734
1899.667 1531.967006
1902.132 1531.977264
1903.177 1531.988069
1904.61 1531.985358
1907.084 1532.019375
1907.466 1532.027637
1909.809 1532.049037
1912.063 1532.078571
1912.291 1532.07437
1914.579 1532.094406
1916.751 1532.120129
1917.262 1532.115282
1919.665 1532.149344
1921.021 1532.165122
1922.31 1532.177281
1924.717 1532.210355
1926.085 1532.220448
1927.273 1532.236867
1929.743 1532.255685
1930.453 1532.269502
1932.24 1532.276248
1934.837 1532.309728
1935.001 1532.306431
1937.04 1532.340721
1939.939 1532.380919
1939.95 1532.381841
1942.143 1532.408724
1944.545 1532.434916
1944.731 1532.439251
1947.141 1532.473687
1948.943 1532.465175
1949.787 1532.512512
1952.188 1532.543425
1954.176 1532.509224
1954.585 1532.569885
1957.426 1532.599761
1958.001 1532.549571
1959.63 1532.626642
1962.101 1532.660604
1963.604 1532.627627
1964.785 1532.690775
1967.278 1532.709636
1967.515 1532.687262
1969.465 1532.743618
1972.387 1532.741678
1972.542 1532.784158
1974.39 1532.81197
1977.208 1532.806913
1977.25 1532.853164
1979.851 1532.882003
1981.502 1532.865779
1981.975 1532.899082
1984.642 1532.93117
1985.979 1532.923269
1987.298 1532.956891
1989.176 1532.989574
1990.918 1532.968909
1992.218 1533.022522
1994.595 1533.054536
1995.124 1533.021049
1997.178 1533.092614
1999.808 1533.074815
1999.897 1533.13155
2001.246 1533.151948
2001.936 1533.161231
2002.077 1533.139062
2002.121 1533.149343
2002.192 1533.156059
2002.219 1533.158994
2002.264 1533.151939
2002.291 1533.141476
2002.41 1533.165872
2002.481 1533.165383
2002.541 1533.148726
2002.645 1533.165371
2003.105 1533.156564
2004.421 1533.147744
2005.545 1533.176493
2006.198 1533.187073
2008.732 1533.21672
2009.394 1533.234254
2011.554 1533.266002
2013.694 1533.290531
2014.021 1533.295016
2016.21 1533.326832
2017.88 1533.351619
2019.287 1533.358398
2022.01 1533.399769
2022.679 1533.413814
2027.164 1533.461445
2027.536 1533.467133
2031.92 1533.52664
2032.371 1533.53346
2036.31 1533.584968
2037.672 1533.601045
2041.059 1533.656248
2042.35 1533.674574
2045.649 1533.728062
2047.968 1533.759011
2050.412 1533.794114
2052.406 1533.821622
2054.946 1533.864592
2058.04 1533.90073
2059.649 1533.936015
2062.969 1533.970009
2064.333 1533.991658
2067.645 1534.03436
2068.865 1534.060477
2073.408 1534.120676
2073.498 1534.128273
2077.969 1534.184505
2078.242 1534.190633
2082.709 1534.255904
2083.032 1534.262303
2087.888 1534.329049
2088.165 1534.332337
2091.962 1534.380687
2093.241 1534.392485
2097.013 1534.459567
2097.91 1534.451266
2101.609 1534.494657
2103.22 1534.521357
2106.116 1534.550711
2108.031 1534.58905
2111.003 1534.626263
2113.374 1534.670402
2115.468 1534.696955
2117.74 1534.738191
2120.467 1534.776059
2123.408 1534.816647
2125.21 1534.848119
2128.053 1534.880935
2130.002 1534.920479
2133.039 1534.955562
2135.423 1535.005455
2138.075 1535.024653
2140.111 1535.075007
2143.314 1535.07648
2145.292 1535.157155
2147.568 1535.142476
2150.858 1535.244451
2153.117 1535.229191
2155.415 1535.312038
2157.744 1535.284339
2160.901 1535.380935
2162.372 1535.34113
2165.912 1535.455522
2167.661 1535.419722
2171.081 1535.534969
2172.325 1535.491528
2176.039 1535.608224
2177.267 1535.568091
2181.694 1535.685147
2182.113 1535.641664
2186.385 1535.745016
2186.737 1535.679628
2190.38 1535.724175
2191.644 1535.82018
2194.772 1535.798455
2197.131 1535.900003
2197.941 1535.845724
2201.139 1535.912394
2201.692 1535.921814
2201.713 1535.92215
2201.755 1535.932246
2201.858 1535.92403
2201.875 1535.924434
2201.882 1535.927937
2202.025 1535.926834
2202.031 1535.927238
2202.1 1535.933054
2202.107 1535.972531
2202.12 1535.928222
2202.167 1535.930736
2202.219 1535.932008
2202.776 1535.939599
2202.935 1535.942583
2202.945 1535.944945
2203.099 1535.944459
2204.287 1535.970557
2204.842 1535.981947
2207.348 1536.04265
2207.751 1536.02717
2209.913 1536.059692
2212.383 1536.097142
2212.419 1536.111545
2214.699 1536.126227
2217.456 1536.167388
2217.833 1536.153469
2219.522 1536.202206
2222.104 1536.248098
2222.919 1536.234845
2224.857 1536.288887
2226.829 1536.317489
2228.077 1536.318254
2229.362 1536.342822
2231.832 1536.381021
2233.243 1536.388048
2234.519 1536.423837
2236.606 1536.457405
2238.51 1536.470382
2239.08 1536.495932
2241.86 1536.539223
2243.389 1536.544614
2243.932 1536.570437
2246.582 1536.613277
2248.635 1536.623528
2249.391 1536.64787
2250.785 1536.669425
2250.827 1536.673489
2250.909 1536.674493
2251.046 1536.677433
2251.08 1536.678418
2251.146 1536.676082
2251.192 1536.68065
2251.227 1536.671916
2251.24 1536.676397
2251.269 1536.673778
2251.286 1536.679512
2251.418 1536.683385
2251.426 1536.679813
2251.494 1536.681342
2251.5 1536.685006
2251.505 1536.682575
2251.971 1536.68871
2253.583 1536.698247
2254.144 1536.718897
2256.844 1536.755445
2258.738 1536.774956
2259.478 1536.794461
2262.087 1536.832373
2263.479 1536.847552
2264.679 1536.868338
2267.242 1536.910227
2268.862 1536.935134
2269.969 1536.949498
2272.546 1536.986897
2273.623 1537.012764
2275.119 1537.030488
2277.787 1537.069255
2278.71 1537.098825
2279.403 1537.085506
2279.778 1537.074719
2279.786 1537.07304
2280.048 1537.079744
2280.099 1537.083821
2280.137 1537.083415
2280.218 1537.085901
2280.236 1537.085131
2280.248 1537.087659
2280.314 1537.08281
2280.502 1537.088242
2280.562 1537.082945
2282.987 1537.118968
2283.764 1537.182641
2285.326 1537.150576
2287.731 1537.195577
2288.522 1537.245332
2290.894 1537.277205
2293.091 1537.306497
2293.534 1537.290673
2296.299 1537.389986
2298.179 1537.420507
2298.584 1537.370592
2300.747 1537.462343
2301.121 1537.462292
2301.197 1537.469411
2301.289 1537.458416
2301.3 1537.46824
2301.402 1537.447315
2301.408 1537.456047
2301.42 1537.45082
2301.5 1537.475845
2301.501 1537.449913
2301.537 1537.450356
2301.582 1537.477157
2301.584 1537.454325
2301.677 1537.450394
2301.755 1537.466709
2301.969 1537.470574
2301.978 1537.465167
2302.02 1537.482271
2302.393 1537.469163
2303.434 1537.450483
2304.474 1537.502327
2306.66 1537.539946
2308.03 1537.524415
2308.832 1537.577959
2311.884 1537.601633
2313.27 1537.606933
2314.449 1537.637518
2316.756 1537.674606
2317.853 1537.669818
2319.537 1537.7206
2322.053 1537.764557
2322.943 1537.740946
2324.981 1537.809202
2326.94 1537.840987
2327.615 1537.813934
2329.942 1537.892235
2332.485 1537.942132
2332.631 1537.897231
2335.005 1537.992541
2337.212 1538.031906
2337.328 1537.987807
2340.252 1538.080723
2342.381 1538.073061
2342.681 1538.101611
2345.092 1538.105597
2346.96 1538.148485
2347.639 1538.145335
2350.494 1538.208377
2351.972 1538.233568
2352.93 1538.253522
2355.448 1538.296454
2356.902 1538.313461
2358.276 1538.337913
2360.828 1538.358342
2361.319 1538.385896
2363.368 1538.399423
2366.284 1538.450794
2366.369 1538.459909
2368.525 1538.501015
2370.947 1538.525138
2371.258 1538.54254
2373.895 1538.582969
2375.667 1538.58519
2376.085 1538.61845
2377.971 1538.646423
2379.97 1538.650689
2380.089 1538.687493
2381.117 1538.703501
2381.29 1538.703493
2381.398 1538.708878
2381.434 1538.709762
2381.518 1538.710534
2381.53 1538.706319
2381.567 1538.712639
2381.588 1538.707247
2381.59 1538.707852
2381.698 1538.707068
2381.74 1538.716729
2381.781 1538.716063
2381.875 1538.713602
2382.037 1538.714431
2384.035 1538.74684
2385.308 1538.746057
2386.166 1538.77296
2389.026 1538.804884
2389.206 1538.833542
2391.75 1538.877462
2394.247 1538.888948
2394.44 1538.924776
2397.157 1538.973976
2398.94 1538.963772
2399.924 1539.019305
2402.086 1539.064471
2403.363 1539.030662
2405.622 1539.12021
2407.522 1539.135983
2408.196 1539.179325
2410.609 1539.178237
2412.855 1539.307737
2413.094 1539.223593
2415.767 1539.272617
2417.557 1539.371827
2418.185 1539.262261
2421.38 1539.311133
2421.921 1539.420553
2423.369 1539.372835
2426.208 1539.377363
2426.977 1539.475459
2429.15 1539.434924
2431.295 1539.521638
2431.427 1539.484048
2434.012 1539.532459
2436.091 1539.600577
2436.875 1539.612592
2439.505 1539.652734
2440.324 1539.677821
2441.768 1539.707886
2444.976 1539.761725
2445.468 1539.748318
2447.001 1539.79016
2449.622 1539.805882
2450.178 1539.831873
2451.526 1539.848594
2451.75 1539.818382
2451.772 1539.915656
2451.909 1539.887764
2451.932 1539.878264
2451.933 1539.877267
2451.991 1539.877622
2452.047 1539.885699
2452.158 1539.8995
2452.168 1539.876753
2452.171 1539.878916
2452.174 1539.868215
2452.207 1539.86817
2452.313 1539.919026
2452.34 1539.820507
2452.365 1539.885765
2452.431 1539.872327
2452.464 1539.86184
2452.491 1539.874168
2452.501 1539.863622
2452.525 1539.921714
2452.581 1539.885872
2453.508 1539.848141
2454.371 1539.88799
2456.313 1539.864066
2458.532 1539.899835
2458.652 1539.965122
2461.17 1539.943806
2463.539 1540.064989
2464.749 1540.000365
2467.95 1540.129486
2468.139 1540.048302
2471.53 1540.1082
2472.292 1540.185036
2475.039 1540.157336
2476.884 1540.26472
2478.589 1540.18641
2481.653 1540.342346
2481.886 1540.229684
2485.555 1540.268681
2485.829 1540.407664
2488.763 1540.347519
2490.431 1540.431285
2492.625 1540.400671
2494.687 1540.426168
2495.269 1540.527113
2498.242 1540.483489
2499.268 1540.577833
2499.817 1540.506176
2500.357 1540.542897
2500.492 1540.523192
2500.496 1540.604443
2500.518 1540.538465
2500.593 1540.537284
2500.643 1540.589477
2500.735 1540.60624
2500.775 1540.545486
2500.885 1540.529524
2501.005 1540.544493
2501.038 1540.55203
2501.042 1540.55011
2501.147 1540.553289
2501.212 1540.548819
2501.219 1540.534427
2501.26 1540.546942
2501.289 1540.545863
2501.293 1540.548836
2501.362 1540.518066
2501.383 1540.526338
2501.478 1540.519613
2501.511 1540.531472
2501.534 1540.519187
2501.535 1540.551827
2501.537 1540.533828
2501.549 1540.619176
2501.591 1540.54686
2501.595 1540.531802
2501.697 1540.523735
2501.798 1540.525483
2504.177 1540.653557
2504.487 1540.661778
2505.163 1540.672594
2507.034 1540.702045
2508.707 1540.713345
2509.755 1540.732449
2511.456 1540.720305
2512.921 1540.768516
2513.798 1540.711267
2517.309 1540.769294
2517.601 1540.761928
2520.172 1540.878846
2522.297 1540.836315
2523.775 1540.924902
2526.43 1540.872324
2526.92 1541.006956
2530.07 1541.056078
2530.881 1541.007432
2533.541 1541.11135
2535.693 1541.170063
2536.817 1541.167996
2539.828 1541.19396
2540.024 1541.231427
2543.244 1541.243459
2544.192 1541.27824
2546.436 1541.290255
2547.101 1541.30451
2547.311 1541.317611
2547.322 1541.328011
2547.437 1541.327736
2547.536 1541.311911
2547.692 1541.323266
2547.704 1541.335886
2547.856 1541.333955
2547.918 1541.329085
2548.044 1541.34516
2548.072 1541.319825
2548.073 1541.340071
2548.267 1541.353708
2548.369 1541.345689
2548.382 1541.353918
2548.535 1541.358128
2548.652 1541.358678
2548.808 1541.332042
2548.861 1541.343424
2548.925 1541.346299
2549.041 1541.336563
2551.126 1541.395222
2551.378 1541.374396
2553.319 1541.44027
2554.589 1541.431502
2554.754 1541.46367
2557.565 1541.508338
2559.129 1541.515028
2559.442 1541.532597
2561.772 1541.568555
2563.045 1541.575745
2563.908 1541.581224
2566.396 1541.597759
2567.856 1541.658363
2568.277 1541.628163
2571.206 1541.671324
2571.562 1541.715808
2573.189 1541.704375
2575.533 1541.723011
2575.909 1541.738946
2577.837 1541.716577
2579.411 1541.775977
2580.525 1541.733964
2582.501 1541.74507
2583.097 1541.824813
2585.001 1541.770425
2586.541 1541.832028
2587.556 1541.799042
2589.81 1541.872556
2589.946 1541.834017
2592.196 1541.87134
2592.593 1541.894633
2594.557 1541.907484
2595.086 1541.919831
2596.718 1541.955912
2596.962 1541.94967
2597.0 1541.963953
2597.079 1541.965658
2597.098 1541.965389
2597.11 1541.964389
2597.289 1541.95724
2597.342 1541.954427
2597.414 1541.957961
2597.457 1541.956708
2597.51 1541.959497
2597.71 1541.961506
2597.72 1541.962857
2597.785 1541.962706
2597.843 1541.963193
2597.862 1541.963055
2598.15 1541.968105
2598.168 1541.968834
2598.349 1541.97173
2598.433 1541.972191
2598.46 1541.973065
2598.647 1541.976057
2598.839 1541.979261
2598.913 1541.980754
2598.994 1541.981609
2599.136 1541.984013
2599.23 1541.985826
2599.243 1541.987666
2599.341 1541.987293
2599.385 1541.988306
2599.485 1541.990347
2599.518 1541.990434
2599.526 1541.990562
2599.635 1541.992438
2599.765 1541.994386
2599.84 1541.995586
2599.958 1541.997474
2600.076 1542.000244
2600.149 1542.001721
2600.176 1542.001403
2600.237 1542.002379
2600.304 1542.00376
2600.342 1542.004059
2600.496 1542.008287
2600.504 1542.007401
2600.644 1542.010964
2600.685 1542.01087
2600.698 1542.010769
2600.73 1542.01159
2600.758 1542.011597
2600.768 1542.012198
2600.919 1542.015055
2600.943 1542.015439
2600.946 1542.015355
2600.957 1542.015222
2601.244 1542.020255
2601.255 1542.020431
