0.000000	500.000000
11.301616	500.816000
67.304767	504.993000
79.793363	505.892000
143.327931	510.628000
147.191358	510.905000
202.609192	515.009000
215.699142	515.951000
274.348294	520.310000
287.562354	521.262000
343.176012	525.407000
354.192283	526.200000
407.378951	530.132000
428.003204	531.621000
480.583608	535.482000
496.718450	536.643000
546.405469	540.271000
568.489827	541.860000
614.528883	545.240000
642.015815	547.207000
685.480019	550.396000
718.046197	552.740000
752.954315	555.319000
778.988460	557.222000
823.635931	560.510000
862.955478	563.398000
888.199962	565.259000
925.048034	567.944000
958.908743	570.435000
1003.650170	573.708000
1028.923642	575.583000
1067.244628	578.414000
1089.260175	580.041000
1142.855691	584.004000
1161.649920	585.387000
1212.370651	589.133000
1228.581980	590.322000
1278.067558	593.970000
1291.739058	594.976000
1355.583843	599.676000
1362.918191	600.215000
1419.368641	604.365000
1431.785589	605.275000
1492.519803	609.742000
1495.320042	609.946000
1563.639316	614.938000
1565.150681	615.047000
1635.393000	620.125000
1635.827316	620.156000
1698.936929	624.711000
1706.345421	625.251000
1768.883363	629.762000
1778.924569	630.487000
1842.543047	635.066000
1853.159657	635.831000
1903.039733	639.443000
1918.642252	640.576000
1976.674582	644.808000
1991.211819	645.863000
2044.170862	649.733000
2065.689804	651.291000
2109.762131	654.497000
2129.532553	655.922000
2185.124272	659.955000
2202.139094	661.171000
2256.947377	665.158000
2273.881084	666.365000
2327.671912	670.252000
2341.876735	671.262000
2397.608007	675.264000
2411.140112	676.219000
2473.961056	680.725000
2484.382970	681.456000
2543.645077	685.713000
2556.047368	686.579000
2617.167697	690.946000
2622.567493	691.321000
2688.223042	695.965000
2695.785130	696.486000
2767.643909	701.538000
2769.682185	701.679000
2833.424429	706.200000
2837.911539	706.510000
2910.543273	711.622000
2913.080884	711.800000
2983.310179	716.654000
2984.136469	716.712000
3053.289586	721.468000
3061.272088	722.031000
3131.473227	726.860000
3132.833357	726.956000
3199.517589	731.529000
3214.726258	732.597000
3271.318734	736.508000
3281.733064	737.234000
3349.058260	741.883000
3360.739571	742.696000
3413.655787	746.330000
3435.749715	747.857000
3493.295587	751.774000
3509.304153	752.874000
3564.008310	756.568000
3588.554248	758.249000
3636.136323	761.437000
3659.820384	763.056000
3714.485602	766.695000
3742.290196	768.581000
3786.618844	771.533000
3817.204089	773.590000
3863.044524	776.646000
3892.487748	778.612000
3933.468642	781.338000
3972.542478	783.938000
4013.803246	786.666000
4051.503311	789.177000
4089.573596	791.687000
4123.686366	793.950000
4159.485442	796.300000
4208.398579	799.545000
4241.122076	801.682000
4281.854536	804.383000
4317.200741	806.688000
4365.278392	809.887000
4391.205183	811.571000
4432.303803	814.309000
4464.811692	816.435000
4526.157279	820.512000
4551.130781	822.142000
4591.093472	824.789000
4617.301988	826.486000
4674.867160	830.260000
4695.952015	831.612000
4758.713904	835.709000
4784.333971	837.345000
4831.752748	840.422000
4847.914608	841.453000
4913.806283	845.705000
4934.341301	847.005000
5001.101383	851.273000
5014.849998	852.137000
5069.800807	855.657000
5089.427498	856.878000
5161.566553	861.510000
5168.752470	861.959000
5238.863118	866.446000
5254.564970	867.425000
5318.434316	871.471000
5327.319692	872.022000
5402.213536	876.717000
5407.564705	877.046000
5489.515948	882.148000
5496.068780	882.547000
5562.769438	886.678000
5573.361282	887.323000
5649.885018	892.037000
5651.597658	892.142000
5734.251641	897.169000
5737.941677	897.393000
5816.206450	902.187000
5819.055242	902.359000
5897.702270	907.125000
5901.216341	907.335000
5982.568913	912.205000
5985.194852	912.361000
6068.510528	917.323000
6070.994966	917.470000
6151.254689	922.229000
6154.300726	922.408000
6235.892505	927.215000
6242.490213	927.604000
6319.629192	932.097000
6328.613516	932.622000
6410.962060	937.407000
6412.838675	937.516000
6493.420489	942.196000
6501.472691	942.662000
6577.943892	947.085000
6588.664202	947.704000
6666.373534	952.164000
6678.925390	952.884000
6757.448550	957.385000
6758.300130	957.434000
6836.455986	961.932000
6854.506661	962.959000
6933.212565	967.435000
6941.853549	967.924000
7016.755181	972.128000
7022.493446	972.451000
7104.026270	977.004000
7123.158142	978.083000
7197.397084	982.195000
7207.664081	982.771000
7279.227042	986.758000
7300.220182	987.924000
7356.942850	991.076000
7388.303427	992.804000
7429.629121	995.084000
7480.246719	997.855000
7486.677991	998.206000
7534.887835	1000.847000
7546.615296	1001.484000
7559.572533	1002.187000
7559.775492	1002.198000
7560.588111	1002.242000
7562.416672	1002.341000
7563.211254	1002.384000
7563.931758	1002.423000
7564.412331	1002.449000
7565.059273	1002.484000
7568.054070	1002.646000
7568.442499	1002.667000
7569.890979	1002.746000
7571.963213	1002.858000
7573.184728	1002.924000
7573.684462	1002.951000
7597.533357	1004.241000
7635.042507	1006.265000
7670.800652	1008.185000
7673.174727	1008.312000
7724.573911	1011.069000
7756.945227	1012.790000
7773.916344	1013.694000
7826.651491	1016.486000
7860.306685	1018.260000
7875.874510	1019.081000
7933.768512	1022.122000
7950.828554	1023.017000
7989.786425	1025.063000
8046.751647	1028.037000
8055.913250	1028.514000
8146.764470	1033.223000
8148.602119	1033.317000
8238.482850	1037.998000
8245.594206	1038.358000
8335.771105	1042.983000
8345.143073	1043.457000
8435.757261	1047.998000
8449.988807	1048.705000
8542.714724	1053.322000
8547.629408	1053.565000
8640.246996	1058.135000
8642.616306	1058.251000
8752.756829	1063.635000
8754.287519	1063.709000
8852.848741	1068.466000
8859.281072	1068.775000
8955.204586	1073.364000
8965.217812	1073.837000
9065.557657	1078.574000
9070.146422	1078.790000
9180.395041	1083.945000
9192.433285	1084.508000
9281.827207	1088.725000
9285.095120	1088.878000
9390.953416	1093.785000
9402.682414	1094.324000
9508.693823	1099.230000
9518.176951	1099.661000
9613.472451	1103.978000
9625.254911	1104.507000
9729.589008	1109.196000
9741.095239	1109.708000
9849.181309	1114.501000
9865.536405	1115.229000
9951.119293	1119.011000
9972.134898	1119.935000
10081.210687	1124.719000
10095.163864	1125.319000
10192.548146	1129.518000
10219.549368	1130.659000
10306.159677	1134.322000
10330.526213	1135.328000
10448.570341	1140.196000
10468.371959	1140.987000
10548.402043	1144.203000
10596.381464	1146.099000
10697.705304	1150.121000
10717.553249	1150.883000
10821.507282	1154.994000
10867.111570	1156.713000
10949.412118	1159.910000
10989.100695	1161.390000
11085.179908	1165.080000
11130.624932	1166.760000
11230.844668	1170.514000
11268.380488	1171.876000
11355.127922	1175.044000
11418.678468	1177.282000
11508.116421	1180.449000
11557.781271	1182.155000
11659.714729	1185.630000
11713.122180	1187.380000
11808.252958	1190.531000
11873.218848	1192.585000
11958.012774	1195.323000
12034.426571	1197.710000
12138.689334	1201.028000
12181.978540	1202.316000
12272.367107	1205.125000
12370.346675	1207.958000
12464.741856	1210.760000
12531.734597	1212.632000
12630.310759	1215.552000
12709.960097	1217.659000
12811.221966	1220.505000
12904.092455	1222.871000
13012.544960	1225.816000
13086.746225	1227.639000
13188.041703	1230.354000
13305.435390	1233.027000
13411.744694	1235.803000
13496.416093	1237.621000
13616.286984	1240.620000
13715.238131	1242.763000
13846.508469	1245.774000
13961.309511	1248.101000
14088.074200	1250.722000
14194.696246	1252.695000
14353.962411	1255.758000
14482.179615	1257.798000
14660.171804	1260.984000
14800.475457	1262.899000
14981.720153	1265.747000
15135.289186	1267.807000
15365.358105	1270.974000
15550.739800	1272.766000
15836.369093	1275.947000
16187.902878	1277.827000
16644.723865	1281.031000
17369.592122	1275.947000
17964.394766	1272.766000
18125.302560	1270.974000
18452.927463	1267.807000
18602.577597	1265.747000
18814.890513	1262.899000
18936.759752	1260.984000
19170.184001	1257.798000
19284.152634	1255.758000
19476.666996	1252.695000
19579.256661	1250.722000
19720.896997	1248.101000
19833.442372	1245.774000
19981.988113	1242.763000
20075.416322	1240.620000
20213.892517	1237.621000
20286.558500	1235.803000
20415.847721	1233.027000
20518.212552	1230.354000
20637.450808	1227.639000
20705.466151	1225.816000
20825.335996	1222.871000
20912.466260	1220.505000
21024.177760	1217.659000
21099.145700	1215.552000
21209.528266	1212.632000
21272.725039	1210.760000
21372.999430	1207.958000
21468.438954	1205.125000
21565.588479	1202.316000
21607.034002	1201.028000
21718.550762	1197.710000
21793.558362	1195.323000
21881.208540	1192.585000
21944.819469	1190.531000
22044.482332	1187.380000
22097.315991	1185.630000
22203.367930	1182.155000
22253.410657	1180.449000
22345.607950	1177.282000
22408.810393	1175.044000
22498.769343	1171.876000
22536.064168	1170.514000
22639.521929	1166.760000
22684.372530	1165.080000
22784.189280	1161.390000
22822.725116	1159.910000
22908.457805	1156.713000
22952.710118	1154.994000
23061.773077	1150.883000
23081.041618	1150.121000
23185.803342	1146.099000
23233.568136	1144.203000
23314.950953	1140.987000
23334.634969	1140.196000
23456.498786	1135.328000
23480.893279	1134.322000
23569.615566	1130.659000
23596.594098	1129.518000
23695.961432	1125.319000
23709.876786	1124.719000
23821.130120	1119.935000
23842.197434	1119.011000
23928.215851	1115.229000
23944.689765	1114.501000
24052.368305	1109.708000
24063.914324	1109.196000
24169.290728	1104.507000
24181.061412	1103.978000
24277.214306	1099.661000
24286.728404	1099.230000
24394.673241	1094.324000
24406.320235	1093.785000
24513.099818	1088.878000
24516.400474	1088.725000
24606.470994	1084.508000
24618.405729	1083.945000
24728.631573	1078.790000
24733.251107	1078.574000
24833.885274	1073.837000
24843.904431	1073.364000
24941.051772	1068.775000
24947.510776	1068.466000
25046.535358	1063.709000
25048.068579	1063.635000
25159.436674	1058.251000
25161.809687	1058.135000
25255.152364	1053.565000
25260.077106	1053.322000
25353.456106	1048.705000
25367.655201	1047.998000
25459.063197	1043.457000
25468.521713	1042.983000
25559.967608	1038.358000
25566.986783	1037.998000
25659.454160	1033.317000
25661.259071	1033.223000
25753.317455	1028.514000
25762.520265	1028.037000
25819.641034	1025.063000
25858.830961	1023.017000
25875.872650	1022.122000
25933.838670	1019.081000
25949.468718	1018.260000
25983.107356	1016.486000
26036.075395	1013.694000
26053.150098	1012.790000
26085.459051	1011.069000
26137.317110	1008.312000
26139.684790	1008.185000
26175.576330	1006.265000
26213.271374	1004.241000
26237.177898	1002.951000
26237.677061	1002.924000
26238.898633	1002.858000
26240.971506	1002.746000
26242.433171	1002.667000
26242.818210	1002.646000
26245.814666	1002.484000
26246.461690	1002.449000
26246.942276	1002.423000
26247.663134	1002.384000
26248.457536	1002.341000
26250.286923	1002.242000
26251.099616	1002.198000
26251.302771	1002.187000
26264.273737	1001.484000
26276.014504	1000.847000
26324.636521	998.206000
26331.043812	997.855000
26381.816047	995.084000
26423.464594	992.804000
26454.785120	991.076000
26511.989135	987.924000
26532.972203	986.758000
26604.755777	982.771000
26615.094444	982.195000
26688.389395	978.083000
26707.869896	977.004000
26788.599656	972.451000
26794.383777	972.128000
26869.070048	967.924000
26877.782440	967.435000
26956.876599	962.959000
26974.935349	961.932000
27053.992737	957.434000
27054.844146	957.385000
27133.067780	952.884000
27145.628695	952.164000
27223.380470	947.704000
27234.165689	947.085000
27310.766542	942.662000
27318.823422	942.196000
27399.691031	937.516000
27401.567830	937.407000
27483.949492	932.622000
27492.984599	932.097000
27569.873301	927.604000
27576.551926	927.215000
27658.081961	922.408000
27661.120224	922.229000
27742.103975	917.470000
27744.583105	917.323000
27828.445562	912.361000
27831.064919	912.205000
27913.041350	907.335000
27916.549366	907.125000
27996.302041	902.359000
27999.140330	902.187000
28078.542130	897.393000
28082.199057	897.169000
28165.010705	892.142000
28166.737116	892.037000
28243.626497	887.323000
28254.096970	886.678000
28321.934038	882.547000
28328.376440	882.148000
28412.167284	877.046000
28417.451870	876.717000
28493.815824	872.022000
28502.605282	871.471000
28567.850716	867.425000
28583.305014	866.446000
28655.270498	861.959000
28662.286250	861.510000
28736.418028	856.878000
28755.433957	855.657000
28812.015409	852.137000
28825.503335	851.273000
28893.418950	847.005000
28913.753558	845.705000
28980.918863	841.453000
28996.895890	840.422000
29045.130654	837.345000
29070.342587	835.709000
29134.502375	831.612000
29155.213646	830.260000
29214.070334	826.486000
29239.954832	824.789000
29280.835175	822.142000
29305.443859	820.512000
29367.908255	816.435000
29399.897639	814.309000
29441.763396	811.571000
29467.040999	809.887000
29516.292664	806.688000
29550.934423	804.383000
29592.353121	801.682000
29624.580173	799.545000
29674.270274	796.300000
29709.692731	793.950000
29744.166480	791.687000
29782.002562	789.177000
29820.088014	786.666000
29861.046109	783.938000
29900.370888	781.338000
29941.338302	778.612000
29970.893855	776.646000
30016.661145	773.590000
30047.516438	771.533000
30091.409312	768.581000
30119.730393	766.695000
30173.378812	763.056000
30197.699501	761.437000
30244.336182	758.249000
30269.425727	756.568000
30323.365461	752.874000
30339.655275	751.774000
30396.660323	747.857000
30419.093958	746.330000
30471.673746	742.696000
30483.512183	741.883000
30550.309745	737.234000
30560.823424	736.508000
30616.925963	732.597000
30632.380006	731.529000
30697.501018	726.956000
30698.900905	726.860000
30767.318305	722.031000
30775.502866	721.468000
30842.935870	716.712000
30843.779200	716.654000
30912.931103	711.800000
30915.506466	711.622000
30988.384377	706.510000
30992.788884	706.200000
31058.228310	701.679000
31060.216290	701.538000
31133.247294	696.486000
31140.657908	695.965000
31208.063542	691.321000
31213.365185	690.946000
31276.247600	686.579000
31288.368096	685.713000
31349.334093	681.456000
31359.510414	680.725000
31423.752750	676.219000
31437.066998	675.264000
31493.774311	671.262000
31507.839424	670.252000
31562.506894	666.365000
31579.210144	665.158000
31635.146091	661.171000
31651.862137	659.955000
31708.293698	655.922000
31727.936197	654.497000
31772.416178	651.291000
31793.833734	649.733000
31847.285792	645.863000
31861.722947	644.808000
31920.037246	640.576000
31935.573784	639.443000
31985.314558	635.831000
31995.878860	635.066000
32059.425861	630.487000
32069.498671	629.762000
32131.975747	625.251000
32139.462001	624.711000
32201.953997	620.156000
32202.383503	620.125000
32273.527368	615.047000
32275.035129	614.938000
32344.252896	609.946000
32347.044790	609.742000
32408.361786	605.275000
32420.734325	604.365000
32477.361067	600.215000
32484.692824	599.676000
32548.647252	594.976000
32562.312753	593.970000
32611.888929	590.322000
32628.017863	589.133000
32679.092411	585.387000
32697.818191	584.004000
32751.673239	580.041000
32773.676747	578.414000
32811.984070	575.583000
32837.364447	573.708000
32881.481821	570.435000
32915.533424	567.944000
32952.031216	565.259000
32977.570979	563.398000
33016.746728	560.510000
33061.512195	557.222000
33087.352870	555.319000
33122.635088	552.740000
33154.362357	550.396000
33198.668477	547.207000
33225.477535	545.240000
33272.709783	541.860000
33294.353588	540.271000
33344.776526	536.643000
33360.676919	535.482000
33414.334650	531.621000
33434.612356	530.132000
33489.074789	526.200000
33499.801399	525.407000
33557.383293	521.262000
33570.156321	520.310000
33630.660619	515.951000
33643.334971	515.009000
33700.363796	510.905000
33704.104230	510.628000
33770.159068	505.892000
33782.219367	504.993000
33840.244803	500.816000
33847.645747	500.264000
33908.101084	495.899000
33912.898515	495.543000
33978.270732	490.828000
33989.198984	490.016000
34046.183539	485.881000
34056.766485	485.093000
34113.239770	481.018000
34118.392350	480.636000
34185.552049	475.799000
34197.953076	474.886000
34251.578226	471.035000
34261.952958	470.271000
34323.076604	465.863000
34329.572491	465.384000
34390.908404	460.935000
34400.646536	460.219000
34461.229726	455.775000
34470.107663	455.120000
34526.785206	450.952000
34533.329908	450.473000
34596.491842	445.844000
34607.379683	445.054000
34666.026894	440.736000
34671.984488	440.307000
34736.073746	435.603000
34738.411598	435.436000
34801.203518	430.860000
34810.389586	430.208000
34874.870709	425.527000
34879.278251	425.214000
34942.836920	420.606000
34944.814841	420.465000
35014.555582	415.453000
35018.581621	415.167000
35084.490236	410.461000
35085.399622	410.396000
35156.792938	405.327000
35159.607840	405.127000
35224.938136	400.448000
35225.092355	400.437000
35297.110213	395.342000
35303.207713	394.906000
35368.765867	390.217000
35370.732474	390.076000
35433.050354	385.599000
35442.024433	384.951000
35509.588046	380.081000
35511.151655	379.967000
35575.688599	375.273000
35582.430226	374.776000
35644.522543	370.228000
35653.505009	369.562000
35713.811585	365.127000
35721.165864	364.580000
35781.779836	360.144000
35790.337689	359.503000
35852.073001	355.093000
35862.362520	354.326000
35924.480028	349.919000
35934.067540	349.213000
35995.213726	344.932000
36006.902272	344.079000
36067.366808	339.886000
36080.218395	338.969000
36145.605245	334.400000
36155.701077	333.681000
36211.139978	329.779000
36226.829322	328.662000
36288.184554	324.327000
36301.649496	323.373000
36360.669710	319.214000
36374.203390	318.264000
36434.170627	314.026000
36449.412336	312.979000
36505.442074	309.113000
36522.338147	307.959000
36581.428262	303.864000
36602.089764	302.446000
36656.586430	298.680000
36669.147629	297.810000
36726.388891	293.920000
36753.430120	292.052000
36800.419910	288.916000
36825.792957	287.172000
36879.317039	283.681000
36903.411245	282.056000
36952.202730	278.949000
36985.346348	276.755000
37029.134352	274.037000
37067.342054	271.601000
37114.585861	268.793000
37149.207224	266.612000
37194.354074	263.996000
37238.443156	261.292000
37277.431562	259.101000
37325.300082	256.228000
37368.717283	253.907000
37421.045263	250.909000
37455.868661	249.006000
37513.271388	245.758000
37541.403783	244.176000
37605.626710	240.610000
37642.243097	238.619000
37701.237779	235.224000
37724.702835	233.968000
37793.894691	230.037000
37815.348947	228.921000
37887.172186	224.914000
37907.576534	223.869000
37987.561851	219.529000
38004.300160	218.704000
38093.269914	214.047000
38096.405427	213.900000
38190.382843	209.540000
38209.377490	208.688000
38319.305554	203.901000
38330.128443	203.459000
38448.326030	198.715000
38451.004801	198.617000
38569.986162	193.926000
38580.365547	193.538000
38765.842381	188.688000
38781.890047	188.067000
39031.769578	183.845000
39062.144382	182.696000
39210.381085	178.643000
39224.815968	178.171000
39586.275908	173.987000
39783.575361	172.252000
40456.667848	178.171000
40497.444400	178.643000
40621.394778	182.696000
40663.418951	183.845000
40775.031152	188.067000
40811.785105	188.688000
40937.117115	193.538000
40951.955262	193.926000
41077.444167	198.617000
41079.929815	198.715000
41209.604195	203.459000
41220.616702	203.901000
41337.832011	208.688000
41357.397232	209.540000
41454.599882	213.900000
41457.768387	214.047000
41557.102304	218.704000
41572.863534	219.529000
41660.917183	223.869000
41680.176320	224.914000
41758.415770	228.921000
41778.419448	230.037000
41853.989949	233.968000
41876.097548	235.224000
41939.524194	238.619000
41974.121664	240.610000
42039.703802	244.176000
42068.195296	245.758000
42125.953842	249.006000
42159.586043	250.909000
42214.447076	253.907000
42254.958498	256.228000
42308.701547	259.101000
42345.206917	261.292000
42393.324056	263.996000
42435.978285	266.612000
42473.617918	268.793000
42518.192328	271.601000
42559.177340	274.037000
42601.808102	276.755000
42637.154268	278.949000
42684.090104	282.056000
42709.608662	283.681000
42761.370430	287.172000
42788.109473	288.916000
42833.734402	292.052000
42861.724493	293.920000
42918.036260	297.810000
42930.838290	298.680000
42985.212404	302.446000
43005.731860	303.864000
43065.399596	307.959000
43082.051609	309.113000
43138.654920	312.979000
43153.829037	314.026000
43215.523748	318.264000
43228.966145	319.214000
43288.215173	323.373000
43301.753351	324.327000
43362.938388	328.662000
43378.747799	329.779000
43433.555158	333.681000
43443.770578	334.400000
43507.926152	338.969000
43521.049317	339.886000
43579.813444	344.079000
43592.114004	344.932000
43650.775982	349.213000
43660.859889	349.919000
43720.707147	354.326000
43731.518159	355.093000
43790.679542	359.503000
43799.652860	360.144000
43858.876939	364.580000
43866.351205	365.127000
43925.978673	369.562000
43935.034858	370.228000
43996.374581	374.776000
44003.159955	375.273000
44066.832385	379.967000
44068.399750	380.081000
44135.196058	384.951000
44144.186041	385.599000
44206.187514	390.076000
44208.150172	390.217000
44273.550315	394.906000
44279.646147	395.342000
44350.900191	400.437000
44351.055676	400.448000
44416.654981	405.127000
44419.447470	405.327000
44490.791172	410.396000
44491.706651	410.461000
44557.546254	415.167000
44561.551750	415.453000
44632.105971	420.465000
44634.067951	420.606000
44698.708077	425.214000
44703.025322	425.527000
44768.941314	430.208000
44777.922662	430.860000
44842.394204	435.436000
44844.685780	435.603000
44910.537606	440.307000
44916.382481	440.736000
44976.347266	445.054000
44987.077070	445.844000
45050.874305	450.473000
45057.410180	450.952000
45114.358653	455.120000
45123.265513	455.775000
45183.499942	460.219000
45193.260870	460.935000
45253.770571	465.384000
45260.374280	465.863000
45320.152716	470.271000
45330.746742	471.035000
45383.041366	474.886000
45395.754886	475.799000
45461.454518	480.636000
45466.758427	481.018000
45521.723773	485.093000
45532.644251	485.881000
45588.177859	490.016000
45599.368055	490.828000
45662.824591	495.543000
45667.760436	495.899000
45726.582871	500.264000
45734.228082	500.816000
45790.231233	504.993000
45802.719829	505.892000
45866.254397	510.628000
45870.117824	510.905000
45925.535658	515.009000
45938.625608	515.951000
45997.274759	520.310000
46010.488820	521.262000
46066.102478	525.407000
46077.118749	526.200000
46130.305417	530.132000
46150.929670	531.621000
46203.510074	535.482000
46219.644916	536.643000
46269.331935	540.271000
46291.416292	541.860000
46337.455349	545.240000
46364.942281	547.207000
46408.406484	550.396000
46440.972663	552.740000
46475.880780	555.319000
46501.914926	557.222000
46546.562397	560.510000
46585.881944	563.398000
46611.126428	565.259000
46647.974500	567.944000
46681.835209	570.435000
46726.576636	573.708000
46751.850108	575.583000
46790.171094	578.414000
46812.186641	580.041000
46865.782157	584.004000
46884.576386	585.387000
46935.297117	589.133000
46951.508446	590.322000
47000.994023	593.970000
47014.665524	594.976000
47078.510309	599.676000
47085.844657	600.215000
47142.295107	604.365000
47154.712055	605.275000
47215.446269	609.742000
47218.246508	609.946000
47286.565782	614.938000
47288.077147	615.047000
47358.319466	620.125000
47358.753782	620.156000
47421.863395	624.711000
47429.271887	625.251000
47491.809829	629.762000
47501.851035	630.487000
47565.469513	635.066000
47576.086123	635.831000
47625.966199	639.443000
47641.568718	640.576000
47699.601048	644.808000
47714.138285	645.863000
47767.097328	649.733000
47788.616270	651.291000
47832.688597	654.497000
47852.459019	655.922000
47908.050737	659.955000
47925.065560	661.171000
47979.873843	665.158000
47996.807550	666.365000
48050.598378	670.252000
48064.803201	671.262000
48120.534473	675.264000
48134.066578	676.219000
48196.887522	680.725000
48207.309436	681.456000
48266.571543	685.713000
48278.973834	686.579000
48340.094163	690.946000
48345.493958	691.321000
48411.149508	695.965000
48418.711596	696.486000
48490.570375	701.538000
48492.608651	701.679000
48556.350895	706.200000
48560.838005	706.510000
48633.469738	711.622000
48636.007350	711.800000
48706.236645	716.654000
48707.062935	716.712000
48776.216052	721.468000
48784.198554	722.031000
48854.399693	726.860000
48855.759823	726.956000
48922.444055	731.529000
48937.652724	732.597000
48994.245200	736.508000
49004.659530	737.234000
49071.984726	741.883000
49083.666037	742.696000
49136.582252	746.330000
49158.676181	747.857000
49216.222053	751.774000
49232.230619	752.874000
49286.934776	756.568000
49311.480713	758.249000
49359.062789	761.437000
49382.746850	763.056000
49437.412068	766.695000
49465.216662	768.581000
49509.545310	771.533000
49540.130555	773.590000
49585.970990	776.646000
49615.414214	778.612000
49656.395108	781.338000
49695.468943	783.938000
49736.729712	786.666000
49774.429777	789.177000
49812.500062	791.687000
49846.612831	793.950000
49882.411908	796.300000
49931.325045	799.545000
49964.048542	801.682000
50004.781002	804.383000
50040.127207	806.688000
50088.204858	809.887000
50114.131649	811.571000
50155.230269	814.309000
50187.738158	816.435000
50249.083745	820.512000
50274.057247	822.142000
50314.019938	824.789000
50340.228454	826.486000
50397.793626	830.260000
50418.878481	831.612000
50481.640370	835.709000
50507.260437	837.345000
50554.679214	840.422000
50570.841073	841.453000
50636.732749	845.705000
50657.267767	847.005000
50724.027849	851.273000
50737.776464	852.137000
50792.727273	855.657000
50812.353964	856.878000
50884.493019	861.510000
50891.678936	861.959000
50961.789584	866.446000
50977.491435	867.425000
51041.360781	871.471000
51050.246158	872.022000
51125.140002	876.717000
51130.491171	877.046000
51212.442414	882.148000
51218.995245	882.547000
51285.695904	886.678000
51296.287748	887.323000
51372.811484	892.037000
51374.524124	892.142000
51457.178107	897.169000
51460.868143	897.393000
51539.132916	902.187000
51541.981708	902.359000
51620.628736	907.125000
51624.142807	907.335000
51705.495379	912.205000
51708.121318	912.361000
51791.436994	917.323000
51793.921432	917.470000
51874.181155	922.229000
51877.227192	922.408000
51958.818971	927.215000
51965.416679	927.604000
52042.555658	932.097000
52051.539982	932.622000
52133.888526	937.407000
52135.765140	937.516000
52216.346955	942.196000
52224.399157	942.662000
52300.870358	947.085000
52311.590668	947.704000
52389.300000	952.164000
52401.851856	952.884000
52480.375016	957.385000
52481.226596	957.434000
52559.382451	961.932000
52577.433127	962.959000
52656.139031	967.435000
52664.780015	967.924000
52739.681647	972.128000
52745.419912	972.451000
52826.952736	977.004000
52846.084608	978.083000
52920.323550	982.195000
52930.590547	982.771000
53002.153508	986.758000
53023.146647	987.924000
53079.869316	991.076000
53111.229893	992.804000
53152.555586	995.084000
53203.173185	997.855000
53209.604457	998.206000
53257.814301	1000.847000
53269.541762	1001.484000
53282.498999	1002.187000
53282.701958	1002.198000
53283.514577	1002.242000
53285.343138	1002.341000
53286.137720	1002.384000
53286.858224	1002.423000
53287.338797	1002.449000
53287.985739	1002.484000
53290.980535	1002.646000
53291.368965	1002.667000
53292.817445	1002.746000
53294.889679	1002.858000
53296.111194	1002.924000
53296.610928	1002.951000
53320.459823	1004.241000
53357.968973	1006.265000
53393.727117	1008.185000
53396.101193	1008.312000
53447.500377	1011.069000
53479.871693	1012.790000
53496.842810	1013.694000
53549.577957	1016.486000
53583.233151	1018.260000
53598.800976	1019.081000
53656.694978	1022.122000
53673.755020	1023.017000
53712.712891	1025.063000
53769.678113	1028.037000
53778.839716	1028.514000
53869.690936	1033.223000
53871.528585	1033.317000
53961.409316	1037.998000
53968.520672	1038.358000
54058.697570	1042.983000
54068.069539	1043.457000
54158.683727	1047.998000
54172.915273	1048.705000
54265.641190	1053.322000
54270.555874	1053.565000
54363.173461	1058.135000
54365.542772	1058.251000
54475.683294	1063.635000
54477.213985	1063.709000
54575.775207	1068.466000
54582.207538	1068.775000
54678.131052	1073.364000
54688.144278	1073.837000
54788.484123	1078.574000
54793.072888	1078.790000
54903.321507	1083.945000
54915.359751	1084.508000
55004.753673	1088.725000
55008.021586	1088.878000
55113.879881	1093.785000
55125.608880	1094.324000
55231.620289	1099.230000
55241.103417	1099.661000
55336.398916	1103.978000
55348.181377	1104.507000
55452.515474	1109.196000
55464.021705	1109.708000
55572.107775	1114.501000
55588.462871	1115.229000
55674.045759	1119.011000
55695.061364	1119.935000
55804.137153	1124.719000
55818.090330	1125.319000
55915.474612	1129.518000
55942.475834	1130.659000
56029.086143	1134.322000
56053.452679	1135.328000
56171.496807	1140.196000
56191.298425	1140.987000
56271.328508	1144.203000
56319.307930	1146.099000
56420.631770	1150.121000
56440.479715	1150.883000
56544.433748	1154.994000
56590.038036	1156.713000
56672.338584	1159.910000
56712.027161	1161.390000
56808.106374	1165.080000
56853.551398	1166.760000
56953.771133	1170.514000
56991.306954	1171.876000
57078.054388	1175.044000
57141.604934	1177.282000
57231.042887	1180.449000
57280.707737	1182.155000
57382.641195	1185.630000
57436.048646	1187.380000
57531.179424	1190.531000
57596.145314	1192.585000
57680.939240	1195.323000
57757.353037	1197.710000
57861.615800	1201.028000
57904.905006	1202.316000
57995.293573	1205.125000
58093.273141	1207.958000
58187.668322	1210.760000
58254.661062	1212.632000
58353.237225	1215.552000
58432.886563	1217.659000
58534.148432	1220.505000
58627.018920	1222.871000
58735.471426	1225.816000
58809.672691	1227.639000
58910.968169	1230.354000
59028.361855	1233.027000
59134.671160	1235.803000
59219.342559	1237.621000
59339.213450	1240.620000
59438.164597	1242.763000
59569.434935	1245.774000
59684.235977	1248.101000
59811.000666	1250.722000
59917.622712	1252.695000
60076.888877	1255.758000
60205.106081	1257.798000
60383.098270	1260.984000
60523.401923	1262.899000
60704.646619	1265.747000
60858.215652	1267.807000
61088.284571	1270.974000
61273.666266	1272.766000
61559.295559	1275.947000
61910.829344	1277.827000
62367.650331	1281.031000
63092.518588	1275.947000
63687.321232	1272.766000
63848.229026	1270.974000
64175.853929	1267.807000
64325.504063	1265.747000
64537.816979	1262.899000
64659.686218	1260.984000
64893.110467	1257.798000
65007.079100	1255.758000
65199.593462	1252.695000
65302.183127	1250.722000
65443.823462	1248.101000
65556.368838	1245.774000
65704.914579	1242.763000
65798.342787	1240.620000
65936.818983	1237.621000
66009.484965	1235.803000
66138.774187	1233.027000
66241.139018	1230.354000
66360.377274	1227.639000
66428.392617	1225.816000
66548.262461	1222.871000
66635.392725	1220.505000
66747.104226	1217.659000
66822.072166	1215.552000
66932.454732	1212.632000
66995.651505	1210.760000
67095.925896	1207.958000
67191.365420	1205.125000
67288.514945	1202.316000
67329.960468	1201.028000
67441.477228	1197.710000
67516.484828	1195.323000
67604.135006	1192.585000
67667.745935	1190.531000
67767.408797	1187.380000
67820.242457	1185.630000
67926.294395	1182.155000
67976.337123	1180.449000
68068.534415	1177.282000
68131.736859	1175.044000
68221.695809	1171.876000
68258.990633	1170.514000
68362.448395	1166.760000
68407.298996	1165.080000
68507.115746	1161.390000
68545.651582	1159.910000
68631.384271	1156.713000
68675.636584	1154.994000
68784.699543	1150.883000
68803.968084	1150.121000
68908.729808	1146.099000
68956.494602	1144.203000
69037.877418	1140.987000
69057.561435	1140.196000
69179.425252	1135.328000
69203.819745	1134.322000
69292.542032	1130.659000
69319.520564	1129.518000
69418.887898	1125.319000
69432.803252	1124.719000
69544.056586	1119.935000
69565.123900	1119.011000
69651.142317	1115.229000
69667.616231	1114.501000
69775.294771	1109.708000
69786.840790	1109.196000
69892.217194	1104.507000
69903.987878	1103.978000
70000.140772	1099.661000
70009.654869	1099.230000
70117.599707	1094.324000
70129.246701	1093.785000
70236.026284	1088.878000
70239.326940	1088.725000
70329.397459	1084.508000
70341.332195	1083.945000
70451.558039	1078.790000
70456.177573	1078.574000
70556.811740	1073.837000
70566.830897	1073.364000
70663.978238	1068.775000
70670.437242	1068.466000
70769.461824	1063.709000
70770.995044	1063.635000
70882.363140	1058.251000
70884.736152	1058.135000
70978.078829	1053.565000
70983.003572	1053.322000
71076.382571	1048.705000
71090.581667	1047.998000
71181.989662	1043.457000
71191.448179	1042.983000
71282.894074	1038.358000
71289.913249	1037.998000
71382.380626	1033.317000
71384.185537	1033.223000
71476.243921	1028.514000
71485.446731	1028.037000
71542.567500	1025.063000
71581.757427	1023.017000
71598.799115	1022.122000
71656.765136	1019.081000
71672.395184	1018.260000
71706.033822	1016.486000
71759.001860	1013.694000
71776.076564	1012.790000
71808.385517	1011.069000
71860.243575	1008.312000
71862.611256	1008.185000
71898.502796	1006.265000
71936.197840	1004.241000
71960.104364	1002.951000
71960.603526	1002.924000
71961.825099	1002.858000
71963.897972	1002.746000
71965.359637	1002.667000
71965.744676	1002.646000
71968.741132	1002.484000
71969.388156	1002.449000
71969.868741	1002.423000
71970.589600	1002.384000
71971.384002	1002.341000
71973.213388	1002.242000
71974.026082	1002.198000
71974.229237	1002.187000
71987.200202	1001.484000
71998.940970	1000.847000
72047.562987	998.206000
72053.970278	997.855000
72104.742513	995.084000
72146.391060	992.804000
72177.711586	991.076000
72234.915601	987.924000
72255.898669	986.758000
72327.682243	982.771000
72338.020910	982.195000
72411.315861	978.083000
72430.796362	977.004000
72511.526122	972.451000
72517.310243	972.128000
72591.996514	967.924000
72600.708906	967.435000
72679.803065	962.959000
72697.861815	961.932000
72776.919203	957.434000
72777.770611	957.385000
72855.994246	952.884000
72868.555161	952.164000
72946.306936	947.704000
72957.092155	947.085000
73033.693008	942.662000
73041.749888	942.196000
73122.617497	937.516000
73124.494295	937.407000
73206.875958	932.622000
73215.911065	932.097000
73292.799767	927.604000
73299.478392	927.215000
73381.008427	922.408000
73384.046690	922.229000
73465.030440	917.470000
73467.509570	917.323000
73551.372028	912.361000
73553.991384	912.205000
73635.967816	907.335000
73639.475832	907.125000
73719.228506	902.359000
73722.066796	902.187000
73801.468596	897.393000
73805.125523	897.169000
73887.937171	892.142000
73889.663582	892.037000
73966.552963	887.323000
73977.023436	886.678000
74044.860504	882.547000
74051.302906	882.148000
74135.093750	877.046000
74140.378336	876.717000
74216.742290	872.022000
74225.531748	871.471000
74290.777181	867.425000
74306.231479	866.446000
74378.196963	861.959000
74385.212716	861.510000
74459.344494	856.878000
74478.360423	855.657000
74534.941875	852.137000
74548.429801	851.273000
74616.345416	847.005000
74636.680024	845.705000
74703.845329	841.453000
74719.822355	840.422000
74768.057120	837.345000
74793.269053	835.709000
74857.428841	831.612000
74878.140111	830.260000
74936.996799	826.486000
74962.881298	824.789000
75003.761641	822.142000
75028.370325	820.512000
75090.834721	816.435000
75122.824105	814.309000
75164.689862	811.571000
75189.967465	809.887000
75239.219130	806.688000
75273.860889	804.383000
75315.279587	801.682000
75347.506639	799.545000
75397.196740	796.300000
75432.619197	793.950000
75467.092946	791.687000
75504.929027	789.177000
75543.014479	786.666000
75583.972575	783.938000
75623.297354	781.338000
75664.264768	778.612000
75693.820321	776.646000
75739.587611	773.590000
75770.442904	771.533000
75814.335778	768.581000
75842.656859	766.695000
75896.305278	763.056000
75920.625967	761.437000
75967.262647	758.249000
75992.352192	756.568000
76046.291927	752.874000
76062.581741	751.774000
76119.586789	747.857000
76142.020424	746.330000
76194.600211	742.696000
76206.438649	741.883000
76273.236211	737.234000
76283.749889	736.508000
76339.852429	732.597000
76355.306472	731.529000
76420.427484	726.956000
76421.827371	726.860000
76490.244771	722.031000
76498.429331	721.468000
76565.862335	716.712000
76566.705666	716.654000
76635.857569	711.800000
76638.432932	711.622000
76711.310843	706.510000
76715.715350	706.200000
76781.154776	701.679000
76783.142755	701.538000
76856.173760	696.486000
76863.584374	695.965000
76930.990007	691.321000
76936.291651	690.946000
76999.174066	686.579000
77011.294562	685.713000
77072.260558	681.456000
77082.436880	680.725000
77146.679215	676.219000
77159.993463	675.264000
77216.700776	671.262000
77230.765890	670.252000
77285.433360	666.365000
77302.136609	665.158000
77358.072557	661.171000
77374.788602	659.955000
77431.220164	655.922000
77450.862663	654.497000
77495.342644	651.291000
77516.760200	649.733000
77570.212257	645.863000
77584.649413	644.808000
77642.963711	640.576000
77658.500250	639.443000
77708.241024	635.831000
77718.805326	635.066000
77782.352327	630.487000
77792.425137	629.762000
77854.902213	625.251000
77862.388467	624.711000
77924.880463	620.156000
77925.309969	620.125000
77996.453834	615.047000
77997.961595	614.938000
78067.179362	609.946000
78069.971256	609.742000
78131.288251	605.275000
78143.660791	604.365000
78200.287533	600.215000
78207.619290	599.676000
78271.573718	594.976000
78285.239219	593.970000
78334.815395	590.322000
78350.944329	589.133000
78402.018877	585.387000
78420.744657	584.004000
78474.599705	580.041000
78496.603213	578.414000
78534.910536	575.583000
78560.290913	573.708000
78604.408287	570.435000
78638.459889	567.944000
78674.957682	565.259000
78700.497445	563.398000
78739.673194	560.510000
78784.438661	557.222000
78810.279336	555.319000
78845.561554	552.740000
78877.288823	550.396000
78921.594942	547.207000
78948.404001	545.240000
78995.636249	541.860000
79017.280053	540.271000
79067.702991	536.643000
79083.603385	535.482000
79137.261116	531.621000
79157.538822	530.132000
79212.001255	526.200000
79222.727864	525.407000
79280.309759	521.262000
79293.082787	520.310000
79353.587085	515.951000
79366.261437	515.009000
79423.290262	510.905000
79427.030696	510.628000
79493.085534	505.892000
79505.145833	504.993000
79563.171269	500.816000
79570.572212	500.264000
79631.027550	495.899000
79635.824981	495.543000
79701.197198	490.828000
79712.125449	490.016000
79769.110005	485.881000
79779.692951	485.093000
79836.166236	481.018000
79841.318815	480.636000
79908.478515	475.799000
79920.879542	474.886000
79974.504692	471.035000
79984.879424	470.271000
80046.003069	465.863000
80052.498957	465.384000
80113.834870	460.935000
80123.573002	460.219000
80184.156192	455.775000
80193.034128	455.120000
80249.711672	450.952000
80256.256374	450.473000
80319.418308	445.844000
80330.306149	445.054000
80388.953360	440.736000
80394.910954	440.307000
80459.000212	435.603000
80461.338064	435.436000
80524.129984	430.860000
80533.316051	430.208000
80597.797175	425.527000
80602.204717	425.214000
80665.763386	420.606000
80667.741307	420.465000
80737.482048	415.453000
80741.508087	415.167000
80807.416702	410.461000
80808.326088	410.396000
80879.719404	405.327000
80882.534306	405.127000
80947.864602	400.448000
80948.018821	400.437000
81020.036679	395.342000
81026.134179	394.906000
81091.692333	390.217000
81093.658940	390.076000
81155.976819	385.599000
81164.950899	384.951000
81232.514511	380.081000
81234.078121	379.967000
81298.615065	375.273000
81305.356692	374.776000
81367.449008	370.228000
81376.431475	369.562000
81436.738051	365.127000
81444.092329	364.580000
81504.706302	360.144000
81513.264155	359.503000
81574.999467	355.093000
81585.288986	354.326000
81647.406494	349.919000
81656.994006	349.213000
81718.140192	344.932000
81729.828738	344.079000
81790.293274	339.886000
81803.144861	338.969000
81868.531711	334.400000
81878.627543	333.681000
81934.066444	329.779000
81949.755788	328.662000
82011.111020	324.327000
82024.575962	323.373000
82083.596176	319.214000
82097.129856	318.264000
82157.097093	314.026000
82172.338802	312.979000
82228.368540	309.113000
82245.264613	307.959000
82304.354728	303.864000
82325.016230	302.446000
82379.512895	298.680000
82392.074095	297.810000
82449.315357	293.920000
82476.356586	292.052000
82523.346375	288.916000
82548.719422	287.172000
82602.243505	283.681000
82626.337711	282.056000
82675.129195	278.949000
82708.272814	276.755000
82752.060818	274.037000
82790.268520	271.601000
82837.512327	268.793000
82872.133690	266.612000
82917.280540	263.996000
82961.369621	261.292000
83000.358028	259.101000
83048.226548	256.228000
83091.643748	253.907000
83143.971729	250.909000
83178.795126	249.006000
83236.197854	245.758000
83264.330249	244.176000
83328.553176	240.610000
83365.169563	238.619000
83424.164244	235.224000
83447.629301	233.968000
83516.821157	230.037000
83538.275413	228.921000
83610.098651	224.914000
83630.503000	223.869000
83710.488317	219.529000
83727.226625	218.704000
83816.196379	214.047000
83819.331893	213.900000
83913.309309	209.540000
83932.303956	208.688000
84042.232020	203.901000
84053.054908	203.459000
84171.252496	198.715000
84173.931267	198.617000
84292.912628	193.926000
84303.292013	193.538000
84488.768847	188.688000
84504.816513	188.067000
84754.696044	183.845000
84785.070847	182.696000
84933.307551	178.643000
84947.742434	178.171000
85309.202374	173.987000
85506.501827	172.252000
86179.594314	178.171000
86220.370866	178.643000
86344.321244	182.696000
86386.345417	183.845000
86497.957618	188.067000
86534.711571	188.688000
86660.043581	193.538000
86674.881728	193.926000
86800.370633	198.617000
86802.856280	198.715000
86932.530660	203.459000
86943.543168	203.901000
87060.758477	208.688000
87080.323697	209.540000
87177.526348	213.900000
87180.694853	214.047000
87280.028770	218.704000
87295.790000	219.529000
87383.843649	223.869000
87403.102786	224.914000
87481.342236	228.921000
87501.345913	230.037000
87576.916415	233.968000
87599.024014	235.224000
87662.450660	238.619000
87697.048130	240.610000
87762.630267	244.176000
87791.121762	245.758000
87848.880308	249.006000
87882.512509	250.909000
87937.373542	253.907000
87977.884964	256.228000
88031.628013	259.101000
88068.133383	261.292000
88116.250522	263.996000
88158.904751	266.612000
88196.544384	268.793000
88241.118794	271.601000
88282.103806	274.037000
88324.734568	276.755000
88360.080734	278.949000
88407.016569	282.056000
88432.535128	283.681000
88484.296896	287.172000
88511.035939	288.916000
88556.660868	292.052000
88584.650959	293.920000
88640.962726	297.810000
88653.764756	298.680000
88708.138870	302.446000
88728.658326	303.864000
88788.326062	307.959000
88804.978075	309.113000
88861.581386	312.979000
88876.755502	314.026000
88938.450214	318.264000
88951.892610	319.214000
89011.141639	323.373000
89024.679817	324.327000
89085.864854	328.662000
89101.674264	329.779000
89156.481624	333.681000
89166.697044	334.400000
89230.852618	338.969000
89243.975783	339.886000
89302.739910	344.079000
89315.040470	344.932000
89373.702448	349.213000
89383.786355	349.919000
89443.633613	354.326000
89454.444624	355.093000
89513.606008	359.503000
89522.579326	360.144000
89581.803405	364.580000
89589.277671	365.127000
89648.905139	369.562000
89657.961323	370.228000
89719.301047	374.776000
89726.086421	375.273000
89789.758851	379.967000
89791.326216	380.081000
89858.122524	384.951000
89867.112507	385.599000
89929.113980	390.076000
89931.076638	390.217000
89996.476781	394.906000
90002.572612	395.342000
90073.826657	400.437000
90073.982142	400.448000
90139.581446	405.127000
90142.373936	405.327000
90213.717638	410.396000
90214.633117	410.461000
90280.472720	415.167000
90284.478216	415.453000
90355.032437	420.465000
90356.994417	420.606000
90421.634543	425.214000
90425.951788	425.527000
90491.867780	430.208000
90500.849128	430.860000
90565.320670	435.436000
90567.612246	435.603000
90633.464072	440.307000
90639.308947	440.736000
90699.273732	445.054000
90710.003536	445.844000
90773.800771	450.473000
90780.336646	450.952000
90837.285119	455.120000
90846.191978	455.775000
90906.426407	460.219000
90916.187335	460.935000
90976.697037	465.384000
90983.300746	465.863000
91043.079182	470.271000
91053.673208	471.035000
91105.967832	474.886000
91118.681351	475.799000
91184.380984	480.636000
91189.684893	481.018000
91244.650239	485.093000
91255.570717	485.881000
91311.104325	490.016000
91322.294520	490.828000
91385.751057	495.543000
91390.686902	495.899000
91449.509337	500.264000
91457.154548	500.816000
91513.157699	504.993000
91525.646295	505.892000
91589.180863	510.628000
91593.044290	510.905000
91648.462124	515.009000
91661.552073	515.951000
91720.201225	520.310000
91733.415286	521.262000
91789.028944	525.407000
91800.045214	526.200000
91853.231883	530.132000
91873.856136	531.621000
91926.436540	535.482000
91942.571382	536.643000
91992.258401	540.271000
92014.342758	541.860000
92060.381815	545.240000
92087.868747	547.207000
92131.332950	550.396000
92163.899129	552.740000
92198.807246	555.319000
92224.841392	557.222000
92269.488863	560.510000
92308.808410	563.398000
92334.052893	565.259000
92370.900966	567.944000
92404.761674	570.435000
92449.503101	573.708000
92474.776574	575.583000
92513.097560	578.414000
92535.113107	580.041000
92588.708623	584.004000
92607.502852	585.387000
92658.223583	589.133000
92674.434912	590.322000
92723.920489	593.970000
92737.591989	594.976000
92801.436775	599.676000
92808.771123	600.215000
92865.221572	604.365000
92877.638521	605.275000
92938.372735	609.742000
92941.172974	609.946000
93009.492248	614.938000
93011.003613	615.047000
93081.245931	620.125000
93081.680248	620.156000
93144.789861	624.711000
93152.198352	625.251000
93214.736295	629.762000
93224.777501	630.487000
93288.395979	635.066000
93299.012589	635.831000
93348.892665	639.443000
93364.495183	640.576000
93422.527514	644.808000
93437.064751	645.863000
93490.023794	649.733000
93511.542736	651.291000
93555.615063	654.497000
93575.385485	655.922000
93630.977203	659.955000
93647.992026	661.171000
93702.800309	665.158000
93719.734016	666.365000
93773.524844	670.252000
93787.729667	671.262000
93843.460939	675.264000
93856.993043	676.219000
93919.813987	680.725000
93930.235902	681.456000
93989.498009	685.713000
94001.900300	686.579000
94063.020629	690.946000
94068.420424	691.321000
94134.075974	695.965000
94141.638062	696.486000
94213.496841	701.538000
94215.535117	701.679000
94279.277361	706.200000
94283.764470	706.510000
94356.396204	711.622000
94358.933815	711.800000
94429.163111	716.654000
94429.989401	716.712000
94499.142517	721.468000
94507.125020	722.031000
94577.326159	726.860000
94578.686289	726.956000
94645.370521	731.529000
94660.579189	732.597000
94717.171666	736.508000
94727.585995	737.234000
94794.911192	741.883000
94806.592503	742.696000
94859.508718	746.330000
94881.602647	747.857000
94939.148519	751.774000
94955.157085	752.874000
95009.861242	756.568000
95034.407179	758.249000
95081.989255	761.437000
95105.673316	763.056000
95160.338534	766.695000
95188.143128	768.581000
95232.471776	771.533000
95263.057021	773.590000
95308.897456	776.646000
95338.340680	778.612000
95379.321574	781.338000
95418.395409	783.938000
95459.656178	786.666000
95497.356243	789.177000
95535.426527	791.687000
95569.539297	793.950000
95605.338374	796.300000
95654.251511	799.545000
95686.975007	801.682000
95727.707468	804.383000
95763.053672	806.688000
95811.131324	809.887000
95837.058115	811.571000
95878.156735	814.309000
95910.664624	816.435000
95972.010211	820.512000
95996.983712	822.142000
96036.946404	824.789000
96063.154919	826.486000
96120.720092	830.260000
96141.804947	831.612000
96204.566836	835.709000
96230.186903	837.345000
96277.605680	840.422000
96293.767539	841.453000
96359.659215	845.705000
96380.194233	847.005000
96446.954314	851.273000
96460.702930	852.137000
96515.653738	855.657000
96535.280430	856.878000
96607.419485	861.510000
96614.605402	861.959000
96684.716049	866.446000
96700.417901	867.425000
96764.287247	871.471000
96773.172624	872.022000
96848.066467	876.717000
96853.417637	877.046000
96935.368880	882.148000
96941.921711	882.547000
97008.622369	886.678000
97019.214214	887.323000
97095.737950	892.037000
97097.450590	892.142000
97180.104573	897.169000
97183.794609	897.393000
97262.059381	902.187000
97264.908174	902.359000
97343.555202	907.125000
97347.069273	907.335000
97428.421845	912.205000
97431.047784	912.361000
97514.363460	917.323000
97516.847898	917.470000
97597.107620	922.229000
97600.153658	922.408000
97681.745436	927.215000
97688.343145	927.604000
97765.482124	932.097000
97774.466448	932.622000
97856.814992	937.407000
97858.691606	937.516000
97939.273421	942.196000
97947.325623	942.662000
98023.796824	947.085000
98034.517133	947.704000
98112.226466	952.164000
98124.778322	952.884000
98203.301482	957.385000
98204.153061	957.434000
98282.308917	961.932000
98300.359592	962.959000
98379.065497	967.435000
98387.706481	967.924000
98462.608113	972.128000
98468.346378	972.451000
98549.879202	977.004000
98569.011074	978.083000
98643.250016	982.195000
98653.517013	982.771000
98725.079974	986.758000
98746.073113	987.924000
98802.795782	991.076000
98834.156359	992.804000
98875.482052	995.084000
98926.099651	997.855000
98932.530923	998.206000
98980.740767	1000.847000
98992.468228	1001.484000
99005.425465	1002.187000
99005.628424	1002.198000
99006.441043	1002.242000
99008.269604	1002.341000
99009.064186	1002.384000
99009.784690	1002.423000
99010.265263	1002.449000
99010.912205	1002.484000
99013.907001	1002.646000
99014.295431	1002.667000
99015.743911	1002.746000
99017.816145	1002.858000
99019.037660	1002.924000
99019.537394	1002.951000
99043.386289	1004.241000
99080.895439	1006.265000
99116.653583	1008.185000
99119.027659	1008.312000
99170.426842	1011.069000
99202.798158	1012.790000
99219.769276	1013.694000
99272.504423	1016.486000
99306.159616	1018.260000
99321.727442	1019.081000
99379.621444	1022.122000
99396.681486	1023.017000
99435.639357	1025.063000
99492.604579	1028.037000
99501.766182	1028.514000
99592.617402	1033.223000
99594.455051	1033.317000
99684.335782	1037.998000
99691.447137	1038.358000
99781.624036	1042.983000
99790.996005	1043.457000
99881.610193	1047.998000
99895.841739	1048.705000
99988.567656	1053.322000
99993.482340	1053.565000
100086.099927	1058.135000
100088.469238	1058.251000
100198.609760	1063.635000
100200.140451	1063.709000
100298.701673	1068.466000
100305.134004	1068.775000
100401.057518	1073.364000
100411.070744	1073.837000
100511.410588	1078.574000
100515.999353	1078.790000
100626.247972	1083.945000
100638.286217	1084.508000
100727.680139	1088.725000
100730.948052	1088.878000
100836.806347	1093.785000
100848.535346	1094.324000
100954.546755	1099.230000
100964.029882	1099.661000
101059.325382	1103.978000
101071.107843	1104.507000
101175.441939	1109.196000
101186.948171	1109.708000
101295.034241	1114.501000
101311.389337	1115.229000
101396.972225	1119.011000
101417.987830	1119.935000
101527.063619	1124.719000
101541.016796	1125.319000
101638.401078	1129.518000
101665.402300	1130.659000
101752.012609	1134.322000
101776.379145	1135.328000
101894.423272	1140.196000
101914.224891	1140.987000
101994.254974	1144.203000
102042.234396	1146.099000
102143.558236	1150.121000
102163.406181	1150.883000
102267.360214	1154.994000
102312.964501	1156.713000
102395.265050	1159.910000
102434.953627	1161.390000
102531.032839	1165.080000
102576.477864	1166.760000
102676.697599	1170.514000
102714.233420	1171.876000
102800.980854	1175.044000
102864.531400	1177.282000
102953.969353	1180.449000
103003.634203	1182.155000
103105.567661	1185.630000
103158.975112	1187.380000
103254.105890	1190.531000
103319.071780	1192.585000
103403.865706	1195.323000
103480.279502	1197.710000
103584.542266	1201.028000
103627.831472	1202.316000
103718.220039	1205.125000
103816.199607	1207.958000
103910.594787	1210.760000
103977.587528	1212.632000
104076.163691	1215.552000
104155.813029	1217.659000
104257.074898	1220.505000
104349.945386	1222.871000
104458.397892	1225.816000
104532.599157	1227.639000
104633.894634	1230.354000
104751.288321	1233.027000
104857.597625	1235.803000
104942.269025	1237.621000
105062.139916	1240.620000
105161.091062	1242.763000
105292.361400	1245.774000
105407.162443	1248.101000
105533.927132	1250.722000
105640.549178	1252.695000
105799.815342	1255.758000
105928.032547	1257.798000
106106.024736	1260.984000
106246.328388	1262.899000
106427.573085	1265.747000
106581.142118	1267.807000
106811.211037	1270.974000
106996.592732	1272.766000
107282.222025	1275.947000
107633.755810	1277.827000
108090.576797	1281.031000
108815.445054	1275.947000
109410.247698	1272.766000
109571.155492	1270.974000
109898.780395	1267.807000
110048.430529	1265.747000
110260.743444	1262.899000
110382.612684	1260.984000
110616.036933	1257.798000
110730.005566	1255.758000
110922.519928	1252.695000
111025.109592	1250.722000
111166.749928	1248.101000
111279.295304	1245.774000
111427.841045	1242.763000
111521.269253	1240.620000
111659.745449	1237.621000
111732.411431	1235.803000
111861.700653	1233.027000
111964.065483	1230.354000
112083.303740	1227.639000
112151.319083	1225.816000
112271.188927	1222.871000
112358.319191	1220.505000
112470.030691	1217.659000
112544.998632	1215.552000
112655.381197	1212.632000
112718.577970	1210.760000
112818.852361	1207.958000
112914.291886	1205.125000
113011.441411	1202.316000
113052.886934	1201.028000
113164.403694	1197.710000
113239.411294	1195.323000
113327.061471	1192.585000
113390.672401	1190.531000
113490.335263	1187.380000
113543.168923	1185.630000
113649.220861	1182.155000
113699.263589	1180.449000
113791.460881	1177.282000
113854.663325	1175.044000
113944.622275	1171.876000
113981.917099	1170.514000
114085.374861	1166.760000
114130.225462	1165.080000
114230.042212	1161.390000
114268.578048	1159.910000
114354.310737	1156.713000
114398.563049	1154.994000
114507.626009	1150.883000
114526.894550	1150.121000
114631.656274	1146.099000
114679.421068	1144.203000
114760.803884	1140.987000
114780.487900	1140.196000
114902.351718	1135.328000
114926.746211	1134.322000
115015.468498	1130.659000
115042.447030	1129.518000
115141.814364	1125.319000
115155.729718	1124.719000
115266.983052	1119.935000
115288.050365	1119.011000
115374.068783	1115.229000
115390.542697	1114.501000
115498.221237	1109.708000
115509.767256	1109.196000
115615.143659	1104.507000
115626.914343	1103.978000
115723.067237	1099.661000
115732.581335	1099.230000
115840.526173	1094.324000
115852.173166	1093.785000
115958.952750	1088.878000
115962.253406	1088.725000
116052.323925	1084.508000
116064.258660	1083.945000
116174.484504	1078.790000
116179.104039	1078.574000
116279.738206	1073.837000
116289.757363	1073.364000
116386.904704	1068.775000
116393.363707	1068.466000
116492.388290	1063.709000
116493.921510	1063.635000
116605.289606	1058.251000
116607.662618	1058.135000
116701.005295	1053.565000
116705.930038	1053.322000
116799.309037	1048.705000
116813.508133	1047.998000
116904.916128	1043.457000
116914.374645	1042.983000
117005.820540	1038.358000
117012.839715	1037.998000
117105.307092	1033.317000
117107.112003	1033.223000
117199.170387	1028.514000
117208.373197	1028.037000
117265.493965	1025.063000
117304.683893	1023.017000
117321.725581	1022.122000
117379.691602	1019.081000
117395.321650	1018.260000
117428.960288	1016.486000
117481.928326	1013.694000
117499.003030	1012.790000
117531.311983	1011.069000
117583.170041	1008.312000
117585.537722	1008.185000
117621.429262	1006.265000
117659.124306	1004.241000
117683.030829	1002.951000
117683.529992	1002.924000
117684.751564	1002.858000
117686.824438	1002.746000
117688.286103	1002.667000
117688.671142	1002.646000
117691.667598	1002.484000
117692.314621	1002.449000
117692.795207	1002.423000
117693.516066	1002.384000
117694.310468	1002.341000
117696.139854	1002.242000
117696.952548	1002.198000
117697.155703	1002.187000
117710.126668	1001.484000
117721.867436	1000.847000
117770.489453	998.206000
117776.896743	997.855000
117827.668979	995.084000
117869.317526	992.804000
117900.638052	991.076000
117957.842067	987.924000
117978.825135	986.758000
118050.608709	982.771000
118060.947376	982.195000
118134.242327	978.083000
118153.722827	977.004000
118234.452588	972.451000
118240.236709	972.128000
118314.922979	967.924000
118323.635372	967.435000
118402.729531	962.959000
118420.788281	961.932000
118499.845668	957.434000
118500.697077	957.385000
118578.920712	952.884000
118591.481626	952.164000
118669.233402	947.704000
118680.018621	947.085000
118756.619474	942.662000
118764.676354	942.196000
118845.543963	937.516000
118847.420761	937.407000
118929.802424	932.622000
118938.837531	932.097000
119015.726232	927.604000
119022.404858	927.215000
119103.934893	922.408000
119106.973155	922.229000
119187.956906	917.470000
119190.436036	917.323000
119274.298494	912.361000
119276.917850	912.205000
119358.894281	907.335000
119362.402298	907.125000
119442.154972	902.359000
119444.993262	902.187000
119524.395062	897.393000
119528.051989	897.169000
119610.863637	892.142000
119612.590048	892.037000
119689.479429	887.323000
119699.949902	886.678000
119767.786970	882.547000
119774.229372	882.148000
119858.020216	877.046000
119863.304802	876.717000
119939.668755	872.022000
119948.458214	871.471000
120013.703647	867.425000
120029.157945	866.446000
120101.123429	861.959000
120108.139182	861.510000
120182.270959	856.878000
120201.286889	855.657000
120257.868341	852.137000
120271.356267	851.273000
120339.271882	847.005000
120359.606490	845.705000
120426.771794	841.453000
120442.748821	840.422000
120490.983586	837.345000
120516.195519	835.709000
120580.355307	831.612000
120601.066577	830.260000
120659.923265	826.486000
120685.807764	824.789000
120726.688106	822.142000
120751.296791	820.512000
120813.761187	816.435000
120845.750571	814.309000
120887.616328	811.571000
120912.893930	809.887000
120962.145596	806.688000
120996.787355	804.383000
121038.206053	801.682000
121070.433105	799.545000
121120.123206	796.300000
121155.545663	793.950000
121190.019412	791.687000
121227.855493	789.177000
121265.940945	786.666000
121306.899041	783.938000
121346.223820	781.338000
121387.191233	778.612000
121416.746786	776.646000
121462.514077	773.590000
121493.369370	771.533000
121537.262244	768.581000
121565.583325	766.695000
121619.231744	763.056000
121643.552433	761.437000
121690.189113	758.249000
121715.278658	756.568000
121769.218393	752.874000
121785.508207	751.774000
121842.513255	747.857000
121864.946890	746.330000
121917.526677	742.696000
121929.365115	741.883000
121996.162677	737.234000
122006.676355	736.508000
122062.778895	732.597000
122078.232938	731.529000
122143.353949	726.956000
122144.753837	726.860000
122213.171237	722.031000
122221.355797	721.468000
122288.788801	716.712000
122289.632132	716.654000
122358.784034	711.800000
122361.359398	711.622000
122434.237309	706.510000
122438.641816	706.200000
122504.081242	701.679000
122506.069221	701.538000
122579.100226	696.486000
122586.510840	695.965000
122653.916473	691.321000
122659.218117	690.946000
122722.100532	686.579000
122734.221027	685.713000
122795.187024	681.456000
122805.363346	680.725000
122869.605681	676.219000
122882.919929	675.264000
122939.627242	671.262000
122953.692356	670.252000
123008.359826	666.365000
123025.063075	665.158000
123080.999023	661.171000
123097.715068	659.955000
123154.146630	655.922000
123173.789129	654.497000
123218.269110	651.291000
123239.686666	649.733000
123293.138723	645.863000
123307.575879	644.808000
123365.890177	640.576000
123381.426716	639.443000
123431.167490	635.831000
123441.731792	635.066000
123505.278793	630.487000
123515.351603	629.762000
123577.828679	625.251000
123585.314933	624.711000
123647.806929	620.156000
123648.236435	620.125000
123719.380300	615.047000
123720.888061	614.938000
123790.105828	609.946000
123792.897721	609.742000
123854.214717	605.275000
123866.587257	604.365000
123923.213999	600.215000
123930.545756	599.676000
123994.500184	594.976000
124008.165685	593.970000
124057.741860	590.322000
124073.870795	589.133000
124124.945343	585.387000
124143.671122	584.004000
124197.526170	580.041000
124219.529679	578.414000
124257.837002	575.583000
124283.217379	573.708000
124327.334753	570.435000
124361.386355	567.944000
124397.884148	565.259000
124423.423911	563.398000
124462.599660	560.510000
124507.365127	557.222000
124533.205802	555.319000
124568.488020	552.740000
124600.215289	550.396000
124644.521408	547.207000
124671.330467	545.240000
124718.562714	541.860000
124740.206519	540.271000
124790.629457	536.643000
124806.529851	535.482000
124860.187582	531.621000
124880.465287	530.132000
124934.927721	526.200000
124945.654330	525.407000
125003.236225	521.262000
125016.009253	520.310000
125076.513551	515.951000
125089.187903	515.009000
125146.216728	510.905000
125149.957161	510.628000
125216.012000	505.892000
125228.072299	504.993000
125286.097735	500.816000
125293.498678	500.264000
125353.954016	495.899000
125358.751447	495.543000
125424.123663	490.828000
125435.051915	490.016000
125492.036470	485.881000
125502.619417	485.093000
125559.092702	481.018000
125564.245281	480.636000
125631.404981	475.799000
125643.806007	474.886000
125697.431158	471.035000
125707.805890	470.271000
125768.929535	465.863000
125775.425422	465.384000
125836.761336	460.935000
125846.499467	460.219000
125907.082657	455.775000
125915.960594	455.120000
125972.638138	450.952000
125979.182840	450.473000
126042.344774	445.844000
126053.232615	445.054000
126111.879826	440.736000
126117.837420	440.307000
126181.926678	435.603000
126184.264530	435.436000
126247.056450	430.860000
126256.242517	430.208000
126320.723641	425.527000
126325.131183	425.214000
126388.689852	420.606000
126390.667772	420.465000
126460.408514	415.453000
126464.434553	415.167000
126530.343167	410.461000
126531.252554	410.396000
126602.645869	405.327000
126605.460772	405.127000
126670.791068	400.448000
126670.945287	400.437000
126742.963145	395.342000
126749.060645	394.906000
126814.618798	390.217000
126816.585405	390.076000
126878.903285	385.599000
126887.877365	384.951000
126955.440977	380.081000
126957.004587	379.967000
127021.541531	375.273000
127028.283158	374.776000
127090.375474	370.228000
127099.357940	369.562000
127159.664517	365.127000
127167.018795	364.580000
127227.632768	360.144000
127236.190621	359.503000
127297.925932	355.093000
127308.215452	354.326000
127370.332960	349.919000
127379.920472	349.213000
127441.066657	344.932000
127452.755204	344.079000
127513.219740	339.886000
127526.071327	338.969000
127591.458177	334.400000
127601.554009	333.681000
127656.992910	329.779000
127672.682254	328.662000
127734.037486	324.327000
127747.502428	323.373000
127806.522642	319.214000
127820.056322	318.264000
127880.023559	314.026000
127895.265268	312.979000
127951.295005	309.113000
127968.191079	307.959000
128027.281194	303.864000
128047.942696	302.446000
128102.439361	298.680000
128115.000561	297.810000
128172.241823	293.920000
128199.283052	292.052000
128246.272841	288.916000
128271.645888	287.172000
128325.169971	283.681000
128349.264177	282.056000
128398.055661	278.949000
128431.199280	276.755000
128474.987283	274.037000
128513.194986	271.601000
128560.438793	268.793000
128595.060156	266.612000
128640.207006	263.996000
128684.296087	261.292000
128723.284494	259.101000
128771.153014	256.228000
128814.570214	253.907000
128866.898195	250.909000
128901.721592	249.006000
128959.124320	245.758000
128987.256715	244.176000
129051.479642	240.610000
129088.096029	238.619000
129147.090710	235.224000
129170.555767	233.968000
129239.747623	230.037000
129261.201879	228.921000
129333.025117	224.914000
129353.429466	223.869000
129433.414782	219.529000
129450.153091	218.704000
129539.122845	214.047000
129542.258359	213.900000
129636.235775	209.540000
129655.230422	208.688000
129765.158486	203.901000
129775.981374	203.459000
129894.178962	198.715000
129896.857733	198.617000
130015.839094	193.926000
130026.218479	193.538000
130211.695313	188.688000
130227.742979	188.067000
130477.622510	183.845000
130507.997313	182.696000
130656.234017	178.643000
130670.668900	178.171000
131032.128840	173.987000
131229.428293	172.252000
131902.520780	178.171000
131943.297332	178.643000
132067.247710	182.696000
132109.271883	183.845000
132220.884084	188.067000
132257.638037	188.688000
132382.970047	193.538000
132397.808194	193.926000
132523.297099	198.617000
132525.782746	198.715000
132655.457126	203.459000
132666.469633	203.901000
132783.684943	208.688000
132803.250163	209.540000
132900.452814	213.900000
132903.621319	214.047000
133002.955236	218.704000
133018.716466	219.529000
133106.770115	223.869000
133126.029252	224.914000
133204.268702	228.921000
133224.272379	230.037000
133299.842881	233.968000
133321.950479	235.224000
133385.377126	238.619000
133419.974596	240.610000
133485.556733	244.176000
133514.048228	245.758000
133571.806774	249.006000
133605.438975	250.909000
133660.300008	253.907000
133700.811430	256.228000
133754.554479	259.101000
133791.059848	261.292000
133839.176988	263.996000
133881.831217	266.612000
133919.470850	268.793000
133964.045260	271.601000
134005.030272	274.037000
134047.661033	276.755000
134083.007200	278.949000
134129.943035	282.056000
134155.461594	283.681000
134207.223362	287.172000
134233.962405	288.916000
134279.587334	292.052000
134307.577425	293.920000
134363.889191	297.810000
134376.691222	298.680000
134431.065335	302.446000
134451.584791	303.864000
134511.252528	307.959000
134527.904541	309.113000
134584.507851	312.979000
134599.681968	314.026000
134661.376680	318.264000
134674.819076	319.214000
134734.068105	323.373000
134747.606283	324.327000
134808.791320	328.662000
134824.600730	329.779000
134879.408090	333.681000
134889.623510	334.400000
134953.779084	338.969000
134966.902249	339.886000
135025.666376	344.079000
135037.966936	344.932000
135096.628913	349.213000
135106.712821	349.919000
135166.560078	354.326000
135177.371090	355.093000
135236.532473	359.503000
135245.505792	360.144000
135304.729871	364.580000
135312.204137	365.127000
135371.831604	369.562000
135380.887789	370.228000
135442.227513	374.776000
135449.012887	375.273000
135512.685317	379.967000
135514.252682	380.081000
135581.048989	384.951000
135590.038973	385.599000
135652.040445	390.076000
135654.003104	390.217000
135719.403247	394.906000
135725.499078	395.342000
135796.753122	400.437000
135796.908607	400.448000
135862.507912	405.127000
135865.300402	405.327000
135936.644104	410.396000
135937.559583	410.461000
136003.399186	415.167000
136007.404681	415.453000
136077.958903	420.465000
136079.920883	420.606000
136144.561009	425.214000
136148.878254	425.527000
136214.794245	430.208000
136223.775594	430.860000
136288.247136	435.436000
136290.538712	435.603000
136356.390538	440.307000
136362.235413	440.736000
136422.200197	445.054000
136432.930002	445.844000
136496.727237	450.473000
136503.263112	450.952000
136560.211585	455.120000
136569.118444	455.775000
136629.352873	460.219000
136639.113801	460.935000
136699.623503	465.384000
136706.227212	465.863000
136766.005648	470.271000
136776.599674	471.035000
136828.894298	474.886000
136841.607817	475.799000
136907.307450	480.636000
136912.611359	481.018000
136967.576705	485.093000
136978.497183	485.881000
137034.030791	490.016000
137045.220986	490.828000
137108.677523	495.543000
137113.613368	495.899000
137172.435803	500.264000
137180.081014	500.816000
137236.084165	504.993000
137248.572761	505.892000
137312.107329	510.628000
137315.970756	510.905000
137371.388590	515.009000
137384.478539	515.951000
137443.127691	520.310000
137456.341752	521.262000
137511.955410	525.407000
137522.971680	526.200000
137576.158349	530.132000
137596.782602	531.621000
137649.363006	535.482000
137665.497848	536.643000
137715.184867	540.271000
137737.269224	541.860000
137783.308280	545.240000
137810.795213	547.207000
137854.259416	550.396000
137886.825595	552.740000
137921.733712	555.319000
137947.767857	557.222000
137992.415329	560.510000
138031.734876	563.398000
138056.979359	565.259000
138093.827432	567.944000
138127.688140	570.435000
138172.429567	573.708000
138197.703040	575.583000
138236.024025	578.414000
138258.039573	580.041000
138311.635088	584.004000
138330.429318	585.387000
138381.150049	589.133000
138397.361378	590.322000
138446.846955	593.970000
138460.518455	594.976000
138524.363241	599.676000
138531.697589	600.215000
138588.148038	604.365000
138600.564986	605.275000
138661.299200	609.742000
138664.099439	609.946000
138732.418713	614.938000
138733.930079	615.047000
138804.172397	620.125000
138804.606714	620.156000
138867.716327	624.711000
138875.124818	625.251000
138937.662761	629.762000
138947.703967	630.487000
139011.322445	635.066000
139021.939055	635.831000
139071.819131	639.443000
139087.421649	640.576000
139145.453980	644.808000
139159.991217	645.863000
139212.950260	649.733000
139234.469202	651.291000
139278.541528	654.497000
139298.311950	655.922000
139353.903669	659.955000
139370.918491	661.171000
139425.726775	665.158000
139442.660482	666.365000
139496.451310	670.252000
139510.656132	671.262000
139566.387404	675.264000
139579.919509	676.219000
139642.740453	680.725000
139653.162368	681.456000
139712.424475	685.713000
139724.826766	686.579000
139785.947095	690.946000
139791.346890	691.321000
139857.002440	695.965000
139864.564528	696.486000
139936.423307	701.538000
139938.461583	701.679000
140002.203827	706.200000
140006.690936	706.510000
140079.322670	711.622000
140081.860281	711.800000
140152.089577	716.654000
140152.915866	716.712000
140222.068983	721.468000
140230.051486	722.031000
140300.252624	726.860000
140301.612755	726.956000
140368.296987	731.529000
140383.505655	732.597000
140440.098132	736.508000
140450.512461	737.234000
140517.837657	741.883000
140529.518969	742.696000
140582.435184	746.330000
140604.529112	747.857000
140662.074985	751.774000
140678.083551	752.874000
140732.787707	756.568000
140757.333645	758.249000
140804.915721	761.437000
140828.599782	763.056000
140883.265000	766.695000
140911.069594	768.581000
140955.398242	771.533000
140985.983486	773.590000
141031.823922	776.646000
141061.267146	778.612000
141102.248040	781.338000
141141.321875	783.938000
141182.582644	786.666000
141220.282709	789.177000
141258.352993	791.687000
141292.465763	793.950000
141328.264840	796.300000
141377.177977	799.545000
141409.901473	801.682000
141450.633934	804.383000
141485.980138	806.688000
141534.057790	809.887000
141559.984581	811.571000
141601.083201	814.309000
141633.591089	816.435000
141694.936677	820.512000
141719.910178	822.142000
141759.872869	824.789000
141786.081385	826.486000
141843.646558	830.260000
141864.731413	831.612000
141927.493302	835.709000
141953.113369	837.345000
142000.532145	840.422000
142016.694005	841.453000
142082.585681	845.705000
142103.120699	847.005000
142169.880780	851.273000
142183.629396	852.137000
142238.580204	855.657000
142258.206895	856.878000
142330.345951	861.510000
142337.531868	861.959000
142407.642515	866.446000
142423.344367	867.425000
142487.213713	871.471000
142496.099090	872.022000
142570.992933	876.717000
142576.344103	877.046000
142658.295346	882.148000
142664.848177	882.547000
142731.548835	886.678000
142742.140680	887.323000
142818.664416	892.037000
142820.377056	892.142000
142903.031039	897.169000
142906.721074	897.393000
142984.985847	902.187000
142987.834639	902.359000
143066.481668	907.125000
143069.995739	907.335000
143151.348311	912.205000
143153.974250	912.361000
143237.289926	917.323000
143239.774364	917.470000
143320.034086	922.229000
143323.080124	922.408000
143404.671902	927.215000
143411.269610	927.604000
143488.408590	932.097000
143497.392914	932.622000
143579.741457	937.407000
143581.618072	937.516000
143662.199886	942.196000
143670.252089	942.662000
143746.723290	947.085000
143757.443599	947.704000
143835.152932	952.164000
143847.704788	952.884000
143926.227948	957.385000
143927.079527	957.434000
144005.235383	961.932000
144023.286058	962.959000
144101.991963	967.435000
144110.632947	967.924000
144185.534579	972.128000
144191.272844	972.451000
144272.805668	977.004000
144291.937539	978.083000
144366.176482	982.195000
144376.443479	982.771000
144448.006440	986.758000
144468.999579	987.924000
144525.722248	991.076000
144557.082824	992.804000
144598.408518	995.084000
144649.026117	997.855000
144655.457389	998.206000
144703.667233	1000.847000
144715.394694	1001.484000
144728.351930	1002.187000
144728.554890	1002.198000
144729.367509	1002.242000
144731.196070	1002.341000
144731.990652	1002.384000
144732.711156	1002.423000
144733.191728	1002.449000
144733.838671	1002.484000
144736.833467	1002.646000
144737.221897	1002.667000
144738.670377	1002.746000
144740.742611	1002.858000
144741.964125	1002.924000
144742.463859	1002.951000
144766.312755	1004.241000
144803.821905	1006.265000
144839.580049	1008.185000
144841.954125	1008.312000
144893.353308	1011.069000
144925.724624	1012.790000
144942.695742	1013.694000
144995.430889	1016.486000
145029.086082	1018.260000
145044.653908	1019.081000
145102.547910	1022.122000
145119.607952	1023.017000
145158.565822	1025.063000
145215.531045	1028.037000
145224.692647	1028.514000
145315.543868	1033.223000
145317.381516	1033.317000
145407.262248	1037.998000
145414.373603	1038.358000
145504.550502	1042.983000
145513.922471	1043.457000
145604.536658	1047.998000
145618.768205	1048.705000
145711.494122	1053.322000
145716.408806	1053.565000
145809.026393	1058.135000
145811.395704	1058.251000
145921.536226	1063.635000
145923.066917	1063.709000
146021.628139	1068.466000
146028.060469	1068.775000
146123.983984	1073.364000
146133.997210	1073.837000
146234.337054	1078.574000
146238.925819	1078.790000
146349.174438	1083.945000
146361.212683	1084.508000
146450.606604	1088.725000
146453.874518	1088.878000
146559.732813	1093.785000
146571.461812	1094.324000
146677.473220	1099.230000
146686.956348	1099.661000
146782.251848	1103.978000
146794.034308	1104.507000
146898.368405	1109.196000
146909.874637	1109.708000
147017.960706	1114.501000
147034.315803	1115.229000
147119.898691	1119.011000
147140.914295	1119.935000
147249.990085	1124.719000
147263.943262	1125.319000
147361.327544	1129.518000
147388.328765	1130.659000
147474.939075	1134.322000
147499.305610	1135.328000
147617.349738	1140.196000
147637.151357	1140.987000
147717.181440	1144.203000
147765.160862	1146.099000
147866.484702	1150.121000
147886.332647	1150.883000
147990.286680	1154.994000
148035.890967	1156.713000
148118.191516	1159.910000
148157.880093	1161.390000
148253.959305	1165.080000
148299.404330	1166.760000
148399.624065	1170.514000
148437.159886	1171.876000
148523.907320	1175.044000
148587.457865	1177.282000
148676.895819	1180.449000
148726.560669	1182.155000
148828.494127	1185.630000
148881.901578	1187.380000
148977.032356	1190.531000
149041.998246	1192.585000
149126.792172	1195.323000
149203.205968	1197.710000
149307.468732	1201.028000
149350.757938	1202.316000
149441.146505	1205.125000
149539.126073	1207.958000
149633.521253	1210.760000
149700.513994	1212.632000
149799.090157	1215.552000
149878.739494	1217.659000
149980.001364	1220.505000
150072.871852	1222.871000
150181.324357	1225.816000
150255.525623	1227.639000
150356.821100	1230.354000
150474.214787	1233.027000
150580.524091	1235.803000
150665.195491	1237.621000
150785.066382	1240.620000
150884.017528	1242.763000
151015.287866	1245.774000
151130.088909	1248.101000
151256.853597	1250.722000
151363.475643	1252.695000
151522.741808	1255.758000
151650.959013	1257.798000
151828.951202	1260.984000
151969.254854	1262.899000
152150.499551	1265.747000
152304.068584	1267.807000
152534.137503	1270.974000
152719.519197	1272.766000
153005.148491	1275.947000
153356.682276	1277.827000
153813.503263	1281.031000
154538.371520	1275.947000
155133.174164	1272.766000
155294.081958	1270.974000
155621.706861	1267.807000
155771.356995	1265.747000
155983.669910	1262.899000
156105.539150	1260.984000
156338.963399	1257.798000
156452.932032	1255.758000
156645.446393	1252.695000
156748.036058	1250.722000
156889.676394	1248.101000
157002.221770	1245.774000
157150.767511	1242.763000
157244.195719	1240.620000
157382.671915	1237.621000
157455.337897	1235.803000
157584.627118	1233.027000
157686.991949	1230.354000
157806.230206	1227.639000
157874.245548	1225.816000
157994.115393	1222.871000
158081.245657	1220.505000
158192.957157	1217.659000
158267.925098	1215.552000
158378.307663	1212.632000
158441.504436	1210.760000
158541.778827	1207.958000
158637.218352	1205.125000
158734.367877	1202.316000
158775.813400	1201.028000
158887.330160	1197.710000
158962.337760	1195.323000
159049.987937	1192.585000
159113.598866	1190.531000
159213.261729	1187.380000
159266.095389	1185.630000
159372.147327	1182.155000
159422.190055	1180.449000
159514.387347	1177.282000
159577.589791	1175.044000
159667.548740	1171.876000
159704.843565	1170.514000
159808.301327	1166.760000
159853.151928	1165.080000
159952.968677	1161.390000
159991.504513	1159.910000
160077.237203	1156.713000
160121.489515	1154.994000
160230.552474	1150.883000
160249.821016	1150.121000
160354.582740	1146.099000
160402.347534	1144.203000
160483.730350	1140.987000
160503.414366	1140.196000
160625.278183	1135.328000
160649.672676	1134.322000
160738.394963	1130.659000
160765.373495	1129.518000
160864.740830	1125.319000
160878.656183	1124.719000
160989.909517	1119.935000
161010.976831	1119.011000
161096.995249	1115.229000
161113.469163	1114.501000
161221.147703	1109.708000
161232.693722	1109.196000
161338.070125	1104.507000
161349.840809	1103.978000
161445.993703	1099.661000
161455.507801	1099.230000
161563.452639	1094.324000
161575.099632	1093.785000
161681.879216	1088.878000
161685.179872	1088.725000
161775.250391	1084.508000
161787.185126	1083.945000
161897.410970	1078.790000
161902.030505	1078.574000
162002.664672	1073.837000
162012.683829	1073.364000
162109.831170	1068.775000
162116.290173	1068.466000
162215.314756	1063.709000
162216.847976	1063.635000
162328.216071	1058.251000
162330.589084	1058.135000
162423.931761	1053.565000
162428.856504	1053.322000
162522.235503	1048.705000
162536.434598	1047.998000
162627.842594	1043.457000
162637.301111	1042.983000
162728.747006	1038.358000
162735.766180	1037.998000
162828.233557	1033.317000
162830.038468	1033.223000
162922.096853	1028.514000
162931.299663	1028.037000
162988.420431	1025.063000
163027.610359	1023.017000
163044.652047	1022.122000
163102.618068	1019.081000
163118.248116	1018.260000
163151.886754	1016.486000
163204.854792	1013.694000
163221.929496	1012.790000
163254.238449	1011.069000
163306.096507	1008.312000
163308.464188	1008.185000
163344.355728	1006.265000
163382.050772	1004.241000
163405.957295	1002.951000
163406.456458	1002.924000
163407.678030	1002.858000
163409.750903	1002.746000
163411.212568	1002.667000
163411.597608	1002.646000
163414.594063	1002.484000
163415.241087	1002.449000
163415.721673	1002.423000
163416.442532	1002.384000
163417.236934	1002.341000
163419.066320	1002.242000
163419.879014	1002.198000
163420.082169	1002.187000
163433.053134	1001.484000
163444.793902	1000.847000
163493.415918	998.206000
163499.823209	997.855000
163550.595445	995.084000
163592.243992	992.804000
163623.564518	991.076000
163680.768532	987.924000
163701.751601	986.758000
163773.535174	982.771000
163783.873842	982.195000
163857.168793	978.083000
163876.649293	977.004000
163957.379054	972.451000
163963.163174	972.128000
164037.849445	967.924000
164046.561838	967.435000
164125.655997	962.959000
164143.714747	961.932000
164222.772134	957.434000
164223.623543	957.385000
164301.847178	952.884000
164314.408092	952.164000
164392.159867	947.704000
164402.945086	947.085000
164479.545940	942.662000
164487.602820	942.196000
164568.470428	937.516000
164570.347227	937.407000
164652.728890	932.622000
164661.763997	932.097000
164738.652698	927.604000
164745.331323	927.215000
164826.861359	922.408000
164829.899621	922.229000
164910.883372	917.470000
164913.362502	917.323000
164997.224960	912.361000
164999.844316	912.205000
165081.820747	907.335000
165085.328764	907.125000
165165.081438	902.359000
165167.919728	902.187000
165247.321527	897.393000
165250.978455	897.169000
165333.790103	892.142000
165335.516514	892.037000
165412.405894	887.323000
165422.876367	886.678000
165490.713436	882.547000
165497.155838	882.148000
165580.946682	877.046000
165586.231268	876.717000
165662.595221	872.022000
165671.384680	871.471000
165736.630113	867.425000
165752.084411	866.446000
165824.049895	861.959000
165831.065648	861.510000
165905.197425	856.878000
165924.213355	855.657000
165980.794807	852.137000
165994.282732	851.273000
166062.198348	847.005000
166082.532956	845.705000
166149.698260	841.453000
166165.675287	840.422000
166213.910051	837.345000
166239.121985	835.709000
166303.281773	831.612000
166323.993043	830.260000
166382.849731	826.486000
166408.734230	824.789000
166449.614572	822.142000
166474.223256	820.512000
166536.687653	816.435000
166568.677037	814.309000
166610.542793	811.571000
166635.820396	809.887000
166685.072062	806.688000
166719.713820	804.383000
166761.132519	801.682000
166793.359571	799.545000
166843.049672	796.300000
166878.472128	793.950000
166912.945878	791.687000
166950.781959	789.177000
166988.867411	786.666000
167029.825506	783.938000
167069.150286	781.338000
167110.117699	778.612000
167139.673252	776.646000
167185.440543	773.590000
167216.295836	771.533000
167260.188710	768.581000
167288.509791	766.695000
167342.158209	763.056000
167366.478899	761.437000
167413.115579	758.249000
167438.205124	756.568000
167492.144859	752.874000
167508.434673	751.774000
167565.439721	747.857000
167587.873355	746.330000
167640.453143	742.696000
167652.291581	741.883000
167719.089142	737.234000
167729.602821	736.508000
167785.705360	732.597000
167801.159404	731.529000
167866.280415	726.956000
167867.680303	726.860000
167936.097703	722.031000
167944.282263	721.468000
168011.715267	716.712000
168012.558598	716.654000
168081.710500	711.800000
168084.285864	711.622000
168157.163775	706.510000
168161.568282	706.200000
168227.007707	701.679000
168228.995687	701.538000
168302.026691	696.486000
168309.437306	695.965000
168376.842939	691.321000
168382.144582	690.946000
168445.026998	686.579000
168457.147493	685.713000
168518.113490	681.456000
168528.289812	680.725000
168592.532147	676.219000
168605.846395	675.264000
168662.553708	671.262000
168676.618822	670.252000
168731.286292	666.365000
168747.989541	665.158000
168803.925489	661.171000
168820.641534	659.955000
168877.073096	655.922000
168896.715595	654.497000
168941.195576	651.291000
168962.613132	649.733000
169016.065189	645.863000
169030.502344	644.808000
169088.816643	640.576000
169104.353182	639.443000
169154.093956	635.831000
169164.658257	635.066000
169228.205259	630.487000
169238.278069	629.762000
169300.755145	625.251000
169308.241398	624.711000
169370.733395	620.156000
169371.162900	620.125000
169442.306765	615.047000
169443.814527	614.938000
169513.032294	609.946000
169515.824187	609.742000
169577.141183	605.275000
169589.513723	604.365000
169646.140464	600.215000
169653.472222	599.676000
169717.426650	594.976000
169731.092151	593.970000
169780.668326	590.322000
169796.797260	589.133000
169847.871809	585.387000
169866.597588	584.004000
169920.452636	580.041000
169942.456145	578.414000
169980.763468	575.583000
170006.143845	573.708000
170050.261219	570.435000
170084.312821	567.944000
170120.810614	565.259000
170146.350377	563.398000
170185.526125	560.510000
170230.291593	557.222000
170256.132268	555.319000
170291.414485	552.740000
170323.141754	550.396000
170367.447874	547.207000
170394.256933	545.240000
170441.489180	541.860000
170463.132985	540.271000
170513.555923	536.643000
170529.456317	535.482000
170583.114048	531.621000
170603.391753	530.132000
170657.854187	526.200000
170668.580796	525.407000
170726.162690	521.262000
170738.935719	520.310000
170799.440017	515.951000
170812.114369	515.009000
170869.143194	510.905000
170872.883627	510.628000
170938.938466	505.892000
170950.998765	504.993000
171009.024201	500.816000
171016.425144	500.264000
171076.880481	495.899000
171081.677913	495.543000
171147.050129	490.828000
171157.978381	490.016000
171214.962936	485.881000
171225.545883	485.093000
171282.019167	481.018000
171287.171747	480.636000
171354.331447	475.799000
171366.732473	474.886000
171420.357623	471.035000
171430.732355	470.271000
171491.856001	465.863000
171498.351888	465.384000
171559.687802	460.935000
171569.425933	460.219000
171630.009123	455.775000
171638.887060	455.120000
171695.564604	450.952000
171702.109306	450.473000
171765.271240	445.844000
171776.159081	445.054000
171834.806291	440.736000
171840.763886	440.307000
171904.853144	435.603000
171907.190995	435.436000
171969.982916	430.860000
171979.168983	430.208000
172043.650107	425.527000
172048.057649	425.214000
172111.616318	420.606000
172113.594238	420.465000
172183.334980	415.453000
172187.361019	415.167000
172253.269633	410.461000
172254.179020	410.396000
172325.572335	405.327000
172328.387238	405.127000
172393.717533	400.448000
172393.871753	400.437000
172465.889611	395.342000
172471.987111	394.906000
172537.545264	390.217000
172539.511871	390.076000
172601.829751	385.599000
172610.803831	384.951000
172678.367443	380.081000
172679.931053	379.967000
172744.467997	375.273000
172751.209624	374.776000
172813.301940	370.228000
172822.284406	369.562000
172882.590983	365.127000
172889.945261	364.580000
172950.559234	360.144000
172959.117087	359.503000
173020.852398	355.093000
173031.141918	354.326000
173093.259426	349.919000
173102.846938	349.213000
173163.993123	344.932000
173175.681670	344.079000
173236.146206	339.886000
173248.997793	338.969000
173314.384642	334.400000
173324.480475	333.681000
173379.919376	329.779000
173395.608720	328.662000
173456.963952	324.327000
173470.428894	323.373000
173529.449108	319.214000
173542.982788	318.264000
173602.950024	314.026000
173618.191734	312.979000
173674.221471	309.113000
173691.117545	307.959000
173750.207660	303.864000
173770.869162	302.446000
173825.365827	298.680000
173837.927027	297.810000
173895.168289	293.920000
173922.209518	292.052000
173969.199307	288.916000
173994.572354	287.172000
174048.096437	283.681000
174072.190643	282.056000
174120.982127	278.949000
174154.125746	276.755000
174197.913749	274.037000
174236.121452	271.601000
174283.365259	268.793000
174317.986622	266.612000
174363.133472	263.996000
174407.222553	261.292000
174446.210960	259.101000
174494.079479	256.228000
174537.496680	253.907000
174589.824661	250.909000
174624.648058	249.006000
174682.050786	245.758000
174710.183181	244.176000
174774.406108	240.610000
174811.022495	238.619000
174870.017176	235.224000
174893.482233	233.968000
174962.674089	230.037000
174984.128345	228.921000
175055.951583	224.914000
175076.355932	223.869000
175156.341248	219.529000
175173.079557	218.704000
175262.049311	214.047000
175265.184824	213.900000
175359.162241	209.540000
175378.156887	208.688000
175488.084952	203.901000
175498.907840	203.459000
175617.105428	198.715000
175619.784199	198.617000
175738.765560	193.926000
175749.144945	193.538000
175934.621779	188.688000
175950.669445	188.067000
176200.548976	183.845000
176230.923779	182.696000
176379.160483	178.643000
176393.595365	178.171000
176755.055305	173.987000
176952.354759	172.252000
177625.447246	178.171000
177666.223798	178.643000
177790.174176	182.696000
177832.198349	183.845000
177943.810550	188.067000
177980.564503	188.688000
178105.896513	193.538000
178120.734660	193.926000
178246.223564	198.617000
178248.709212	198.715000
178378.383592	203.459000
178389.396099	203.901000
178506.611408	208.688000
178526.176629	209.540000
178623.379280	213.900000
178626.547784	214.047000
178725.881702	218.704000
178741.642932	219.529000
178829.696580	223.869000
178848.955718	224.914000
178927.195168	228.921000
178947.198845	230.037000
179022.769346	233.968000
179044.876945	235.224000
179108.303591	238.619000
179142.901061	240.610000
179208.483199	244.176000
179236.974694	245.758000
179294.733239	249.006000
179328.365441	250.909000
179383.226473	253.907000
179423.737895	256.228000
179477.480945	259.101000
179513.986314	261.292000
179562.103453	263.996000
179604.757683	266.612000
179642.397316	268.793000
179686.971726	271.601000
179727.956738	274.037000
179770.587499	276.755000
179805.933666	278.949000
179852.869501	282.056000
179878.388060	283.681000
179930.149827	287.172000
179956.888871	288.916000
180002.513799	292.052000
180030.503891	293.920000
180086.815657	297.810000
180099.617688	298.680000
180153.991801	302.446000
180174.511257	303.864000
180234.178994	307.959000
180250.831007	309.113000
180307.434317	312.979000
180322.608434	314.026000
180384.303146	318.264000
180397.745542	319.214000
180456.994571	323.373000
180470.532749	324.327000
180531.717786	328.662000
180547.527196	329.779000
180602.334555	333.681000
180612.549976	334.400000
180676.705550	338.969000
180689.828715	339.886000
180748.592841	344.079000
180760.893402	344.932000
180819.555379	349.213000
180829.639287	349.919000
180889.486544	354.326000
180900.297556	355.093000
180959.458939	359.503000
180968.432258	360.144000
181027.656337	364.580000
181035.130603	365.127000
181094.758070	369.562000
181103.814255	370.228000
181165.153979	374.776000
181171.939353	375.273000
181235.611783	379.967000
181237.179148	380.081000
181303.975455	384.951000
181312.965439	385.599000
181374.966911	390.076000
181376.929569	390.217000
181442.329712	394.906000
181448.425544	395.342000
181519.679588	400.437000
181519.835073	400.448000
181585.434378	405.127000
181588.226868	405.327000
181659.570569	410.396000
181660.486049	410.461000
181726.325651	415.167000
181730.331147	415.453000
181800.885369	420.465000
181802.847349	420.606000
181867.487475	425.214000
181871.804720	425.527000
181937.720711	430.208000
181946.702060	430.860000
182011.173602	435.436000
182013.465178	435.603000
182079.317004	440.307000
182085.161878	440.736000
182145.126663	445.054000
182155.856468	445.844000
182219.653702	450.473000
182226.189578	450.952000
182283.138050	455.120000
182292.044910	455.775000
182352.279339	460.219000
182362.040267	460.935000
182422.549968	465.384000
182429.153678	465.863000
182488.932114	470.271000
182499.526140	471.035000
182551.820764	474.886000
182564.534283	475.799000
182630.233916	480.636000
182635.537824	481.018000
182690.503171	485.093000
182701.423649	485.881000
182756.957257	490.016000
182768.147452	490.828000
182831.603989	495.543000
182836.539834	495.899000
182895.362269	500.264000
182903.007480	500.816000
182959.010630	504.993000
182971.499227	505.892000
183035.033795	510.628000
183038.897222	510.905000
183094.315056	515.009000
183107.405005	515.951000
183166.054157	520.310000
183179.268218	521.262000
183234.881875	525.407000
183245.898146	526.200000
183299.084815	530.132000
183319.709068	531.621000
183372.289472	535.482000
183388.424314	536.643000
183438.111333	540.271000
183460.195690	541.860000
183506.234746	545.240000
183533.721678	547.207000
183577.185882	550.396000
183609.752061	552.740000
183644.660178	555.319000
183670.694323	557.222000
183715.341795	560.510000
183754.661342	563.398000
183779.905825	565.259000
183816.753898	567.944000
183850.614606	570.435000
183895.356033	573.708000
183920.629506	575.583000
183958.950491	578.414000
183980.966039	580.041000
184034.561554	584.004000
184053.355784	585.387000
184104.076515	589.133000
184120.287843	590.322000
184169.773421	593.970000
184183.444921	594.976000
184247.289707	599.676000
184254.624055	600.215000
184311.074504	604.365000
184323.491452	605.275000
184384.225666	609.742000
184387.025905	609.946000
184455.345179	614.938000
184456.856545	615.047000
184527.098863	620.125000
184527.533180	620.156000
184590.642793	624.711000
184598.051284	625.251000
184660.589227	629.762000
184670.630433	630.487000
184734.248911	635.066000
184744.865521	635.831000
184794.745597	639.443000
184810.348115	640.576000
184868.380446	644.808000
184882.917682	645.863000
184935.876726	649.733000
184957.395668	651.291000
185001.467994	654.497000
185021.238416	655.922000
185076.830135	659.955000
185093.844957	661.171000
185148.653241	665.158000
185165.586947	666.365000
185219.377776	670.252000
185233.582598	671.262000
185289.313870	675.264000
185302.845975	676.219000
185365.666919	680.725000
185376.088834	681.456000
185435.350941	685.713000
185447.753232	686.579000
185508.873561	690.946000
185514.273356	691.321000
185579.928906	695.965000
185587.490993	696.486000
185659.349773	701.538000
185661.388049	701.679000
185725.130293	706.200000
185729.617402	706.510000
185802.249136	711.622000
185804.786747	711.800000
185875.016043	716.654000
185875.842332	716.712000
185944.995449	721.468000
185952.977951	722.031000
186023.179090	726.860000
186024.539221	726.956000
186091.223453	731.529000
186106.432121	732.597000
186163.024597	736.508000
186173.438927	737.234000
186240.764123	741.883000
186252.445435	742.696000
186305.361650	746.330000
186327.455578	747.857000
186385.001451	751.774000
186401.010017	752.874000
186455.714173	756.568000
186480.260111	758.249000
186527.842187	761.437000
186551.526247	763.056000
186606.191465	766.695000
186633.996059	768.581000
186678.324708	771.533000
186708.909952	773.590000
186754.750387	776.646000
186784.193612	778.612000
186825.174506	781.338000
186864.248341	783.938000
186905.509109	786.666000
186943.209175	789.177000
186981.279459	791.687000
187015.392229	793.950000
187051.191306	796.300000
187100.104443	799.545000
187132.827939	801.682000
187173.560399	804.383000
187208.906604	806.688000
187256.984255	809.887000
187282.911046	811.571000
187324.009667	814.309000
187356.517555	816.435000
187417.863142	820.512000
187442.836644	822.142000
187482.799335	824.789000
187509.007851	826.486000
187566.573024	830.260000
187587.657879	831.612000
187650.419768	835.709000
187676.039835	837.345000
187723.458611	840.422000
187739.620471	841.453000
187805.512147	845.705000
187826.047165	847.005000
187892.807246	851.273000
187906.555862	852.137000
187961.506670	855.657000
187981.133361	856.878000
188053.272417	861.510000
188060.458334	861.959000
188130.568981	866.446000
188146.270833	867.425000
188210.140179	871.471000
188219.025556	872.022000
188293.919399	876.717000
188299.270569	877.046000
188381.221811	882.148000
188387.774643	882.547000
188454.475301	886.678000
188465.067145	887.323000
188541.590882	892.037000
188543.303522	892.142000
188625.957505	897.169000
188629.647540	897.393000
188707.912313	902.187000
188710.761105	902.359000
188789.408134	907.125000
188792.922205	907.335000
188874.274777	912.205000
188876.900716	912.361000
188960.216391	917.323000
188962.700829	917.470000
189042.960552	922.229000
189046.006589	922.408000
189127.598368	927.215000
189134.196076	927.604000
189211.335055	932.097000
189220.319380	932.622000
189302.667923	937.407000
189304.544538	937.516000
189385.126352	942.196000
189393.178554	942.662000
189469.649756	947.085000
189480.370065	947.704000
189558.079398	952.164000
189570.631254	952.884000
189649.154414	957.385000
189650.005993	957.434000
189728.161849	961.932000
189746.212524	962.959000
189824.918429	967.435000
189833.559413	967.924000
189908.461045	972.128000
189914.199309	972.451000
189995.732134	977.004000
190014.864005	978.083000
190089.102948	982.195000
190099.369945	982.771000
190170.932906	986.758000
190191.926045	987.924000
190248.648714	991.076000
190280.009290	992.804000
190321.334984	995.084000
190371.952582	997.855000
190378.383854	998.206000
190426.593699	1000.847000
190438.321160	1001.484000
190451.278396	1002.187000
190451.481356	1002.198000
190452.293975	1002.242000
190454.122536	1002.341000
190454.917118	1002.384000
190455.637622	1002.423000
190456.118194	1002.449000
190456.765137	1002.484000
190459.759933	1002.646000
190460.148362	1002.667000
190461.596843	1002.746000
190463.669077	1002.858000
190464.890591	1002.924000
190465.390325	1002.951000
190489.239221	1004.241000
190526.748371	1006.265000
190562.506515	1008.185000
190564.880591	1008.312000
190616.279774	1011.069000
190648.651090	1012.790000
190665.622208	1013.694000
190718.357355	1016.486000
190752.012548	1018.260000
190767.580373	1019.081000
190825.474375	1022.122000
190842.534418	1023.017000
190881.492288	1025.063000
190938.457511	1028.037000
190947.619113	1028.514000
191038.470333	1033.223000
191040.307982	1033.317000
191130.188713	1037.998000
191137.300069	1038.358000
191227.476968	1042.983000
191236.848936	1043.457000
191327.463124	1047.998000
191341.694671	1048.705000
191434.420588	1053.322000
191439.335272	1053.565000
191531.952859	1058.135000
191534.322170	1058.251000
191644.462692	1063.635000
191645.993383	1063.709000
191744.554605	1068.466000
191750.986935	1068.775000
191846.910450	1073.364000
191856.923675	1073.837000
191957.263520	1078.574000
191961.852285	1078.790000
192072.100904	1083.945000
192084.139149	1084.508000
192173.533070	1088.725000
192176.800983	1088.878000
192282.659279	1093.785000
192294.388277	1094.324000
192400.399686	1099.230000
192409.882814	1099.661000
192505.178314	1103.978000
192516.960774	1104.507000
192621.294871	1109.196000
192632.801102	1109.708000
192740.887172	1114.501000
192757.242269	1115.229000
192842.825156	1119.011000
192863.840761	1119.935000
192972.916550	1124.719000
192986.869728	1125.319000
193084.254010	1129.518000
193111.255231	1130.659000
193197.865540	1134.322000
193222.232076	1135.328000
193340.276204	1140.196000
193360.077823	1140.987000
193440.107906	1144.203000
193488.087328	1146.099000
193589.411168	1150.121000
193609.259112	1150.883000
193713.213145	1154.994000
193758.817433	1156.713000
193841.117981	1159.910000
193880.806558	1161.390000
193976.885771	1165.080000
194022.330795	1166.760000
194122.550531	1170.514000
194160.086352	1171.876000
194246.833785	1175.044000
194310.384331	1177.282000
194399.822285	1180.449000
194449.487135	1182.155000
194551.420593	1185.630000
194604.828043	1187.380000
194699.958822	1190.531000
194764.924712	1192.585000
194849.718638	1195.323000
194926.132434	1197.710000
195030.395198	1201.028000
195073.684404	1202.316000
195164.072971	1205.125000
195262.052538	1207.958000
195356.447719	1210.760000
195423.440460	1212.632000
195522.016623	1215.552000
195601.665960	1217.659000
195702.927830	1220.505000
195795.798318	1222.871000
195904.250823	1225.816000
195978.452089	1227.639000
196079.747566	1230.354000
196197.141253	1233.027000
196303.450557	1235.803000
196388.121956	1237.621000
196507.992848	1240.620000
196606.943994	1242.763000
196738.214332	1245.774000
196853.015375	1248.101000
196979.780063	1250.722000
197086.402109	1252.695000
197245.668274	1255.758000
197373.885479	1257.798000
197551.877668	1260.984000
197692.181320	1262.899000
197873.426017	1265.747000
198026.995050	1267.807000
198257.063969	1270.974000
198442.445663	1272.766000
198728.074957	1275.947000
199079.608742	1277.827000
