0.000000	500.000000
11.750729	500.816000
69.832317	504.993000
82.820349	505.892000
148.715725	510.628000
152.734967	510.905000
210.240547	515.009000
223.854320	515.951000
284.696251	520.310000
298.437850	521.262000
356.118577	525.407000
367.575419	526.200000
422.773042	530.132000
444.217011	531.621000
498.813919	535.482000
515.594575	536.643000
567.209922	540.271000
590.178351	541.860000
637.983778	545.240000
666.583759	547.207000
711.717708	550.396000
745.586602	552.740000
781.816401	555.319000
808.858612	557.222000
855.207937	560.510000
896.034598	563.398000
922.239267	565.259000
960.523617	567.944000
995.677876	570.435000
1042.148871	573.708000
1068.370885	575.583000
1108.142923	578.414000
1130.991480	580.041000
1186.612576	584.004000
1206.124367	585.387000
1258.766801	589.133000
1275.601396	590.322000
1326.969214	593.970000
1341.162731	594.976000
1407.443042	599.676000
1415.058190	600.215000
1473.668272	604.365000
1486.563386	605.275000
1549.618846	609.742000
1552.528284	609.946000
1623.495049	614.938000
1625.066618	615.047000
1698.092914	620.125000
1698.544914	620.156000
1764.164341	624.711000
1771.861414	625.251000
1836.889622	629.762000
1847.329849	630.487000
1913.493241	635.066000
1924.533538	635.831000
1976.383591	639.443000
1992.598696	640.576000
2052.889235	644.808000
2067.997967	645.863000
2123.008873	649.733000
2145.377995	651.291000
2191.174301	654.497000
2211.733247	655.922000
2269.512035	659.955000
2287.217771	661.171000
2344.169966	665.158000
2361.795154	666.365000
2417.719866	670.252000
2432.507764	671.262000
2490.479404	675.264000
2504.575827	676.219000
2569.928180	680.725000
2580.790401	681.456000
2642.433094	685.713000
2655.364378	686.579000
2718.967905	690.946000
2724.600688	691.321000
2792.981138	695.965000
2800.875071	696.486000
2875.754781	701.538000
2877.881736	701.679000
2944.254229	706.200000
2948.937095	706.510000
3024.615104	711.622000
3027.259911	711.800000
3100.550263	716.654000
3101.411406	716.712000
3173.610542	721.468000
3181.926368	722.031000
3255.218435	726.860000
3256.635271	726.956000
3326.274820	731.529000
3342.124429	732.597000
3401.184210	736.508000
3412.044283	737.234000
3482.309692	741.883000
3494.492702	742.696000
3549.746981	746.330000
3572.803981	747.857000
3632.940932	751.774000
3649.655981	752.874000
3706.865424	756.568000
3732.502336	758.249000
3782.300206	761.437000
3807.041050	763.056000
3864.287215	766.695000
3893.353070	768.581000
3939.772983	771.533000
3971.771047	773.590000
4019.769049	776.646000
4050.593362	778.612000
4093.512223	781.338000
4134.432544	783.938000
4177.669986	786.666000
4217.147968	789.177000
4257.053057	791.687000
4292.788364	793.950000
4330.328929	796.300000
4381.568319	799.545000
4415.901445	801.682000
4458.573051	804.383000
4495.663187	806.688000
4546.012994	809.887000
4573.229968	811.571000
4616.265812	814.309000
4650.367769	816.435000
4714.619884	820.512000
4740.823236	822.142000
4782.692968	824.789000
4810.214429	826.486000
4870.587578	830.260000
4892.751026	831.612000
4958.602759	835.709000
4985.545156	837.345000
5035.328462	840.422000
5052.326286	841.453000
5121.543037	845.705000
5143.157819	847.005000
5213.355006	851.273000
5227.838083	852.137000
5285.605981	855.657000
5306.304231	856.878000
5382.122766	861.510000
5389.697335	861.959000
5463.409306	866.446000
5479.964339	867.425000
5547.187296	871.471000
5556.561159	872.022000
5635.477095	876.717000
5641.127962	877.046000
5727.546472	882.148000
5734.474072	882.547000
5804.851748	886.678000
5816.049227	887.323000
5896.840732	892.037000
5898.649877	892.142000
5986.042777	897.169000
5989.945255	897.393000
6072.628748	902.187000
6075.643487	902.359000
6158.835252	907.125000
6162.558640	907.335000
6248.738862	912.205000
6251.523241	912.361000
6339.838525	917.323000
6342.474188	917.470000
6427.596515	922.229000
6430.830748	922.408000
6517.435533	927.215000
6524.437936	927.604000
6606.436116	932.097000
6615.982384	932.622000
6703.545428	937.407000
6705.540979	937.516000
6791.231005	942.196000
6799.797618	942.662000
6881.160356	947.085000
6892.568945	947.704000
6975.333899	952.164000
6988.703333	952.884000
7072.349277	957.385000
7073.255949	957.434000
7156.465875	961.932000
7175.713564	962.959000
7259.643907	967.435000
7268.864710	967.924000
7348.884174	972.128000
7355.012042	972.451000
7442.178514	977.004000
7462.603823	978.083000
7542.065657	982.195000
7553.034856	982.771000
7629.567941	986.758000
7652.029015	987.924000
7712.713788	991.076000
7746.306203	992.804000
7790.564622	995.084000
7844.836760	997.855000
7851.735513	998.206000
7903.420779	1000.847000
7916.009774	1001.484000
7929.921287	1002.187000
7930.139229	1002.198000
7931.011965	1002.242000
7932.975829	1002.341000
7933.829264	1002.384000
7934.603109	1002.423000
7935.119297	1002.449000
7935.814189	1002.484000
7939.031012	1002.646000
7939.448274	1002.667000
7941.002202	1002.746000
7943.228356	1002.858000
7944.540663	1002.924000
7945.077546	1002.951000
7970.694776	1004.241000
8011.000090	1006.265000
8049.453338	1008.185000
8052.007838	1008.312000
8107.289855	1011.069000
8142.155503	1012.790000
8160.428698	1013.694000
8217.265162	1016.486000
8253.563685	1018.260000
8270.352887	1019.081000
8332.829672	1022.122000
8351.243919	1023.017000
8393.286775	1025.063000
8454.823337	1028.037000
8464.724648	1028.514000
8562.985437	1033.223000
8564.977475	1033.317000
8662.110488	1037.998000
8669.833485	1038.358000
8767.541487	1042.983000
8777.721221	1043.457000
8876.309572	1047.998000
8891.818544	1048.705000
8992.824514	1053.322000
8998.185116	1053.565000
9099.245237	1058.135000
9101.834394	1058.251000
9222.231242	1063.635000
9223.908129	1063.709000
9331.918655	1068.466000
9338.974337	1068.775000
9444.282470	1073.364000
9455.304351	1073.837000
9565.765476	1078.574000
9570.820250	1078.790000
9692.439475	1083.945000
9705.718702	1084.508000
9804.145825	1088.725000
9807.749764	1088.878000
9924.747476	1093.785000
9937.735833	1094.324000
10054.945579	1099.230000
10065.473534	1099.661000
10171.348838	1103.978000
10184.467158	1104.507000
10300.602601	1109.196000
10313.441098	1109.708000
10434.144343	1114.501000
10452.391687	1115.229000
10548.046854	1119.011000
10571.565660	1119.935000
10693.709458	1124.719000
10709.414794	1125.319000
10818.949051	1129.518000
10849.485696	1130.659000
10947.413479	1134.322000
10975.154974	1135.328000
11109.594799	1140.196000
11132.369952	1140.987000
11224.242645	1144.203000
11279.622293	1146.099000
11396.401284	1150.121000
11419.539906	1150.883000
11539.497996	1154.994000
11593.023125	1156.713000
11688.571805	1159.910000
11735.345981	1161.390000
11847.340025	1165.080000
11901.081591	1166.760000
12018.989567	1170.514000
12063.717153	1171.876000
12166.808862	1175.044000
12243.533784	1177.282000
12351.244152	1180.449000
12411.916692	1182.155000
12536.913035	1185.630000
12603.806092	1187.380000
12722.240910	1190.531000
12805.379725	1192.585000
12912.493822	1195.323000
13011.051833	1197.710000
13143.932710	1201.028000
13201.761595	1202.316000
13318.747370	1205.125000
13452.765366	1207.958000
13579.098213	1210.760000
13673.687620	1212.632000
13805.834920	1215.552000
13925.376721	1217.659000
14067.542919	1220.505000
14214.292562	1222.871000
14372.105978	1225.816000
14496.573361	1227.639000
14646.197190	1230.354000
14881.177543	1233.027000
15043.423373	1235.803000
15257.699319	1237.621000
15452.572709	1240.620000
15692.167772	1242.763000
15949.349588	1245.774000
16447.088068	1248.101000
16869.582859	1250.722000
17667.180808	1245.774000
18311.224884	1242.763000
18494.267272	1240.620000
18829.566196	1237.621000
18947.698848	1235.803000
19274.888081	1233.027000
19431.113984	1230.354000
19669.786508	1227.639000
19770.252158	1225.816000
19971.325357	1222.871000
20098.111959	1220.505000
20274.633296	1217.659000
20379.884238	1215.552000
20545.552039	1212.632000
20630.271130	1210.760000
20771.852070	1207.958000
20899.582603	1205.125000
21032.465255	1202.316000
21086.106294	1201.028000
21235.078529	1197.710000
21330.674265	1195.323000
21443.724887	1192.585000
21524.080020	1190.531000
21651.621601	1187.380000
21717.397841	1185.630000
21850.228340	1182.155000
21911.593451	1180.449000
22024.225301	1177.282000
22100.340174	1175.044000
22208.948106	1171.876000
22253.269731	1170.514000
22376.549729	1166.760000
22429.316218	1165.080000
22547.355729	1161.390000
22592.274750	1159.910000
22693.313290	1156.713000
22744.689012	1154.994000
22872.694716	1150.883000
22894.929711	1150.121000
23017.060335	1146.099000
23072.110799	1144.203000
23166.045899	1140.987000
23188.642696	1140.196000
23328.806342	1135.328000
23356.589100	1134.322000
23457.600130	1130.659000
23488.103980	1129.518000
23600.482045	1125.319000
23616.133522	1124.719000
23741.357397	1119.935000
23764.948716	1119.011000
23861.212917	1115.229000
23879.625652	1114.501000
23999.762352	1109.708000
24012.656169	1109.196000
24130.233737	1104.507000
24143.335816	1103.978000
24250.390235	1099.661000
24260.960598	1099.230000
24380.798527	1094.324000
24393.675831	1093.785000
24511.920477	1088.878000
24515.568459	1088.725000
24614.900545	1084.508000
24628.041278	1083.945000
24749.629942	1078.790000
24754.725918	1078.574000
24865.579929	1073.837000
24876.609719	1073.364000
24983.542932	1068.775000
24990.633848	1068.466000
25099.254817	1063.709000
25100.935031	1063.635000
25222.939939	1058.251000
25225.533927	1058.135000
25327.537795	1053.565000
25332.911452	1053.322000
25434.762883	1048.705000
25450.229900	1047.998000
25549.842689	1043.457000
25560.133568	1042.983000
25659.461133	1038.358000
25667.066512	1037.998000
25767.486923	1033.317000
25769.437468	1033.223000
25869.230124	1028.514000
25879.183489	1028.037000
25940.916188	1025.063000
25983.251025	1023.017000
26001.642206	1022.122000
26064.209495	1019.081000
26081.076789	1018.260000
26117.354552	1016.486000
26174.482779	1013.694000
26192.885417	1012.790000
26227.673213	1011.069000
26283.527131	1008.312000
26286.073673	1008.185000
26324.692890	1006.265000
26365.229023	1004.241000
26390.917686	1002.951000
26391.453860	1002.924000
26392.766239	1002.858000
26394.993186	1002.746000
26396.563419	1002.667000
26396.976489	1002.646000
26400.195368	1002.484000
26400.890361	1002.449000
26401.406566	1002.423000
26402.180849	1002.384000
26403.034062	1002.341000
26404.998948	1002.242000
26405.871776	1002.198000
26406.089960	1002.187000
26420.018462	1001.484000
26432.623915	1000.847000
26484.817851	998.206000
26491.687040	997.855000
26546.149841	995.084000
26590.805372	992.804000
26624.348595	991.076000
26685.623647	987.924000
26708.072393	986.758000
26784.875397	982.771000
26795.932095	982.195000
26874.239987	978.083000
26895.090989	977.004000
26981.278599	972.451000
26987.462383	972.128000
27067.219518	967.924000
27076.527205	967.435000
27160.928659	962.959000
27180.186135	961.932000
27264.486141	957.434000
27265.392608	957.385000
27348.676914	952.884000
27362.057292	952.164000
27444.873508	947.704000
27456.360393	947.085000
27537.879280	942.662000
27546.451524	942.196000
27632.485318	937.516000
27634.481090	937.407000
27722.083940	932.622000
27731.691171	932.097000
27813.389040	927.604000
27820.488370	927.215000
27907.019357	922.408000
27910.244291	922.229000
27996.231503	917.470000
27998.860833	917.323000
28087.827897	912.361000
28090.604435	912.205000
28177.527056	907.335000
28181.243246	907.125000
28265.746405	902.359000
28268.748710	902.187000
28352.775776	897.393000
28356.639168	897.169000
28444.218427	892.142000
28446.043821	892.037000
28527.265808	887.323000
28538.320225	886.678000
28610.036168	882.547000
28616.833721	882.148000
28705.416722	877.046000
28710.989378	876.717000
28791.630173	872.022000
28800.891660	871.471000
28869.724051	867.425000
28885.989814	866.446000
28961.865639	861.959000
28969.241765	861.510000
29047.382982	856.878000
29067.368826	855.657000
29127.039457	852.137000
29141.218850	851.273000
29212.762571	847.005000
29234.144095	845.705000
29304.841059	841.453000
29321.624330	840.422000
29372.354013	837.345000
29398.823135	835.709000
29466.294409	831.612000
29488.025320	830.260000
29549.892814	826.486000
29577.039935	824.789000
29619.968225	822.142000
29645.751248	820.512000
29711.291779	816.435000
29744.796807	814.309000
29788.715508	811.571000
29815.184595	809.887000
29866.887148	806.688000
29903.166081	804.383000
29946.628317	801.682000
29980.389600	799.545000
30032.523896	796.300000
30069.631005	793.950000
30105.781770	791.687000
30145.417484	789.177000
30185.338472	786.666000
30228.228131	783.938000
30269.436837	781.338000
30312.340220	778.612000
30343.293441	776.646000
30391.207530	773.590000
30423.515086	771.533000
30469.435495	768.581000
30499.092662	766.695000
30555.174660	763.056000
30580.643619	761.437000
30629.361228	758.249000
30655.619139	756.568000
30711.956290	752.874000
30728.992128	751.774000
30788.512897	747.857000
30811.956635	746.330000
30866.828369	742.696000
30879.189879	741.883000
30948.856319	737.234000
30959.829149	736.508000
31018.332933	732.597000
31034.460738	731.529000
31102.326154	726.956000
31103.788082	726.860000
31175.057903	722.031000
31183.602827	721.468000
31253.851617	716.712000
31254.732094	716.654000
31326.800898	711.800000
31329.488513	711.622000
31405.445004	706.510000
31410.034242	706.200000
31478.328549	701.679000
31480.398561	701.538000
31556.606916	696.486000
31564.329071	695.965000
31634.692652	691.321000
31640.214329	690.946000
31705.809962	686.579000
31718.422890	685.713000
31781.989257	681.456000
31792.574366	680.725000
31859.530820	676.219000
31873.381574	675.264000
31932.453705	671.262000
31947.084229	670.252000
32003.995675	666.365000
32021.361543	665.158000
32079.581612	661.171000
32096.951532	659.955000
32155.674585	655.922000
32176.089852	654.497000
32222.343874	651.291000
32244.599222	649.733000
32300.163089	645.863000
32315.159602	644.808000
32375.766382	640.576000
32391.907493	639.443000
32443.601192	635.831000
32454.582723	635.066000
32520.665755	630.487000
32531.141505	629.762000
32596.101317	625.251000
32603.885673	624.711000
32668.811915	620.156000
32669.258502	620.125000
32743.299029	615.047000
32744.866549	614.938000
32816.841540	609.946000
32819.741624	609.742000
32883.449750	605.275000
32896.295165	604.365000
32955.102552	600.215000
32962.714801	599.676000
33029.117764	594.976000
33043.304571	593.970000
33094.773706	590.322000
33111.516123	589.133000
33164.554298	585.387000
33183.989558	584.004000
33239.900788	580.041000
33262.735893	578.414000
33302.492663	575.583000
33328.834087	573.708000
33374.607234	570.435000
33409.975169	567.944000
33447.867255	565.259000
33474.402515	563.398000
33515.068332	560.510000
33561.549656	557.222000
33588.375314	555.319000
33625.023691	552.740000
33657.952210	550.396000
33704.030667	547.207000
33731.869637	545.240000
33781.014496	541.860000
33803.488704	540.271000
33855.930152	536.643000
33872.447632	535.482000
33928.253069	531.621000
33949.308443	530.132000
34005.935498	526.200000
34017.067674	525.407000
34076.952429	521.262000
34090.200210	520.310000
34153.119989	515.951000
34166.268211	515.009000
34225.579171	510.905000
34229.460517	510.628000
34298.179402	505.892000
34310.687836	504.993000
34371.033787	500.816000
34378.709400	500.264000
34441.567162	495.899000
34446.544555	495.543000
34514.520414	490.828000
34525.857489	490.016000
34585.082819	485.881000
34596.059922	485.093000
34654.780281	481.018000
34660.126522	480.636000
34729.969141	475.799000
34742.843143	474.886000
34798.623714	471.035000
34809.393941	470.271000
34872.952681	465.863000
34879.695502	465.384000
34943.445298	460.935000
34953.555880	460.219000
35016.467606	455.775000
35025.682649	455.120000
35084.527084	450.952000
35091.324528	450.473000
35156.918710	445.844000
35168.234757	445.054000
35229.118536	440.736000
35235.314220	440.307000
35301.863667	435.603000
35304.296546	435.436000
35369.535365	430.860000
35379.099912	430.208000
35446.114285	425.527000
35450.703221	425.214000
35516.765798	420.606000
35518.824465	420.465000
35591.364030	415.453000
35595.555649	415.167000
35664.145752	410.461000
35665.092056	410.396000
35739.424776	405.327000
35742.355404	405.127000
35810.326536	400.448000
35810.487044	400.437000
35885.492645	395.342000
35891.837469	394.906000
35960.053219	390.217000
35962.099143	390.076000
36026.919779	385.599000
36036.250417	384.951000
36106.508514	380.081000
36108.132997	379.967000
36175.195206	375.273000
36182.193239	374.776000
36246.679505	370.228000
36255.999514	369.562000
36318.611591	365.127000
36326.240403	364.580000
36389.195455	360.144000
36398.068098	359.503000
36462.312724	355.093000
36472.984582	354.326000
36537.663776	349.919000
36547.616804	349.213000
36611.356327	344.932000
36623.499019	344.079000
36686.580487	339.886000
36699.955696	338.969000
36768.127197	334.400000
36778.636028	333.681000
36836.400020	329.779000
36852.731614	328.662000
36916.639272	324.327000
36930.661085	323.373000
36992.150377	319.214000
37006.254889	318.264000
37068.715480	314.026000
37084.630248	312.979000
37143.110959	309.113000
37160.762305	307.959000
37222.413429	303.864000
37243.989104	302.446000
37300.861918	298.680000
37313.968198	297.810000
37373.795664	293.920000
37402.016859	292.052000
37451.213234	288.916000
37477.705301	287.172000
37533.869241	283.681000
37559.069793	282.056000
37610.394630	278.949000
37645.121923	276.755000
37691.312228	274.037000
37731.498562	271.601000
37781.589874	268.793000
37818.051069	266.612000
37866.074280	263.996000
37912.645832	261.292000
37954.290990	259.101000
38004.984150	256.228000
38051.705971	253.907000
38107.451468	250.909000
38144.798941	249.006000
38206.054661	245.758000
38236.101211	244.176000
38304.817861	240.610000
38344.117878	238.619000
38406.928140	235.224000
38432.174122	233.968000
38505.968991	230.037000
38529.159011	228.921000
38605.955362	224.914000
38628.069288	223.869000
38713.944274	219.529000
38732.212207	218.704000
38828.280003	214.047000
38831.736920	213.900000
38935.583899	209.540000
38956.736896	208.688000
39080.060601	203.901000
39092.422818	203.459000
39228.163242	198.715000
39231.344432	198.617000
39368.782115	193.926000
39381.002937	193.538000
39663.551050	188.688000
39682.206832	188.067000
39846.563966	193.538000
39869.167815	193.926000
40016.920074	198.617000
40019.791294	198.715000
40173.786892	203.459000
40186.433870	203.901000
40320.320600	208.688000
40342.270003	209.540000
40450.517738	213.900000
40454.019001	214.047000
40563.535071	218.704000
40580.553738	219.529000
40676.654133	223.869000
40697.331405	224.914000
40782.126145	228.921000
40803.514897	230.037000
40885.199456	233.968000
40908.777771	235.224000
40977.018305	238.619000
41013.853424	240.610000
41084.242104	244.176000
41114.727168	245.758000
41176.415662	249.006000
41212.305327	250.909000
41271.142808	253.907000
41314.300012	256.228000
41372.133615	259.101000
41410.793104	261.292000
41462.189046	263.996000
41507.244956	266.612000
41547.282655	268.793000
41594.225817	271.601000
41637.681100	274.037000
41682.519547	276.755000
41719.804878	278.949000
41768.983411	282.056000
41795.826944	283.681000
41849.965484	287.172000
41878.023322	288.916000
41925.660433	292.052000
41954.964906	293.920000
42013.733883	297.810000
42027.114319	298.680000
42083.847939	302.446000
42105.262079	303.864000
42167.569827	307.959000
42184.943550	309.113000
42244.077088	312.979000
42259.914983	314.026000
42324.334072	318.264000
42338.335385	319.214000
42400.083454	323.373000
42414.187995	324.327000
42477.903463	328.662000
42494.370558	329.779000
42551.421481	333.681000
42562.065332	334.400000
42628.845375	338.969000
42642.527421	339.886000
42703.685822	344.079000
42716.518756	344.932000
42777.459981	349.213000
42787.971568	349.919000
42850.100457	354.326000
42861.357308	355.093000
42922.717015	359.503000
42932.055066	360.144000
42993.457634	364.580000
43001.220576	365.127000
43063.073927	369.562000
43072.476327	370.228000
43136.121072	374.776000
43143.168054	375.273000
43209.262157	379.967000
43210.890851	380.081000
43280.287650	384.951000
43289.636161	385.599000
43354.101074	390.076000
43356.142555	390.217000
43424.180412	394.906000
43430.523356	395.342000
43504.667568	400.437000
43504.829504	400.448000
43573.103640	405.127000
43576.009010	405.327000
43650.285760	410.396000
43651.238932	410.461000
43719.751293	415.167000
43723.919752	415.453000
43797.375675	420.465000
43799.416393	420.606000
43866.695366	425.214000
43871.182689	425.527000
43939.811476	430.208000
43949.145672	430.860000
44016.273534	435.436000
44018.654408	435.603000
44087.182941	440.307000
44093.252182	440.736000
44155.613404	445.054000
44166.752400	445.844000
44233.058703	450.473000
44239.846263	450.952000
44298.993957	455.120000
44308.241343	455.775000
44370.762942	460.219000
44380.899035	460.935000
44443.723029	465.384000
44450.586628	465.863000
44512.637475	470.271000
44523.653555	471.035000
44577.941701	474.886000
44591.166230	475.799000
44659.371651	480.636000
44664.887442	481.018000
44721.918674	485.093000
44733.273678	485.881000
44790.875613	490.016000
44802.505835	490.828000
44868.336265	495.543000
44873.468695	495.899000
44934.497680	500.264000
44942.446702	500.816000
45000.528290	504.993000
45013.516322	505.892000
45079.411698	510.628000
45083.430940	510.905000
45140.936521	515.009000
45154.550293	515.951000
45215.392224	520.310000
45229.133823	521.262000
45286.814550	525.407000
45298.271392	526.200000
45353.469015	530.132000
45374.912984	531.621000
45429.509892	535.482000
45446.290548	536.643000
45497.905895	540.271000
45520.874324	541.860000
45568.679751	545.240000
45597.279732	547.207000
45642.413681	550.396000
45676.282575	552.740000
45712.512374	555.319000
45739.554585	557.222000
45785.903910	560.510000
45826.730571	563.398000
45852.935241	565.259000
45891.219590	567.944000
45926.373849	570.435000
45972.844845	573.708000
45999.066858	575.583000
46038.838896	578.414000
46061.687453	580.041000
46117.308549	584.004000
46136.820340	585.387000
46189.462774	589.133000
46206.297369	590.322000
46257.665187	593.970000
46271.858704	594.976000
46338.139015	599.676000
46345.754163	600.215000
46404.364246	604.365000
46417.259359	605.275000
46480.314819	609.742000
46483.224257	609.946000
46554.191022	614.938000
46555.762591	615.047000
46628.788887	620.125000
46629.240888	620.156000
46694.860314	624.711000
46702.557387	625.251000
46767.585595	629.762000
46778.025822	630.487000
46844.189214	635.066000
46855.229511	635.831000
46907.079564	639.443000
46923.294669	640.576000
46983.585208	644.808000
46998.693940	645.863000
47053.704846	649.733000
47076.073969	651.291000
47121.870274	654.497000
47142.429220	655.922000
47200.208008	659.955000
47217.913744	661.171000
47274.865939	665.158000
47292.491127	666.365000
47348.415839	670.252000
47363.203737	671.262000
47421.175377	675.264000
47435.271800	676.219000
47500.624153	680.725000
47511.486374	681.456000
47573.129067	685.713000
47586.060351	686.579000
47649.663878	690.946000
47655.296661	691.321000
47723.677111	695.965000
47731.571044	696.486000
47806.450754	701.538000
47808.577709	701.679000
47874.950202	706.200000
47879.633068	706.510000
47955.311077	711.622000
47957.955884	711.800000
48031.246236	716.654000
48032.107379	716.712000
48104.306515	721.468000
48112.622341	722.031000
48185.914408	726.860000
48187.331244	726.956000
48256.970793	731.529000
48272.820402	732.597000
48331.880183	736.508000
48342.740256	737.234000
48413.005665	741.883000
48425.188675	742.696000
48480.442954	746.330000
48503.499954	747.857000
48563.636905	751.774000
48580.351954	752.874000
48637.561397	756.568000
48663.198309	758.249000
48712.996179	761.437000
48737.737023	763.056000
48794.983188	766.695000
48824.049043	768.581000
48870.468957	771.533000
48902.467020	773.590000
48950.465022	776.646000
48981.289335	778.612000
49024.208196	781.338000
49065.128517	783.938000
49108.365959	786.666000
49147.843941	789.177000
49187.749030	791.687000
49223.484338	793.950000
49261.024902	796.300000
49312.264292	799.545000
49346.597418	801.682000
49389.269024	804.383000
49426.359160	806.688000
49476.708967	809.887000
49503.925941	811.571000
49546.961785	814.309000
49581.063742	816.435000
49645.315857	820.512000
49671.519209	822.142000
49713.388941	824.789000
49740.910402	826.486000
49801.283551	830.260000
49823.446999	831.612000
49889.298732	835.709000
49916.241129	837.345000
49966.024435	840.422000
49983.022259	841.453000
50052.239010	845.705000
50073.853792	847.005000
50144.050979	851.273000
50158.534056	852.137000
50216.301954	855.657000
50237.000204	856.878000
50312.818739	861.510000
50320.393309	861.959000
50394.105279	866.446000
50410.660312	867.425000
50477.883269	871.471000
50487.257132	872.022000
50566.173068	876.717000
50571.823935	877.046000
50658.242445	882.148000
50665.170045	882.547000
50735.547721	886.678000
50746.745200	887.323000
50827.536705	892.037000
50829.345850	892.142000
50916.738750	897.169000
50920.641228	897.393000
51003.324722	902.187000
51006.339460	902.359000
51089.531225	907.125000
51093.254613	907.335000
51179.434835	912.205000
51182.219214	912.361000
51270.534498	917.323000
51273.170161	917.470000
51358.292489	922.229000
51361.526721	922.408000
51448.131506	927.215000
51455.133909	927.604000
51537.132089	932.097000
51546.678357	932.622000
51634.241402	937.407000
51636.236952	937.516000
51721.926978	942.196000
51730.493591	942.662000
51811.856329	947.085000
51823.264918	947.704000
51906.029872	952.164000
51919.399306	952.884000
52003.045250	957.385000
52003.951922	957.434000
52087.161848	961.932000
52106.409537	962.959000
52190.339881	967.435000
52199.560683	967.924000
52279.580147	972.128000
52285.708015	972.451000
52372.874487	977.004000
52393.299796	978.083000
52472.761630	982.195000
52483.730829	982.771000
52560.263914	986.758000
52582.724988	987.924000
52643.409761	991.076000
52677.002176	992.804000
52721.260595	995.084000
52775.532733	997.855000
52782.431486	998.206000
52834.116752	1000.847000
52846.705747	1001.484000
52860.617260	1002.187000
52860.835202	1002.198000
52861.707938	1002.242000
52863.671802	1002.341000
52864.525238	1002.384000
52865.299082	1002.423000
52865.815270	1002.449000
52866.510162	1002.484000
52869.726985	1002.646000
52870.144247	1002.667000
52871.698175	1002.746000
52873.924329	1002.858000
52875.236636	1002.924000
52875.773519	1002.951000
52901.390749	1004.241000
52941.696063	1006.265000
52980.149311	1008.185000
52982.703811	1008.312000
53037.985828	1011.069000
53072.851476	1012.790000
53091.124671	1013.694000
53147.961135	1016.486000
53184.259658	1018.260000
53201.048860	1019.081000
53263.525646	1022.122000
53281.939892	1023.017000
53323.982748	1025.063000
53385.519310	1028.037000
53395.420621	1028.514000
53493.681410	1033.223000
53495.673448	1033.317000
53592.806461	1037.998000
53600.529458	1038.358000
53698.237460	1042.983000
53708.417194	1043.457000
53807.005546	1047.998000
53822.514518	1048.705000
53923.520487	1053.322000
53928.881089	1053.565000
54029.941210	1058.135000
54032.530367	1058.251000
54152.927215	1063.635000
54154.604102	1063.709000
54262.614628	1068.466000
54269.670310	1068.775000
54374.978443	1073.364000
54386.000324	1073.837000
54496.461449	1078.574000
54501.516223	1078.790000
54623.135448	1083.945000
54636.414675	1084.508000
54734.841798	1088.725000
54738.445737	1088.878000
54855.443449	1093.785000
54868.431806	1094.324000
54985.641552	1099.230000
54996.169507	1099.661000
55102.044811	1103.978000
55115.163131	1104.507000
55231.298574	1109.196000
55244.137071	1109.708000
55364.840316	1114.501000
55383.087660	1115.229000
55478.742828	1119.011000
55502.261633	1119.935000
55624.405431	1124.719000
55640.110767	1125.319000
55749.645024	1129.518000
55780.181669	1130.659000
55878.109452	1134.322000
55905.850947	1135.328000
56040.290772	1140.196000
56063.065925	1140.987000
56154.938618	1144.203000
56210.318266	1146.099000
56327.097257	1150.121000
56350.235879	1150.883000
56470.193969	1154.994000
56523.719098	1156.713000
56619.267778	1159.910000
56666.041954	1161.390000
56778.035998	1165.080000
56831.777565	1166.760000
56949.685540	1170.514000
56994.413126	1171.876000
57097.504835	1175.044000
57174.229757	1177.282000
57281.940125	1180.449000
57342.612665	1182.155000
57467.609008	1185.630000
57534.502065	1187.380000
57652.936883	1190.531000
57736.075698	1192.585000
57843.189795	1195.323000
57941.747806	1197.710000
58074.628683	1201.028000
58132.457568	1202.316000
58249.443343	1205.125000
58383.461339	1207.958000
58509.794186	1210.760000
58604.383593	1212.632000
58736.530893	1215.552000
58856.072694	1217.659000
58998.238892	1220.505000
59144.988535	1222.871000
59302.801951	1225.816000
59427.269334	1227.639000
59576.893163	1230.354000
59811.873516	1233.027000
59974.119346	1235.803000
60188.395292	1237.621000
60383.268682	1240.620000
60622.863745	1242.763000
60880.045561	1245.774000
61377.784041	1248.101000
61800.278832	1250.722000
62597.876782	1245.774000
63241.920857	1242.763000
63424.963246	1240.620000
63760.262169	1237.621000
63878.394821	1235.803000
64205.584054	1233.027000
64361.809957	1230.354000
64600.482481	1227.639000
64700.948131	1225.816000
64902.021330	1222.871000
65028.807932	1220.505000
65205.329269	1217.659000
65310.580211	1215.552000
65476.248012	1212.632000
65560.967103	1210.760000
65702.548043	1207.958000
65830.278576	1205.125000
65963.161228	1202.316000
66016.802267	1201.028000
66165.774502	1197.710000
66261.370238	1195.323000
66374.420860	1192.585000
66454.775993	1190.531000
66582.317574	1187.380000
66648.093814	1185.630000
66780.924313	1182.155000
66842.289424	1180.449000
66954.921274	1177.282000
67031.036147	1175.044000
67139.644079	1171.876000
67183.965705	1170.514000
67307.245702	1166.760000
67360.012191	1165.080000
67478.051702	1161.390000
67522.970723	1159.910000
67624.009263	1156.713000
67675.384985	1154.994000
67803.390689	1150.883000
67825.625684	1150.121000
67947.756308	1146.099000
68002.806772	1144.203000
68096.741872	1140.987000
68119.338669	1140.196000
68259.502315	1135.328000
68287.285073	1134.322000
68388.296103	1130.659000
68418.799953	1129.518000
68531.178018	1125.319000
68546.829495	1124.719000
68672.053370	1119.935000
68695.644689	1119.011000
68791.908890	1115.229000
68810.321625	1114.501000
68930.458325	1109.708000
68943.352142	1109.196000
69060.929710	1104.507000
69074.031789	1103.978000
69181.086208	1099.661000
69191.656571	1099.230000
69311.494501	1094.324000
69324.371805	1093.785000
69442.616450	1088.878000
69446.264432	1088.725000
69545.596518	1084.508000
69558.737251	1083.945000
69680.325915	1078.790000
69685.421891	1078.574000
69796.275902	1073.837000
69807.305692	1073.364000
69914.238905	1068.775000
69921.329821	1068.466000
70029.950790	1063.709000
70031.631004	1063.635000
70153.635912	1058.251000
70156.229900	1058.135000
70258.233768	1053.565000
70263.607425	1053.322000
70365.458856	1048.705000
70380.925873	1047.998000
70480.538662	1043.457000
70490.829541	1042.983000
70590.157106	1038.358000
70597.762486	1037.998000
70698.182896	1033.317000
70700.133441	1033.223000
70799.926097	1028.514000
70809.879462	1028.037000
70871.612161	1025.063000
70913.946998	1023.017000
70932.338179	1022.122000
70994.905468	1019.081000
71011.772762	1018.260000
71048.050525	1016.486000
71105.178752	1013.694000
71123.581390	1012.790000
71158.369186	1011.069000
71214.223105	1008.312000
71216.769646	1008.185000
71255.388863	1006.265000
71295.924996	1004.241000
71321.613659	1002.951000
71322.149834	1002.924000
71323.462212	1002.858000
71325.689159	1002.746000
71327.259392	1002.667000
71327.672462	1002.646000
71330.891341	1002.484000
71331.586334	1002.449000
71332.102539	1002.423000
71332.876822	1002.384000
71333.730035	1002.341000
71335.694921	1002.242000
71336.567749	1002.198000
71336.785933	1002.187000
71350.714435	1001.484000
71363.319888	1000.847000
71415.513824	998.206000
71422.383013	997.855000
71476.845814	995.084000
71521.501345	992.804000
71555.044568	991.076000
71616.319620	987.924000
71638.768366	986.758000
71715.571370	982.771000
71726.628068	982.195000
71804.935961	978.083000
71825.786962	977.004000
71911.974572	972.451000
71918.158356	972.128000
71997.915491	967.924000
72007.223178	967.435000
72091.624632	962.959000
72110.882108	961.932000
72195.182114	957.434000
72196.088581	957.385000
72279.372887	952.884000
72292.753265	952.164000
72375.569481	947.704000
72387.056366	947.085000
72468.575253	942.662000
72477.147497	942.196000
72563.181291	937.516000
72565.177063	937.407000
72652.779913	932.622000
72662.387144	932.097000
72744.085013	927.604000
72751.184343	927.215000
72837.715330	922.408000
72840.940264	922.229000
72926.927476	917.470000
72929.556806	917.323000
73018.523870	912.361000
73021.300408	912.205000
73108.223029	907.335000
73111.939219	907.125000
73196.442378	902.359000
73199.444683	902.187000
73283.471749	897.393000
73287.335141	897.169000
73374.914400	892.142000
73376.739794	892.037000
73457.961782	887.323000
73469.016198	886.678000
73540.732141	882.547000
73547.529694	882.148000
73636.112695	877.046000
73641.685351	876.717000
73722.326146	872.022000
73731.587633	871.471000
73800.420024	867.425000
73816.685787	866.446000
73892.561612	861.959000
73899.937738	861.510000
73978.078955	856.878000
73998.064799	855.657000
74057.735430	852.137000
74071.914823	851.273000
74143.458544	847.005000
74164.840068	845.705000
74235.537032	841.453000
74252.320303	840.422000
74303.049986	837.345000
74329.519108	835.709000
74396.990382	831.612000
74418.721293	830.260000
74480.588787	826.486000
74507.735908	824.789000
74550.664198	822.142000
74576.447221	820.512000
74641.987752	816.435000
74675.492780	814.309000
74719.411481	811.571000
74745.880568	809.887000
74797.583121	806.688000
74833.862054	804.383000
74877.324291	801.682000
74911.085573	799.545000
74963.219869	796.300000
75000.326978	793.950000
75036.477743	791.687000
75076.113457	789.177000
75116.034445	786.666000
75158.924104	783.938000
75200.132810	781.338000
75243.036193	778.612000
75273.989414	776.646000
75321.903503	773.590000
75354.211059	771.533000
75400.131468	768.581000
75429.788635	766.695000
75485.870633	763.056000
75511.339592	761.437000
75560.057201	758.249000
75586.315112	756.568000
75642.652263	752.874000
75659.688101	751.774000
75719.208870	747.857000
75742.652608	746.330000
75797.524342	742.696000
75809.885852	741.883000
75879.552292	737.234000
75890.525122	736.508000
75949.028906	732.597000
75965.156711	731.529000
76033.022127	726.956000
76034.484055	726.860000
76105.753877	722.031000
76114.298800	721.468000
76184.547590	716.712000
76185.428067	716.654000
76257.496871	711.800000
76260.184486	711.622000
76336.140977	706.510000
76340.730215	706.200000
76409.024522	701.679000
76411.094534	701.538000
76487.302889	696.486000
76495.025044	695.965000
76565.388625	691.321000
76570.910302	690.946000
76636.505935	686.579000
76649.118863	685.713000
76712.685230	681.456000
76723.270339	680.725000
76790.226794	676.219000
76804.077547	675.264000
76863.149678	671.262000
76877.780202	670.252000
76934.691648	666.365000
76952.057516	665.158000
77010.277585	661.171000
77027.647505	659.955000
77086.370558	655.922000
77106.785825	654.497000
77153.039847	651.291000
77175.295195	649.733000
77230.859062	645.863000
77245.855575	644.808000
77306.462355	640.576000
77322.603466	639.443000
77374.297165	635.831000
77385.278696	635.066000
77451.361728	630.487000
77461.837478	629.762000
77526.797290	625.251000
77534.581646	624.711000
77599.507889	620.156000
77599.954475	620.125000
77673.995002	615.047000
77675.562522	614.938000
77747.537513	609.946000
77750.437597	609.742000
77814.145723	605.275000
77826.991138	604.365000
77885.798525	600.215000
77893.410774	599.676000
77959.813737	594.976000
77974.000544	593.970000
78025.469679	590.322000
78042.212096	589.133000
78095.250271	585.387000
78114.685531	584.004000
78170.596761	580.041000
78193.431866	578.414000
78233.188636	575.583000
78259.530060	573.708000
78305.303207	570.435000
78340.671142	567.944000
78378.563228	565.259000
78405.098488	563.398000
78445.764305	560.510000
78492.245629	557.222000
78519.071287	555.319000
78555.719664	552.740000
78588.648183	550.396000
78634.726640	547.207000
78662.565611	545.240000
78711.710469	541.860000
78734.184677	540.271000
78786.626125	536.643000
78803.143605	535.482000
78858.949043	531.621000
78880.004416	530.132000
78936.631471	526.200000
78947.763647	525.407000
79007.648402	521.262000
79020.896183	520.310000
79083.815962	515.951000
79096.964184	515.009000
79156.275144	510.905000
79160.156490	510.628000
79228.875376	505.892000
79241.383809	504.993000
79301.729760	500.816000
79309.405373	500.264000
79372.263136	495.899000
79377.240528	495.543000
79445.216387	490.828000
79456.553462	490.016000
79515.778792	485.881000
79526.755896	485.093000
79585.476254	481.018000
79590.822495	480.636000
79660.665114	475.799000
79673.539116	474.886000
79729.319687	471.035000
79740.089914	470.271000
79803.648654	465.863000
79810.391475	465.384000
79874.141271	460.935000
79884.251853	460.219000
79947.163579	455.775000
79956.378622	455.120000
80015.223057	450.952000
80022.020501	450.473000
80087.614683	445.844000
80098.930730	445.054000
80159.814509	440.736000
80166.010194	440.307000
80232.559640	435.603000
80234.992520	435.436000
80300.231338	430.860000
80309.795885	430.208000
80376.810258	425.527000
80381.399194	425.214000
80447.461771	420.606000
80449.520438	420.465000
80522.060003	415.453000
80526.251622	415.167000
80594.841725	410.461000
80595.788029	410.396000
80670.120749	405.327000
80673.051377	405.127000
80741.022510	400.448000
80741.183017	400.437000
80816.188618	395.342000
80822.533442	394.906000
80890.749192	390.217000
80892.795116	390.076000
80957.615752	385.599000
80966.946390	384.951000
81037.204487	380.081000
81038.828970	379.967000
81105.891179	375.273000
81112.889212	374.776000
81177.375478	370.228000
81186.695487	369.562000
81249.307564	365.127000
81256.936376	364.580000
81319.891428	360.144000
81328.764071	359.503000
81393.008697	355.093000
81403.680555	354.326000
81468.359749	349.919000
81478.312778	349.213000
81542.052300	344.932000
81554.194992	344.079000
81617.276460	339.886000
81630.651670	338.969000
81698.823170	334.400000
81709.332001	333.681000
81767.095993	329.779000
81783.427587	328.662000
81847.335246	324.327000
81861.357058	323.373000
81922.846350	319.214000
81936.950862	318.264000
81999.411453	314.026000
82015.326221	312.979000
82073.806932	309.113000
82091.458278	307.959000
82153.109402	303.864000
82174.685077	302.446000
82231.557891	298.680000
82244.664171	297.810000
82304.491637	293.920000
82332.712832	292.052000
82381.909207	288.916000
82408.401274	287.172000
82464.565214	283.681000
82489.765766	282.056000
82541.090603	278.949000
82575.817896	276.755000
82622.008201	274.037000
82662.194535	271.601000
82712.285848	268.793000
82748.747042	266.612000
82796.770253	263.996000
82843.341805	261.292000
82884.986963	259.101000
82935.680123	256.228000
82982.401945	253.907000
83038.147441	250.909000
83075.494915	249.006000
83136.750634	245.758000
83166.797184	244.176000
83235.513834	240.610000
83274.813851	238.619000
83337.624113	235.224000
83362.870095	233.968000
83436.664964	230.037000
83459.854984	228.921000
83536.651335	224.914000
83558.765261	223.869000
83644.640247	219.529000
83662.908180	218.704000
83758.975976	214.047000
83762.432893	213.900000
83866.279872	209.540000
83887.432869	208.688000
84010.756574	203.901000
84023.118791	203.459000
84158.859215	198.715000
84162.040406	198.617000
84299.478088	193.926000
84311.698910	193.538000
84594.247023	188.688000
84612.902805	188.067000
84777.259939	193.538000
84799.863788	193.926000
84947.616047	198.617000
84950.487267	198.715000
85104.482865	203.459000
85117.129843	203.901000
85251.016573	208.688000
85272.965976	209.540000
85381.213711	213.900000
85384.714974	214.047000
85494.231044	218.704000
85511.249711	219.529000
85607.350106	223.869000
85628.027378	224.914000
85712.822118	228.921000
85734.210870	230.037000
85815.895429	233.968000
85839.473744	235.224000
85907.714278	238.619000
85944.549397	240.610000
86014.938077	244.176000
86045.423142	245.758000
86107.111635	249.006000
86143.001300	250.909000
86201.838781	253.907000
86244.995985	256.228000
86302.829588	259.101000
86341.489077	261.292000
86392.885019	263.996000
86437.940929	266.612000
86477.978628	268.793000
86524.921790	271.601000
86568.377073	274.037000
86613.215520	276.755000
86650.500851	278.949000
86699.679384	282.056000
86726.522917	283.681000
86780.661457	287.172000
86808.719295	288.916000
86856.356406	292.052000
86885.660879	293.920000
86944.429856	297.810000
86957.810292	298.680000
87014.543912	302.446000
87035.958052	303.864000
87098.265800	307.959000
87115.639523	309.113000
87174.773061	312.979000
87190.610956	314.026000
87255.030046	318.264000
87269.031358	319.214000
87330.779427	323.373000
87344.883968	324.327000
87408.599436	328.662000
87425.066531	329.779000
87482.117454	333.681000
87492.761305	334.400000
87559.541349	338.969000
87573.223394	339.886000
87634.381796	344.079000
87647.214729	344.932000
87708.155954	349.213000
87718.667541	349.919000
87780.796430	354.326000
87792.053281	355.093000
87853.412988	359.503000
87862.751039	360.144000
87924.153607	364.580000
87931.916550	365.127000
87993.769900	369.562000
88003.172300	370.228000
88066.817045	374.776000
88073.864027	375.273000
88139.958130	379.967000
88141.586825	380.081000
88210.983623	384.951000
88220.332134	385.599000
88284.797047	390.076000
88286.838528	390.217000
88354.876385	394.906000
88361.219329	395.342000
88435.363541	400.437000
88435.525477	400.448000
88503.799613	405.127000
88506.704983	405.327000
88580.981733	410.396000
88581.934905	410.461000
88650.447266	415.167000
88654.615725	415.453000
88728.071648	420.465000
88730.112366	420.606000
88797.391339	425.214000
88801.878662	425.527000
88870.507449	430.208000
88879.841645	430.860000
88946.969507	435.436000
88949.350381	435.603000
89017.878914	440.307000
89023.948155	440.736000
89086.309377	445.054000
89097.448374	445.844000
89163.754676	450.473000
89170.542236	450.952000
89229.689930	455.120000
89238.937316	455.775000
89301.458915	460.219000
89311.595008	460.935000
89374.419002	465.384000
89381.282601	465.863000
89443.333448	470.271000
89454.349528	471.035000
89508.637674	474.886000
89521.862203	475.799000
89590.067625	480.636000
89595.583415	481.018000
89652.614647	485.093000
89663.969651	485.881000
89721.571586	490.016000
89733.201808	490.828000
89799.032238	495.543000
89804.164668	495.899000
89865.193653	500.264000
89873.142676	500.816000
89931.224263	504.993000
89944.212295	505.892000
90010.107671	510.628000
90014.126913	510.905000
90071.632494	515.009000
90085.246266	515.951000
90146.088197	520.310000
90159.829796	521.262000
90217.510523	525.407000
90228.967365	526.200000
90284.164988	530.132000
90305.608957	531.621000
90360.205865	535.482000
90376.986521	536.643000
90428.601868	540.271000
90451.570297	541.860000
90499.375724	545.240000
90527.975705	547.207000
90573.109654	550.396000
90606.978548	552.740000
90643.208347	555.319000
90670.250558	557.222000
90716.599883	560.510000
90757.426544	563.398000
90783.631214	565.259000
90821.915563	567.944000
90857.069822	570.435000
90903.540818	573.708000
90929.762831	575.583000
90969.534869	578.414000
90992.383426	580.041000
91048.004522	584.004000
91067.516314	585.387000
91120.158747	589.133000
91136.993342	590.322000
91188.361161	593.970000
91202.554678	594.976000
91268.834988	599.676000
91276.450136	600.215000
91335.060219	604.365000
91347.955332	605.275000
91411.010792	609.742000
91413.920230	609.946000
91484.886995	614.938000
91486.458564	615.047000
91559.484861	620.125000
91559.936861	620.156000
91625.556287	624.711000
91633.253360	625.251000
91698.281569	629.762000
91708.721795	630.487000
91774.885187	635.066000
91785.925484	635.831000
91837.775537	639.443000
91853.990642	640.576000
91914.281181	644.808000
91929.389913	645.863000
91984.400819	649.733000
92006.769942	651.291000
92052.566247	654.497000
92073.125193	655.922000
92130.903981	659.955000
92148.609717	661.171000
92205.561912	665.158000
92223.187100	666.365000
92279.111812	670.252000
92293.899711	671.262000
92351.871350	675.264000
92365.967773	676.219000
92431.320126	680.725000
92442.182347	681.456000
92503.825040	685.713000
92516.756324	686.579000
92580.359851	690.946000
92585.992634	691.321000
92654.373084	695.965000
92662.267017	696.486000
92737.146727	701.538000
92739.273682	701.679000
92805.646175	706.200000
92810.329041	706.510000
92886.007050	711.622000
92888.651857	711.800000
92961.942209	716.654000
92962.803352	716.712000
93035.002488	721.468000
93043.318314	722.031000
93116.610381	726.860000
93118.027217	726.956000
93187.666766	731.529000
93203.516375	732.597000
93262.576156	736.508000
93273.436230	737.234000
93343.701638	741.883000
93355.884648	742.696000
93411.138927	746.330000
93434.195927	747.857000
93494.332878	751.774000
93511.047927	752.874000
93568.257370	756.568000
93593.894282	758.249000
93643.692152	761.437000
93668.432996	763.056000
93725.679161	766.695000
93754.745016	768.581000
93801.164930	771.533000
93833.162993	773.590000
93881.160996	776.646000
93911.985308	778.612000
93954.904169	781.338000
93995.824490	783.938000
94039.061932	786.666000
94078.539914	789.177000
94118.445003	791.687000
94154.180311	793.950000
94191.720875	796.300000
94242.960266	799.545000
94277.293391	801.682000
94319.964998	804.383000
94357.055133	806.688000
94407.404940	809.887000
94434.621914	811.571000
94477.657758	814.309000
94511.759715	816.435000
94576.011831	820.512000
94602.215182	822.142000
94644.084914	824.789000
94671.606376	826.486000
94731.979524	830.260000
94754.142972	831.612000
94819.994705	835.709000
94846.937103	837.345000
94896.720408	840.422000
94913.718232	841.453000
94982.934983	845.705000
95004.549765	847.005000
95074.746952	851.273000
95089.230029	852.137000
95146.997927	855.657000
95167.696177	856.878000
95243.514712	861.510000
95251.089282	861.959000
95324.801252	866.446000
95341.356285	867.425000
95408.579242	871.471000
95417.953105	872.022000
95496.869041	876.717000
95502.519908	877.046000
95588.938418	882.148000
95595.866019	882.547000
95666.243694	886.678000
95677.441173	887.323000
95758.232678	892.037000
95760.041823	892.142000
95847.434723	897.169000
95851.337201	897.393000
95934.020695	902.187000
95937.035433	902.359000
96020.227199	907.125000
96023.950586	907.335000
96110.130808	912.205000
96112.915188	912.361000
96201.230471	917.323000
96203.866134	917.470000
96288.988462	922.229000
96292.222694	922.408000
96378.827479	927.215000
96385.829882	927.604000
96467.828062	932.097000
96477.374330	932.622000
96564.937375	937.407000
96566.932925	937.516000
96652.622951	942.196000
96661.189564	942.662000
96742.552302	947.085000
96753.960891	947.704000
96836.725845	952.164000
96850.095280	952.884000
96933.741223	957.385000
96934.647895	957.434000
97017.857821	961.932000
97037.105510	962.959000
97121.035854	967.435000
97130.256656	967.924000
97210.276120	972.128000
97216.403988	972.451000
97303.570460	977.004000
97323.995769	978.083000
97403.457603	982.195000
97414.426802	982.771000
97490.959887	986.758000
97513.420961	987.924000
97574.105734	991.076000
97607.698149	992.804000
97651.956568	995.084000
97706.228706	997.855000
97713.127459	998.206000
97764.812725	1000.847000
97777.401720	1001.484000
97791.313233	1002.187000
97791.531175	1002.198000
97792.403911	1002.242000
97794.367775	1002.341000
97795.221211	1002.384000
97795.995055	1002.423000
97796.511243	1002.449000
97797.206135	1002.484000
97800.422958	1002.646000
97800.840220	1002.667000
97802.394148	1002.746000
97804.620302	1002.858000
97805.932610	1002.924000
97806.469492	1002.951000
97832.086722	1004.241000
97872.392036	1006.265000
97910.845284	1008.185000
97913.399784	1008.312000
97968.681801	1011.069000
98003.547449	1012.790000
98021.820644	1013.694000
98078.657109	1016.486000
98114.955631	1018.260000
98131.744833	1019.081000
98194.221619	1022.122000
98212.635865	1023.017000
98254.678721	1025.063000
98316.215283	1028.037000
98326.116594	1028.514000
98424.377383	1033.223000
98426.369421	1033.317000
98523.502435	1037.998000
98531.225431	1038.358000
98628.933433	1042.983000
98639.113167	1043.457000
98737.701519	1047.998000
98753.210491	1048.705000
98854.216460	1053.322000
98859.577062	1053.565000
98960.637183	1058.135000
98963.226340	1058.251000
99083.623188	1063.635000
99085.300075	1063.709000
99193.310601	1068.466000
99200.366283	1068.775000
99305.674416	1073.364000
99316.696297	1073.837000
99427.157422	1078.574000
99432.212196	1078.790000
99553.831421	1083.945000
99567.110648	1084.508000
99665.537771	1088.725000
99669.141710	1088.878000
99786.139422	1093.785000
99799.127779	1094.324000
99916.337525	1099.230000
99926.865480	1099.661000
100032.740784	1103.978000
100045.859104	1104.507000
100161.994547	1109.196000
100174.833044	1109.708000
100295.536289	1114.501000
100313.783633	1115.229000
100409.438801	1119.011000
100432.957606	1119.935000
100555.101405	1124.719000
100570.806740	1125.319000
100680.340997	1129.518000
100710.877642	1130.659000
100808.805425	1134.322000
100836.546920	1135.328000
100970.986745	1140.196000
100993.761898	1140.987000
101085.634591	1144.203000
101141.014239	1146.099000
101257.793230	1150.121000
101280.931852	1150.883000
101400.889942	1154.994000
101454.415071	1156.713000
101549.963751	1159.910000
101596.737927	1161.390000
101708.731971	1165.080000
101762.473538	1166.760000
101880.381513	1170.514000
101925.109099	1171.876000
102028.200808	1175.044000
102104.925731	1177.282000
102212.636098	1180.449000
102273.308639	1182.155000
102398.304981	1185.630000
102465.198038	1187.380000
102583.632856	1190.531000
102666.771671	1192.585000
102773.885768	1195.323000
102872.443780	1197.710000
103005.324656	1201.028000
103063.153541	1202.316000
103180.139316	1205.125000
103314.157312	1207.958000
103440.490159	1210.760000
103535.079566	1212.632000
103667.226866	1215.552000
103786.768667	1217.659000
103928.934865	1220.505000
104075.684508	1222.871000
104233.497924	1225.816000
104357.965307	1227.639000
104507.589136	1230.354000
104742.569489	1233.027000
104904.815320	1235.803000
105119.091265	1237.621000
105313.964655	1240.620000
105553.559718	1242.763000
105810.741534	1245.774000
106308.480014	1248.101000
106730.974805	1250.722000
107528.572755	1245.774000
108172.616830	1242.763000
108355.659219	1240.620000
108690.958143	1237.621000
108809.090794	1235.803000
109136.280027	1233.027000
109292.505930	1230.354000
109531.178454	1227.639000
109631.644104	1225.816000
109832.717303	1222.871000
109959.503905	1220.505000
110136.025243	1217.659000
110241.276184	1215.552000
110406.943985	1212.632000
110491.663077	1210.760000
110633.244016	1207.958000
110760.974549	1205.125000
110893.857201	1202.316000
110947.498240	1201.028000
111096.470475	1197.710000
111192.066211	1195.323000
111305.116833	1192.585000
111385.471966	1190.531000
111513.013547	1187.380000
111578.789787	1185.630000
111711.620286	1182.155000
111772.985397	1180.449000
111885.617247	1177.282000
111961.732120	1175.044000
112070.340052	1171.876000
112114.661678	1170.514000
112237.941675	1166.760000
112290.708164	1165.080000
112408.747675	1161.390000
112453.666696	1159.910000
112554.705236	1156.713000
112606.080958	1154.994000
112734.086663	1150.883000
112756.321658	1150.121000
112878.452281	1146.099000
112933.502745	1144.203000
113027.437845	1140.987000
113050.034642	1140.196000
113190.198289	1135.328000
113217.981046	1134.322000
113318.992077	1130.659000
113349.495926	1129.518000
113461.873991	1125.319000
113477.525468	1124.719000
113602.749343	1119.935000
113626.340662	1119.011000
113722.604863	1115.229000
113741.017598	1114.501000
113861.154298	1109.708000
113874.048115	1109.196000
113991.625683	1104.507000
114004.727762	1103.978000
114111.782181	1099.661000
114122.352544	1099.230000
114242.190474	1094.324000
114255.067778	1093.785000
114373.312423	1088.878000
114376.960406	1088.725000
114476.292491	1084.508000
114489.433224	1083.945000
114611.021889	1078.790000
114616.117864	1078.574000
114726.971875	1073.837000
114738.001665	1073.364000
114844.934878	1068.775000
114852.025794	1068.466000
114960.646763	1063.709000
114962.326977	1063.635000
115084.331885	1058.251000
115086.925873	1058.135000
115188.929741	1053.565000
115194.303398	1053.322000
115296.154829	1048.705000
115311.621846	1047.998000
115411.234635	1043.457000
115421.525514	1042.983000
115520.853079	1038.358000
115528.458459	1037.998000
115628.878869	1033.317000
115630.829414	1033.223000
115730.622070	1028.514000
115740.575435	1028.037000
115802.308134	1025.063000
115844.642971	1023.017000
115863.034152	1022.122000
115925.601441	1019.081000
115942.468735	1018.260000
115978.746498	1016.486000
116035.874725	1013.694000
116054.277363	1012.790000
116089.065160	1011.069000
116144.919078	1008.312000
116147.465619	1008.185000
116186.084836	1006.265000
116226.620969	1004.241000
116252.309632	1002.951000
116252.845807	1002.924000
116254.158186	1002.858000
116256.385132	1002.746000
116257.955365	1002.667000
116258.368435	1002.646000
116261.587314	1002.484000
116262.282307	1002.449000
116262.798512	1002.423000
116263.572795	1002.384000
116264.426008	1002.341000
116266.390894	1002.242000
116267.263722	1002.198000
116267.481906	1002.187000
116281.410408	1001.484000
116294.015861	1000.847000
116346.209797	998.206000
116353.078986	997.855000
116407.541787	995.084000
116452.197318	992.804000
116485.740541	991.076000
116547.015594	987.924000
116569.464339	986.758000
116646.267343	982.771000
116657.324041	982.195000
116735.631934	978.083000
116756.482935	977.004000
116842.670545	972.451000
116848.854329	972.128000
116928.611464	967.924000
116937.919151	967.435000
117022.320605	962.959000
117041.578081	961.932000
117125.878087	957.434000
117126.784554	957.385000
117210.068860	952.884000
117223.449238	952.164000
117306.265455	947.704000
117317.752339	947.085000
117399.271226	942.662000
117407.843471	942.196000
117493.877264	937.516000
117495.873036	937.407000
117583.475886	932.622000
117593.083117	932.097000
117674.780986	927.604000
117681.880317	927.215000
117768.411303	922.408000
117771.636237	922.229000
117857.623449	917.470000
117860.252779	917.323000
117949.219843	912.361000
117951.996381	912.205000
118038.919002	907.335000
118042.635192	907.125000
118127.138352	902.359000
118130.140656	902.187000
118214.167722	897.393000
118218.031114	897.169000
118305.610373	892.142000
118307.435767	892.037000
118388.657755	887.323000
118399.712171	886.678000
118471.428114	882.547000
118478.225667	882.148000
118566.808668	877.046000
118572.381324	876.717000
118653.022119	872.022000
118662.283606	871.471000
118731.115998	867.425000
118747.381760	866.446000
118823.257585	861.959000
118830.633711	861.510000
118908.774928	856.878000
118928.760772	855.657000
118988.431403	852.137000
119002.610797	851.273000
119074.154517	847.005000
119095.536041	845.705000
119166.233005	841.453000
119183.016276	840.422000
119233.745959	837.345000
119260.215081	835.709000
119327.686355	831.612000
119349.417266	830.260000
119411.284760	826.486000
119438.431881	824.789000
119481.360171	822.142000
119507.143194	820.512000
119572.683725	816.435000
119606.188753	814.309000
119650.107454	811.571000
119676.576541	809.887000
119728.279094	806.688000
119764.558027	804.383000
119808.020264	801.682000
119841.781546	799.545000
119893.915843	796.300000
119931.022951	793.950000
119967.173716	791.687000
120006.809430	789.177000
120046.730418	786.666000
120089.620077	783.938000
120130.828783	781.338000
120173.732166	778.612000
120204.685387	776.646000
120252.599476	773.590000
120284.907032	771.533000
120330.827441	768.581000
120360.484608	766.695000
120416.566606	763.056000
120442.035565	761.437000
120490.753174	758.249000
120517.011085	756.568000
120573.348236	752.874000
120590.384075	751.774000
120649.904843	747.857000
120673.348581	746.330000
120728.220315	742.696000
120740.581825	741.883000
120810.248265	737.234000
120821.221095	736.508000
120879.724879	732.597000
120895.852684	731.529000
120963.718100	726.956000
120965.180028	726.860000
121036.449850	722.031000
121044.994773	721.468000
121115.243563	716.712000
121116.124040	716.654000
121188.192844	711.800000
121190.880459	711.622000
121266.836950	706.510000
121271.426188	706.200000
121339.720496	701.679000
121341.790507	701.538000
121417.998862	696.486000
121425.721017	695.965000
121496.084598	691.321000
121501.606275	690.946000
121567.201908	686.579000
121579.814836	685.713000
121643.381203	681.456000
121653.966312	680.725000
121720.922767	676.219000
121734.773521	675.264000
121793.845651	671.262000
121808.476175	670.252000
121865.387621	666.365000
121882.753489	665.158000
121940.973558	661.171000
121958.343478	659.955000
122017.066531	655.922000
122037.481799	654.497000
122083.735821	651.291000
122105.991168	649.733000
122161.555035	645.863000
122176.551548	644.808000
122237.158328	640.576000
122253.299439	639.443000
122304.993138	635.831000
122315.974669	635.066000
122382.057701	630.487000
122392.533451	629.762000
122457.493263	625.251000
122465.277619	624.711000
122530.203862	620.156000
122530.650448	620.125000
122604.690975	615.047000
122606.258495	614.938000
122678.233486	609.946000
122681.133570	609.742000
122744.841696	605.275000
122757.687111	604.365000
122816.494498	600.215000
122824.106747	599.676000
122890.509710	594.976000
122904.696517	593.970000
122956.165652	590.322000
122972.908069	589.133000
123025.946244	585.387000
123045.381505	584.004000
123101.292734	580.041000
123124.127839	578.414000
123163.884609	575.583000
123190.226033	573.708000
123235.999180	570.435000
123271.367115	567.944000
123309.259201	565.259000
123335.794461	563.398000
123376.460278	560.510000
123422.941602	557.222000
123449.767260	555.319000
123486.415638	552.740000
123519.344156	550.396000
123565.422613	547.207000
123593.261584	545.240000
123642.406442	541.860000
123664.880650	540.271000
123717.322098	536.643000
123733.839578	535.482000
123789.645016	531.621000
123810.700389	530.132000
123867.327444	526.200000
123878.459620	525.407000
123938.344375	521.262000
123951.592156	520.310000
124014.511935	515.951000
124027.660157	515.009000
124086.971117	510.905000
124090.852463	510.628000
124159.571349	505.892000
124172.079782	504.993000
124232.425733	500.816000
124240.101346	500.264000
124302.959109	495.899000
124307.936501	495.543000
124375.912360	490.828000
124387.249435	490.016000
124446.474765	485.881000
124457.451869	485.093000
124516.172227	481.018000
124521.518468	480.636000
124591.361087	475.799000
124604.235089	474.886000
124660.015660	471.035000
124670.785887	470.271000
124734.344627	465.863000
124741.087448	465.384000
124804.837244	460.935000
124814.947826	460.219000
124877.859552	455.775000
124887.074595	455.120000
124945.919030	450.952000
124952.716474	450.473000
125018.310656	445.844000
125029.626703	445.054000
125090.510482	440.736000
125096.706167	440.307000
125163.255613	435.603000
125165.688493	435.436000
125230.927312	430.860000
125240.491858	430.208000
125307.506231	425.527000
125312.095167	425.214000
125378.157744	420.606000
125380.216411	420.465000
125452.755976	415.453000
125456.947595	415.167000
125525.537699	410.461000
125526.484002	410.396000
125600.816722	405.327000
125603.747350	405.127000
125671.718483	400.448000
125671.878990	400.437000
125746.884591	395.342000
125753.229415	394.906000
125821.445165	390.217000
125823.491089	390.076000
125888.311725	385.599000
125897.642363	384.951000
125967.900460	380.081000
125969.524943	379.967000
126036.587152	375.273000
126043.585185	374.776000
126108.071451	370.228000
126117.391460	369.562000
126180.003537	365.127000
126187.632349	364.580000
126250.587401	360.144000
126259.460044	359.503000
126323.704670	355.093000
126334.376528	354.326000
126399.055722	349.919000
126409.008751	349.213000
126472.748273	344.932000
126484.890965	344.079000
126547.972433	339.886000
126561.347643	338.969000
126629.519143	334.400000
126640.027974	333.681000
126697.791966	329.779000
126714.123560	328.662000
126778.031219	324.327000
126792.053031	323.373000
126853.542323	319.214000
126867.646835	318.264000
126930.107426	314.026000
126946.022194	312.979000
127004.502905	309.113000
127022.154251	307.959000
127083.805375	303.864000
127105.381050	302.446000
127162.253864	298.680000
127175.360144	297.810000
127235.187610	293.920000
127263.408805	292.052000
127312.605180	288.916000
127339.097247	287.172000
127395.261187	283.681000
127420.461739	282.056000
127471.786576	278.949000
127506.513869	276.755000
127552.704174	274.037000
127592.890508	271.601000
127642.981821	268.793000
127679.443015	266.612000
127727.466226	263.996000
127774.037778	261.292000
127815.682936	259.101000
127866.376096	256.228000
127913.097918	253.907000
127968.843414	250.909000
128006.190888	249.006000
128067.446607	245.758000
128097.493157	244.176000
128166.209807	240.610000
128205.509824	238.619000
128268.320086	235.224000
128293.566068	233.968000
128367.360937	230.037000
128390.550957	228.921000
128467.347308	224.914000
128489.461234	223.869000
128575.336220	219.529000
128593.604153	218.704000
128689.671949	214.047000
128693.128866	213.900000
128796.975845	209.540000
128818.128843	208.688000
128941.452547	203.901000
128953.814764	203.459000
129089.555188	198.715000
129092.736379	198.617000
129230.174061	193.926000
129242.394883	193.538000
129524.942997	188.688000
129543.598778	188.067000
129707.955912	193.538000
129730.559761	193.926000
129878.312020	198.617000
129881.183240	198.715000
130035.178838	203.459000
130047.825816	203.901000
130181.712546	208.688000
130203.661949	209.540000
130311.909684	213.900000
130315.410947	214.047000
130424.927018	218.704000
130441.945684	219.529000
130538.046079	223.869000
130558.723351	224.914000
130643.518091	228.921000
130664.906843	230.037000
130746.591403	233.968000
130770.169717	235.224000
130838.410251	238.619000
130875.245371	240.610000
130945.634050	244.176000
130976.119115	245.758000
131037.807608	249.006000
131073.697273	250.909000
131132.534754	253.907000
131175.691958	256.228000
131233.525561	259.101000
131272.185050	261.292000
131323.580992	263.996000
131368.636902	266.612000
131408.674602	268.793000
131455.617763	271.601000
131499.073047	274.037000
131543.911493	276.755000
131581.196824	278.949000
131630.375357	282.056000
131657.218890	283.681000
131711.357430	287.172000
131739.415268	288.916000
131787.052379	292.052000
131816.356852	293.920000
131875.125830	297.810000
131888.506265	298.680000
131945.239885	302.446000
131966.654025	303.864000
132028.961773	307.959000
132046.335496	309.113000
132105.469034	312.979000
132121.306929	314.026000
132185.726019	318.264000
132199.727331	319.214000
132261.475400	323.373000
132275.579941	324.327000
132339.295409	328.662000
132355.762504	329.779000
132412.813427	333.681000
132423.457279	334.400000
132490.237322	338.969000
132503.919367	339.886000
132565.077769	344.079000
132577.910702	344.932000
132638.851927	349.213000
132649.363514	349.919000
132711.492403	354.326000
132722.749254	355.093000
132784.108961	359.503000
132793.447012	360.144000
132854.849580	364.580000
132862.612523	365.127000
132924.465873	369.562000
132933.868273	370.228000
132997.513018	374.776000
133004.560000	375.273000
133070.654103	379.967000
133072.282798	380.081000
133141.679596	384.951000
133151.028107	385.599000
133215.493021	390.076000
133217.534501	390.217000
133285.572358	394.906000
133291.915302	395.342000
133366.059514	400.437000
133366.221450	400.448000
133434.495586	405.127000
133437.400956	405.327000
133511.677706	410.396000
133512.630878	410.461000
133581.143239	415.167000
133585.311698	415.453000
133658.767621	420.465000
133660.808339	420.606000
133728.087312	425.214000
133732.574635	425.527000
133801.203422	430.208000
133810.537618	430.860000
133877.665480	435.436000
133880.046355	435.603000
133948.574887	440.307000
133954.644128	440.736000
134017.005350	445.054000
134028.144347	445.844000
134094.450649	450.473000
134101.238209	450.952000
134160.385903	455.120000
134169.633289	455.775000
134232.154889	460.219000
134242.290981	460.935000
134305.114975	465.384000
134311.978574	465.863000
134374.029421	470.271000
134385.045501	471.035000
134439.333647	474.886000
134452.558176	475.799000
134520.763598	480.636000
134526.279388	481.018000
134583.310620	485.093000
134594.665624	485.881000
134652.267559	490.016000
134663.897781	490.828000
134729.728212	495.543000
134734.860641	495.899000
134795.889626	500.264000
134803.838649	500.816000
134861.920236	504.993000
134874.908268	505.892000
134940.803644	510.628000
134944.822886	510.905000
135002.328467	515.009000
135015.942240	515.951000
135076.784170	520.310000
135090.525769	521.262000
135148.206496	525.407000
135159.663338	526.200000
135214.860961	530.132000
135236.304930	531.621000
135290.901838	535.482000
135307.682494	536.643000
135359.297841	540.271000
135382.266270	541.860000
135430.071697	545.240000
135458.671678	547.207000
135503.805627	550.396000
135537.674521	552.740000
135573.904320	555.319000
135600.946531	557.222000
135647.295856	560.510000
135688.122517	563.398000
135714.327187	565.259000
135752.611536	567.944000
135787.765795	570.435000
135834.236791	573.708000
135860.458804	575.583000
135900.230842	578.414000
135923.079399	580.041000
135978.700495	584.004000
135998.212287	585.387000
136050.854721	589.133000
136067.689315	590.322000
136119.057134	593.970000
136133.250651	594.976000
136199.530961	599.676000
136207.146109	600.215000
136265.756192	604.365000
136278.651305	605.275000
136341.706765	609.742000
136344.616203	609.946000
136415.582968	614.938000
136417.154537	615.047000
136490.180834	620.125000
136490.632834	620.156000
136556.252260	624.711000
136563.949333	625.251000
136628.977542	629.762000
136639.417769	630.487000
136705.581160	635.066000
136716.621457	635.831000
136768.471510	639.443000
136784.686615	640.576000
136844.977154	644.808000
136860.085886	645.863000
136915.096792	649.733000
136937.465915	651.291000
136983.262220	654.497000
137003.821166	655.922000
137061.599954	659.955000
137079.305690	661.171000
137136.257885	665.158000
137153.883073	666.365000
137209.807785	670.252000
137224.595684	671.262000
137282.567323	675.264000
137296.663746	676.219000
137362.016099	680.725000
137372.878320	681.456000
137434.521013	685.713000
137447.452297	686.579000
137511.055825	690.946000
137516.688607	691.321000
137585.069057	695.965000
137592.962990	696.486000
137667.842700	701.538000
137669.969655	701.679000
137736.342148	706.200000
137741.025014	706.510000
137816.703023	711.622000
137819.347830	711.800000
137892.638182	716.654000
137893.499325	716.712000
137965.698461	721.468000
137974.014288	722.031000
138047.306354	726.860000
138048.723191	726.956000
138118.362739	731.529000
138134.212349	732.597000
138193.272129	736.508000
138204.132203	737.234000
138274.397611	741.883000
138286.580621	742.696000
138341.834900	746.330000
138364.891900	747.857000
138425.028851	751.774000
138441.743900	752.874000
138498.953343	756.568000
138524.590255	758.249000
138574.388125	761.437000
138599.128969	763.056000
138656.375134	766.695000
138685.440989	768.581000
138731.860903	771.533000
138763.858966	773.590000
138811.856969	776.646000
138842.681281	778.612000
138885.600142	781.338000
138926.520464	783.938000
138969.757905	786.666000
139009.235887	789.177000
139049.140976	791.687000
139084.876284	793.950000
139122.416848	796.300000
139173.656239	799.545000
139207.989364	801.682000
139250.660971	804.383000
139287.751106	806.688000
139338.100913	809.887000
139365.317887	811.571000
139408.353731	814.309000
139442.455688	816.435000
139506.707804	820.512000
139532.911155	822.142000
139574.780887	824.789000
139602.302349	826.486000
139662.675497	830.260000
139684.838945	831.612000
139750.690678	835.709000
139777.633076	837.345000
139827.416381	840.422000
139844.414205	841.453000
139913.630956	845.705000
139935.245738	847.005000
140005.442925	851.273000
140019.926002	852.137000
140077.693900	855.657000
140098.392150	856.878000
140174.210685	861.510000
140181.785255	861.959000
140255.497225	866.446000
140272.052258	867.425000
140339.275215	871.471000
140348.649078	872.022000
140427.565014	876.717000
140433.215882	877.046000
140519.634391	882.148000
140526.561992	882.547000
140596.939668	886.678000
140608.137146	887.323000
140688.928651	892.037000
140690.737796	892.142000
140778.130696	897.169000
140782.033174	897.393000
140864.716668	902.187000
140867.731406	902.359000
140950.923172	907.125000
140954.646559	907.335000
141040.826781	912.205000
141043.611161	912.361000
141131.926444	917.323000
141134.562107	917.470000
141219.684435	922.229000
141222.918667	922.408000
141309.523452	927.215000
141316.525855	927.604000
141398.524035	932.097000
141408.070303	932.622000
141495.633348	937.407000
141497.628898	937.516000
141583.318924	942.196000
141591.885537	942.662000
141673.248275	947.085000
141684.656864	947.704000
141767.421818	952.164000
141780.791253	952.884000
141864.437196	957.385000
141865.343868	957.434000
141948.553794	961.932000
141967.801483	962.959000
142051.731827	967.435000
142060.952629	967.924000
142140.972093	972.128000
142147.099961	972.451000
142234.266433	977.004000
142254.691742	978.083000
142334.153576	982.195000
142345.122775	982.771000
142421.655860	986.758000
142444.116934	987.924000
142504.801707	991.076000
142538.394122	992.804000
142582.652541	995.084000
142636.924679	997.855000
142643.823432	998.206000
142695.508698	1000.847000
142708.097694	1001.484000
142722.009206	1002.187000
142722.227149	1002.198000
142723.099884	1002.242000
142725.063748	1002.341000
142725.917184	1002.384000
142726.691028	1002.423000
142727.207217	1002.449000
142727.902108	1002.484000
142731.118931	1002.646000
142731.536193	1002.667000
142733.090121	1002.746000
142735.316275	1002.858000
142736.628583	1002.924000
142737.165465	1002.951000
142762.782696	1004.241000
142803.088009	1006.265000
142841.541257	1008.185000
142844.095757	1008.312000
142899.377774	1011.069000
142934.243422	1012.790000
142952.516617	1013.694000
143009.353082	1016.486000
143045.651604	1018.260000
143062.440806	1019.081000
143124.917592	1022.122000
143143.331838	1023.017000
143185.374694	1025.063000
143246.911256	1028.037000
143256.812567	1028.514000
143355.073356	1033.223000
143357.065394	1033.317000
143454.198408	1037.998000
143461.921404	1038.358000
143559.629407	1042.983000
143569.809140	1043.457000
143668.397492	1047.998000
143683.906464	1048.705000
143784.912433	1053.322000
143790.273035	1053.565000
143891.333156	1058.135000
143893.922313	1058.251000
144014.319161	1063.635000
144015.996049	1063.709000
144124.006574	1068.466000
144131.062256	1068.775000
144236.370389	1073.364000
144247.392270	1073.837000
144357.853395	1078.574000
144362.908169	1078.790000
144484.527394	1083.945000
144497.806621	1084.508000
144596.233744	1088.725000
144599.837683	1088.878000
144716.835396	1093.785000
144729.823752	1094.324000
144847.033498	1099.230000
144857.561453	1099.661000
144963.436757	1103.978000
144976.555077	1104.507000
145092.690520	1109.196000
145105.529018	1109.708000
145226.232262	1114.501000
145244.479606	1115.229000
145340.134774	1119.011000
145363.653579	1119.935000
145485.797378	1124.719000
145501.502713	1125.319000
145611.036971	1129.518000
145641.573615	1130.659000
145739.501398	1134.322000
145767.242893	1135.328000
145901.682719	1140.196000
145924.457871	1140.987000
146016.330564	1144.203000
146071.710213	1146.099000
146188.489204	1150.121000
146211.627825	1150.883000
146331.585915	1154.994000
146385.111044	1156.713000
146480.659724	1159.910000
146527.433900	1161.390000
146639.427944	1165.080000
146693.169511	1166.760000
146811.077486	1170.514000
146855.805072	1171.876000
146958.896781	1175.044000
147035.621704	1177.282000
147143.332071	1180.449000
147204.004612	1182.155000
147329.000954	1185.630000
147395.894011	1187.380000
147514.328829	1190.531000
147597.467644	1192.585000
147704.581741	1195.323000
147803.139753	1197.710000
147936.020629	1201.028000
147993.849514	1202.316000
148110.835289	1205.125000
148244.853285	1207.958000
148371.186132	1210.760000
148465.775539	1212.632000
148597.922839	1215.552000
148717.464640	1217.659000
148859.630838	1220.505000
149006.380481	1222.871000
149164.193898	1225.816000
149288.661280	1227.639000
149438.285109	1230.354000
149673.265462	1233.027000
149835.511293	1235.803000
150049.787238	1237.621000
150244.660628	1240.620000
150484.255691	1242.763000
150741.437507	1245.774000
151239.175987	1248.101000
151661.670778	1250.722000
152459.268728	1245.774000
153103.312803	1242.763000
153286.355192	1240.620000
153621.654116	1237.621000
153739.786767	1235.803000
154066.976000	1233.027000
154223.201903	1230.354000
154461.874427	1227.639000
154562.340078	1225.816000
154763.413276	1222.871000
154890.199878	1220.505000
155066.721216	1217.659000
155171.972157	1215.552000
155337.639958	1212.632000
155422.359050	1210.760000
155563.939989	1207.958000
155691.670522	1205.125000
155824.553174	1202.316000
155878.194213	1201.028000
156027.166448	1197.710000
156122.762184	1195.323000
156235.812806	1192.585000
156316.167939	1190.531000
156443.709520	1187.380000
156509.485760	1185.630000
156642.316259	1182.155000
156703.681370	1180.449000
156816.313220	1177.282000
156892.428093	1175.044000
157001.036026	1171.876000
157045.357651	1170.514000
157168.637648	1166.760000
157221.404137	1165.080000
157339.443649	1161.390000
157384.362669	1159.910000
157485.401209	1156.713000
157536.776931	1154.994000
157664.782636	1150.883000
157687.017631	1150.121000
157809.148254	1146.099000
157864.198718	1144.203000
157958.133818	1140.987000
157980.730615	1140.196000
158120.894262	1135.328000
158148.677019	1134.322000
158249.688050	1130.659000
158280.191899	1129.518000
158392.569964	1125.319000
158408.221441	1124.719000
158533.445317	1119.935000
158557.036636	1119.011000
158653.300836	1115.229000
158671.713571	1114.501000
158791.850272	1109.708000
158804.744088	1109.196000
158922.321656	1104.507000
158935.423735	1103.978000
159042.478154	1099.661000
159053.048517	1099.230000
159172.886447	1094.324000
159185.763751	1093.785000
159304.008396	1088.878000
159307.656379	1088.725000
159406.988464	1084.508000
159420.129197	1083.945000
159541.717862	1078.790000
159546.813837	1078.574000
159657.667848	1073.837000
159668.697638	1073.364000
159775.630851	1068.775000
159782.721767	1068.466000
159891.342736	1063.709000
159893.022950	1063.635000
160015.027858	1058.251000
160017.621846	1058.135000
160119.625715	1053.565000
160124.999371	1053.322000
160226.850802	1048.705000
160242.317820	1047.998000
160341.930608	1043.457000
160352.221487	1042.983000
160451.549052	1038.358000
160459.154432	1037.998000
160559.574842	1033.317000
160561.525387	1033.223000
160661.318043	1028.514000
160671.271408	1028.037000
160733.004107	1025.063000
160775.338944	1023.017000
160793.730125	1022.122000
160856.297414	1019.081000
160873.164708	1018.260000
160909.442471	1016.486000
160966.570699	1013.694000
160984.973336	1012.790000
161019.761133	1011.069000
161075.615051	1008.312000
161078.161593	1008.185000
161116.780809	1006.265000
161157.316942	1004.241000
161183.005605	1002.951000
161183.541780	1002.924000
161184.854159	1002.858000
161187.081105	1002.746000
161188.651339	1002.667000
161189.064408	1002.646000
161192.283287	1002.484000
161192.978280	1002.449000
161193.494485	1002.423000
161194.268768	1002.384000
161195.121981	1002.341000
161197.086867	1002.242000
161197.959695	1002.198000
161198.177879	1002.187000
161212.106381	1001.484000
161224.711834	1000.847000
161276.905770	998.206000
161283.774959	997.855000
161338.237760	995.084000
161382.893291	992.804000
161416.436514	991.076000
161477.711567	987.924000
161500.160312	986.758000
161576.963316	982.771000
161588.020014	982.195000
161666.327907	978.083000
161687.178908	977.004000
161773.366518	972.451000
161779.550302	972.128000
161859.307437	967.924000
161868.615124	967.435000
161953.016578	962.959000
161972.274055	961.932000
162056.574060	957.434000
162057.480527	957.385000
162140.764833	952.884000
162154.145211	952.164000
162236.961428	947.704000
162248.448313	947.085000
162329.967199	942.662000
162338.539444	942.196000
162424.573237	937.516000
162426.569009	937.407000
162514.171859	932.622000
162523.779090	932.097000
162605.476959	927.604000
162612.576290	927.215000
162699.107276	922.408000
162702.332210	922.229000
162788.319422	917.470000
162790.948752	917.323000
162879.915816	912.361000
162882.692354	912.205000
162969.614975	907.335000
162973.331165	907.125000
163057.834325	902.359000
163060.836629	902.187000
163144.863695	897.393000
163148.727087	897.169000
163236.306347	892.142000
163238.131740	892.037000
163319.353728	887.323000
163330.408144	886.678000
163402.124087	882.547000
163408.921640	882.148000
163497.504641	877.046000
163503.077297	876.717000
163583.718092	872.022000
163592.979579	871.471000
163661.811971	867.425000
163678.077733	866.446000
163753.953558	861.959000
163761.329684	861.510000
163839.470901	856.878000
163859.456745	855.657000
163919.127377	852.137000
163933.306770	851.273000
164004.850490	847.005000
164026.232014	845.705000
164096.928978	841.453000
164113.712249	840.422000
164164.441932	837.345000
164190.911054	835.709000
164258.382328	831.612000
164280.113239	830.260000
164341.980733	826.486000
164369.127854	824.789000
164412.056144	822.142000
164437.839167	820.512000
164503.379698	816.435000
164536.884726	814.309000
164580.803427	811.571000
164607.272514	809.887000
164658.975067	806.688000
164695.254000	804.383000
164738.716237	801.682000
164772.477519	799.545000
164824.611816	796.300000
164861.718924	793.950000
164897.869689	791.687000
164937.505403	789.177000
164977.426391	786.666000
165020.316050	783.938000
165061.524756	781.338000
165104.428139	778.612000
165135.381360	776.646000
165183.295449	773.590000
165215.603005	771.533000
165261.523414	768.581000
165291.180581	766.695000
165347.262579	763.056000
165372.731538	761.437000
165421.449147	758.249000
165447.707058	756.568000
165504.044209	752.874000
165521.080048	751.774000
165580.600816	747.857000
165604.044555	746.330000
165658.916288	742.696000
165671.277799	741.883000
165740.944238	737.234000
165751.917068	736.508000
165810.420852	732.597000
165826.548657	731.529000
165894.414073	726.956000
165895.876001	726.860000
165967.145823	722.031000
165975.690746	721.468000
166045.939536	716.712000
166046.820013	716.654000
166118.888817	711.800000
166121.576432	711.622000
166197.532923	706.510000
166202.122161	706.200000
166270.416469	701.679000
166272.486480	701.538000
166348.694835	696.486000
166356.416990	695.965000
166426.780571	691.321000
166432.302248	690.946000
166497.897881	686.579000
166510.510809	685.713000
166574.077176	681.456000
166584.662285	680.725000
166651.618740	676.219000
166665.469494	675.264000
166724.541624	671.262000
166739.172148	670.252000
166796.083594	666.365000
166813.449462	665.158000
166871.669531	661.171000
166889.039451	659.955000
166947.762505	655.922000
166968.177772	654.497000
167014.431794	651.291000
167036.687141	649.733000
167092.251008	645.863000
167107.247521	644.808000
167167.854301	640.576000
167183.995412	639.443000
167235.689111	635.831000
167246.670642	635.066000
167312.753674	630.487000
167323.229424	629.762000
167388.189236	625.251000
167395.973592	624.711000
167460.899835	620.156000
167461.346421	620.125000
167535.386948	615.047000
167536.954468	614.938000
167608.929459	609.946000
167611.829543	609.742000
167675.537669	605.275000
167688.383084	604.365000
167747.190471	600.215000
167754.802720	599.676000
167821.205683	594.976000
167835.392490	593.970000
167886.861625	590.322000
167903.604042	589.133000
167956.642217	585.387000
167976.077478	584.004000
168031.988707	580.041000
168054.823812	578.414000
168094.580583	575.583000
168120.922006	573.708000
168166.695154	570.435000
168202.063088	567.944000
168239.955174	565.259000
168266.490434	563.398000
168307.156251	560.510000
168353.637575	557.222000
168380.463233	555.319000
168417.111611	552.740000
168450.040129	550.396000
168496.118586	547.207000
168523.957557	545.240000
168573.102415	541.860000
168595.576623	540.271000
168648.018071	536.643000
168664.535551	535.482000
168720.340989	531.621000
168741.396362	530.132000
168798.023417	526.200000
168809.155593	525.407000
168869.040348	521.262000
168882.288129	520.310000
168945.207908	515.951000
168958.356130	515.009000
169017.667090	510.905000
169021.548436	510.628000
169090.267322	505.892000
169102.775756	504.993000
169163.121706	500.816000
169170.797320	500.264000
169233.655082	495.899000
169238.632474	495.543000
169306.608333	490.828000
169317.945408	490.016000
169377.170738	485.881000
169388.147842	485.093000
169446.868200	481.018000
169452.214441	480.636000
169522.057060	475.799000
169534.931063	474.886000
169590.711633	471.035000
169601.481860	470.271000
169665.040600	465.863000
169671.783422	465.384000
169735.533217	460.935000
169745.643799	460.219000
169808.555525	455.775000
169817.770568	455.120000
169876.615004	450.952000
169883.412447	450.473000
169949.006629	445.844000
169960.322676	445.054000
170021.206455	440.736000
170027.402140	440.307000
170093.951586	435.603000
170096.384466	435.436000
170161.623285	430.860000
170171.187831	430.208000
170238.202204	425.527000
170242.791140	425.214000
170308.853717	420.606000
170310.912384	420.465000
170383.451949	415.453000
170387.643568	415.167000
170456.233672	410.461000
170457.179975	410.396000
170531.512696	405.327000
170534.443323	405.127000
170602.414456	400.448000
170602.574963	400.437000
170677.580564	395.342000
170683.925388	394.906000
170752.141138	390.217000
170754.187062	390.076000
170819.007698	385.599000
170828.338336	384.951000
170898.596433	380.081000
170900.220916	379.967000
170967.283125	375.273000
170974.281158	374.776000
171038.767424	370.228000
171048.087433	369.562000
171110.699510	365.127000
171118.328322	364.580000
171181.283374	360.144000
171190.156017	359.503000
171254.400643	355.093000
171265.072501	354.326000
171329.751695	349.919000
171339.704724	349.213000
171403.444246	344.932000
171415.586938	344.079000
171478.668406	339.886000
171492.043616	338.969000
171560.215116	334.400000
171570.723947	333.681000
171628.487939	329.779000
171644.819533	328.662000
171708.727192	324.327000
171722.749004	323.373000
171784.238296	319.214000
171798.342808	318.264000
171860.803399	314.026000
171876.718167	312.979000
171935.198878	309.113000
171952.850224	307.959000
172014.501348	303.864000
172036.077023	302.446000
172092.949837	298.680000
172106.056117	297.810000
172165.883583	293.920000
172194.104778	292.052000
172243.301153	288.916000
172269.793220	287.172000
172325.957160	283.681000
172351.157712	282.056000
172402.482549	278.949000
172437.209842	276.755000
172483.400147	274.037000
172523.586481	271.601000
172573.677794	268.793000
172610.138988	266.612000
172658.162199	263.996000
172704.733751	261.292000
172746.378909	259.101000
172797.072069	256.228000
172843.793891	253.907000
172899.539387	250.909000
172936.886861	249.006000
172998.142580	245.758000
173028.189130	244.176000
173096.905780	240.610000
173136.205798	238.619000
173199.016059	235.224000
173224.262041	233.968000
173298.056910	230.037000
173321.246930	228.921000
173398.043281	224.914000
173420.157207	223.869000
173506.032194	219.529000
173524.300126	218.704000
173620.367922	214.047000
173623.824839	213.900000
173727.671818	209.540000
173748.824816	208.688000
173872.148520	203.901000
173884.510737	203.459000
174020.251161	198.715000
174023.432352	198.617000
174160.870034	193.926000
174173.090856	193.538000
174455.638970	188.688000
174474.294751	188.067000
174638.651885	193.538000
174661.255735	193.926000
174809.007993	198.617000
174811.879213	198.715000
174965.874811	203.459000
174978.521790	203.901000
175112.408519	208.688000
175134.357923	209.540000
175242.605657	213.900000
175246.106920	214.047000
175355.622991	218.704000
175372.641658	219.529000
175468.742053	223.869000
175489.419325	224.914000
175574.214064	228.921000
175595.602816	230.037000
175677.287376	233.968000
175700.865690	235.224000
175769.106224	238.619000
175805.941344	240.610000
175876.330023	244.176000
175906.815088	245.758000
175968.503581	249.006000
176004.393247	250.909000
176063.230727	253.907000
176106.387931	256.228000
176164.221534	259.101000
176202.881024	261.292000
176254.276965	263.996000
176299.332875	266.612000
176339.370575	268.793000
176386.313736	271.601000
176429.769020	274.037000
176474.607467	276.755000
176511.892797	278.949000
176561.071330	282.056000
176587.914864	283.681000
176642.053403	287.172000
176670.111241	288.916000
176717.748352	292.052000
176747.052825	293.920000
176805.821803	297.810000
176819.202238	298.680000
176875.935858	302.446000
176897.349998	303.864000
176959.657746	307.959000
176977.031469	309.113000
177036.165007	312.979000
177052.002903	314.026000
177116.421992	318.264000
177130.423304	319.214000
177192.171373	323.373000
177206.275914	324.327000
177269.991382	328.662000
177286.458477	329.779000
177343.509400	333.681000
177354.153252	334.400000
177420.933295	338.969000
177434.615340	339.886000
177495.773742	344.079000
177508.606676	344.932000
177569.547901	349.213000
177580.059487	349.919000
177642.188376	354.326000
177653.445227	355.093000
177714.804934	359.503000
177724.142985	360.144000
177785.545553	364.580000
177793.308496	365.127000
177855.161846	369.562000
177864.564246	370.228000
177928.208991	374.776000
177935.255973	375.273000
178001.350076	379.967000
178002.978771	380.081000
178072.375569	384.951000
178081.724080	385.599000
178146.188994	390.076000
178148.230474	390.217000
178216.268331	394.906000
178222.611276	395.342000
178296.755487	400.437000
178296.917423	400.448000
178365.191559	405.127000
178368.096929	405.327000
178442.373679	410.396000
178443.326851	410.461000
178511.839212	415.167000
178516.007671	415.453000
178589.463594	420.465000
178591.504312	420.606000
178658.783285	425.214000
178663.270608	425.527000
178731.899395	430.208000
178741.233591	430.860000
178808.361453	435.436000
178810.742328	435.603000
178879.270860	440.307000
178885.340101	440.736000
178947.701323	445.054000
178958.840320	445.844000
179025.146622	450.473000
179031.934182	450.952000
179091.081876	455.120000
179100.329262	455.775000
179162.850862	460.219000
179172.986954	460.935000
179235.810948	465.384000
179242.674547	465.863000
179304.725395	470.271000
179315.741474	471.035000
179370.029620	474.886000
179383.254149	475.799000
179451.459571	480.636000
179456.975362	481.018000
179514.006593	485.093000
179525.361597	485.881000
179582.963532	490.016000
179594.593754	490.828000
179660.424185	495.543000
179665.556614	495.899000
179726.585599	500.264000
179734.534622	500.816000
179792.616209	504.993000
179805.604241	505.892000
179871.499617	510.628000
179875.518859	510.905000
179933.024440	515.009000
179946.638213	515.951000
180007.480143	520.310000
180021.221742	521.262000
180078.902469	525.407000
180090.359311	526.200000
180145.556934	530.132000
180167.000903	531.621000
180221.597811	535.482000
180238.378467	536.643000
180289.993814	540.271000
180312.962243	541.860000
180360.767670	545.240000
180389.367651	547.207000
180434.501600	550.396000
180468.370494	552.740000
180504.600293	555.319000
180531.642504	557.222000
180577.991829	560.510000
180618.818490	563.398000
180645.023160	565.259000
180683.307509	567.944000
180718.461768	570.435000
180764.932764	573.708000
180791.154777	575.583000
180830.926815	578.414000
180853.775372	580.041000
180909.396468	584.004000
180928.908260	585.387000
180981.550694	589.133000
180998.385288	590.322000
181049.753107	593.970000
181063.946624	594.976000
181130.226934	599.676000
181137.842082	600.215000
181196.452165	604.365000
181209.347278	605.275000
181272.402738	609.742000
181275.312176	609.946000
181346.278941	614.938000
181347.850511	615.047000
181420.876807	620.125000
181421.328807	620.156000
181486.948233	624.711000
181494.645307	625.251000
181559.673515	629.762000
181570.113742	630.487000
181636.277133	635.066000
181647.317430	635.831000
181699.167483	639.443000
181715.382588	640.576000
181775.673128	644.808000
181790.781859	645.863000
181845.792765	649.733000
181868.161888	651.291000
181913.958193	654.497000
181934.517139	655.922000
181992.295927	659.955000
182010.001663	661.171000
182066.953858	665.158000
182084.579046	666.365000
182140.503758	670.252000
182155.291657	671.262000
182213.263296	675.264000
182227.359719	676.219000
182292.712072	680.725000
182303.574293	681.456000
182365.216986	685.713000
182378.148270	686.579000
182441.751798	690.946000
182447.384580	691.321000
182515.765030	695.965000
182523.658963	696.486000
182598.538673	701.538000
182600.665628	701.679000
182667.038122	706.200000
182671.720987	706.510000
182747.398996	711.622000
182750.043803	711.800000
182823.334155	716.654000
182824.195298	716.712000
182896.394434	721.468000
182904.710261	722.031000
182978.002327	726.860000
182979.419164	726.956000
183049.058712	731.529000
183064.908322	732.597000
183123.968102	736.508000
183134.828176	737.234000
183205.093584	741.883000
183217.276594	742.696000
183272.530873	746.330000
183295.587873	747.857000
183355.724824	751.774000
183372.439873	752.874000
183429.649317	756.568000
183455.286228	758.249000
183505.084098	761.437000
183529.824942	763.056000
183587.071107	766.695000
183616.136962	768.581000
183662.556876	771.533000
183694.554939	773.590000
183742.552942	776.646000
183773.377254	778.612000
183816.296115	781.338000
183857.216437	783.938000
183900.453878	786.666000
183939.931860	789.177000
183979.836949	791.687000
184015.572257	793.950000
184053.112821	796.300000
184104.352212	799.545000
184138.685337	801.682000
184181.356944	804.383000
184218.447079	806.688000
184268.796886	809.887000
184296.013860	811.571000
184339.049704	814.309000
184373.151661	816.435000
184437.403777	820.512000
184463.607129	822.142000
184505.476860	824.789000
184532.998322	826.486000
184593.371471	830.260000
184615.534918	831.612000
184681.386651	835.709000
184708.329049	837.345000
184758.112354	840.422000
184775.110178	841.453000
184844.326929	845.705000
184865.941711	847.005000
184936.138898	851.273000
184950.621975	852.137000
185008.389873	855.657000
185029.088123	856.878000
185104.906658	861.510000
185112.481228	861.959000
185186.193198	866.446000
185202.748231	867.425000
185269.971188	871.471000
185279.345051	872.022000
185358.260987	876.717000
185363.911855	877.046000
185450.330364	882.148000
185457.257965	882.547000
185527.635641	886.678000
185538.833119	887.323000
185619.624624	892.037000
185621.433769	892.142000
185708.826669	897.169000
185712.729147	897.393000
185795.412641	902.187000
185798.427379	902.359000
185881.619145	907.125000
185885.342532	907.335000
185971.522754	912.205000
185974.307134	912.361000
186062.622418	917.323000
186065.258080	917.470000
186150.380408	922.229000
186153.614640	922.408000
186240.219425	927.215000
186247.221828	927.604000
186329.220008	932.097000
186338.766276	932.622000
186426.329321	937.407000
186428.324872	937.516000
186514.014897	942.196000
186522.581510	942.662000
186603.944248	947.085000
186615.352837	947.704000
186698.117792	952.164000
186711.487226	952.884000
186795.133169	957.385000
186796.039841	957.434000
186879.249767	961.932000
186898.497456	962.959000
186982.427800	967.435000
186991.648602	967.924000
187071.668066	972.128000
187077.795934	972.451000
187164.962407	977.004000
187185.387715	978.083000
187264.849549	982.195000
187275.818748	982.771000
187352.351833	986.758000
187374.812907	987.924000
187435.497680	991.076000
187469.090095	992.804000
187513.348514	995.084000
187567.620652	997.855000
187574.519405	998.206000
187626.204671	1000.847000
187638.793667	1001.484000
187652.705179	1002.187000
187652.923122	1002.198000
187653.795857	1002.242000
187655.759721	1002.341000
187656.613157	1002.384000
187657.387001	1002.423000
187657.903190	1002.449000
187658.598081	1002.484000
187661.814904	1002.646000
187662.232166	1002.667000
187663.786094	1002.746000
187666.012248	1002.858000
187667.324556	1002.924000
187667.861438	1002.951000
187693.478669	1004.241000
187733.783982	1006.265000
187772.237230	1008.185000
187774.791731	1008.312000
187830.073747	1011.069000
187864.939395	1012.790000
187883.212590	1013.694000
187940.049055	1016.486000
187976.347577	1018.260000
187993.136779	1019.081000
188055.613565	1022.122000
188074.027811	1023.017000
188116.070667	1025.063000
188177.607230	1028.037000
188187.508540	1028.514000
188285.769329	1033.223000
188287.761367	1033.317000
188384.894381	1037.998000
188392.617377	1038.358000
188490.325380	1042.983000
188500.505113	1043.457000
188599.093465	1047.998000
188614.602437	1048.705000
188715.608406	1053.322000
188720.969008	1053.565000
188822.029129	1058.135000
188824.618286	1058.251000
188945.015134	1063.635000
188946.692022	1063.709000
189054.702547	1068.466000
189061.758229	1068.775000
189167.066362	1073.364000
189178.088243	1073.837000
189288.549368	1078.574000
189293.604142	1078.790000
189415.223367	1083.945000
189428.502594	1084.508000
189526.929717	1088.725000
189530.533656	1088.878000
189647.531369	1093.785000
189660.519725	1094.324000
189777.729471	1099.230000
189788.257426	1099.661000
189894.132730	1103.978000
189907.251050	1104.507000
190023.386493	1109.196000
190036.224991	1109.708000
190156.928235	1114.501000
190175.175579	1115.229000
190270.830747	1119.011000
190294.349552	1119.935000
190416.493351	1124.719000
190432.198686	1125.319000
190541.732944	1129.518000
190572.269589	1130.659000
190670.197371	1134.322000
190697.938866	1135.328000
190832.378692	1140.196000
190855.153845	1140.987000
190947.026537	1144.203000
191002.406186	1146.099000
191119.185177	1150.121000
191142.323798	1150.883000
191262.281888	1154.994000
191315.807017	1156.713000
191411.355697	1159.910000
191458.129873	1161.390000
191570.123917	1165.080000
191623.865484	1166.760000
191741.773459	1170.514000
191786.501045	1171.876000
191889.592755	1175.044000
191966.317677	1177.282000
192074.028044	1180.449000
192134.700585	1182.155000
192259.696927	1185.630000
192326.589984	1187.380000
192445.024802	1190.531000
192528.163617	1192.585000
192635.277714	1195.323000
192733.835726	1197.710000
192866.716602	1201.028000
192924.545487	1202.316000
193041.531262	1205.125000
193175.549258	1207.958000
193301.882105	1210.760000
193396.471512	1212.632000
193528.618812	1215.552000
193648.160613	1217.659000
193790.326811	1220.505000
193937.076454	1222.871000
194094.889871	1225.816000
194219.357253	1227.639000
194368.981082	1230.354000
194603.961435	1233.027000
194766.207266	1235.803000
194980.483211	1237.621000
195175.356601	1240.620000
195414.951664	1242.763000
195672.133480	1245.774000
196169.871960	1248.101000
196592.366751	1250.722000
197389.964701	1245.774000
198034.008776	1242.763000
198217.051165	1240.620000
198552.350089	1237.621000
198670.482741	1235.803000
198997.671973	1233.027000
199153.897876	1230.354000
199392.570400	1227.639000
199493.036051	1225.816000
199694.109249	1222.871000
199820.895851	1220.505000
