0.000000	500.000000
11.988873	500.816000
71.166102	504.993000
84.419111	505.892000
151.559105	510.628000
155.661078	510.905000
214.268588	515.009000
228.160292	515.951000
290.158852	520.310000
304.180294	521.262000
362.950805	525.407000
374.641394	526.200000
430.900739	530.132000
452.779371	531.621000
508.442221	535.482000
525.565541	536.643000
578.201266	540.271000
601.638783	541.860000
650.377962	545.240000
679.569138	547.207000
725.585859	550.396000
760.145927	552.740000
797.073616	555.319000
824.649140	557.222000
871.897610	560.510000
913.520908	563.398000
940.232782	565.259000
979.277426	567.944000
1015.115240	570.435000
1062.501127	573.708000
1089.223629	575.583000
1129.761874	578.414000
1153.050262	580.041000
1209.740764	584.004000
1229.631720	585.387000
1283.288932	589.133000
1300.453060	590.322000
1352.815148	593.970000
1367.284504	594.976000
1434.851669	599.676000
1442.615229	600.215000
1502.366673	604.365000
1515.514639	605.275000
1579.796770	609.742000
1582.764014	609.946000
1655.131522	614.938000
1656.735021	615.047000
1731.237182	620.125000
1731.698579	620.156000
1798.648930	624.711000
1806.498757	625.251000
1872.847674	629.762000
1883.499483	630.487000
1951.013118	635.066000
1962.278161	635.831000
2015.172228	639.443000
2031.711813	640.576000
2093.197563	644.808000
2108.609043	645.863000
2164.705536	649.733000
2187.525236	651.291000
2234.234416	654.497000
2255.211614	655.922000
2314.149071	659.955000
2332.221877	661.171000
2390.309306	665.158000
2408.302053	666.365000
2465.358089	670.252000
2480.456072	671.262000
2539.616896	675.264000
2554.013868	676.219000
2620.710180	680.725000
2631.807189	681.456000
2694.713414	685.713000
2707.927032	686.579000
2772.849905	690.946000
2778.607176	691.321000
2848.438225	695.965000
2856.509759	696.486000
2932.999594	701.538000
2935.173970	701.679000
3002.945926	706.200000
3007.733499	706.510000
3085.034783	711.622000
3087.736751	711.800000
3162.664272	716.654000
3163.543998	716.712000
3237.373943	721.468000
3245.867315	722.031000
3320.814168	726.860000
3322.261205	726.956000
3393.483960	731.529000
3409.675263	732.597000
3470.054685	736.508000
3481.152741	737.234000
3552.990986	741.883000
3565.441942	742.696000
3621.948380	746.330000
3645.520471	747.857000
3707.047705	751.774000
3724.141068	752.874000
3782.697083	756.568000
3808.918612	758.249000
3859.909512	761.437000
3885.216872	763.056000
3943.854683	766.695000
3973.597796	768.581000
4021.145224	771.533000
4053.903339	773.590000
4103.064319	776.646000
4134.632802	778.612000
4178.596792	781.338000
4220.512834	783.938000
4264.817754	786.666000
4305.254271	789.177000
4346.150865	791.687000
4382.761730	793.950000
4421.244322	796.300000
4473.738999	799.545000
4508.943885	801.682000
4552.662000	804.383000
4590.696949	806.688000
4642.272029	809.887000
4670.188654	811.571000
4714.268866	814.309000
4749.233861	816.435000
4815.053759	820.512000
4841.923272	822.142000
4884.822448	824.789000
4913.056436	826.486000
4974.948964	830.260000
4997.699148	831.612000
5065.224470	835.709000
5092.886932	837.345000
5143.952787	840.422000
5161.405941	841.453000
5232.428672	845.705000
5254.632708	847.005000
5326.701002	851.273000
5341.585649	852.137000
5400.886374	855.657000
5422.172050	856.878000
5499.991487	861.510000
5507.778871	861.959000
5583.450826	866.446000
5600.473297	867.425000
5669.526101	871.471000
5679.167978	872.022000
5760.284403	876.717000
5766.100084	877.046000
5854.967066	882.148000
5862.101313	882.547000
5934.497119	886.678000
5946.028533	887.323000
6029.165785	892.037000
6031.028042	892.142000
6121.034808	897.169000
6125.054525	897.393000
6210.170487	902.187000
6213.276945	902.359000
6298.978017	907.125000
6302.817437	907.335000
6391.672496	912.205000
6394.544858	912.361000
6485.634398	917.323000
6488.354137	917.470000
6576.178201	922.229000
6579.517279	922.408000
6668.912715	927.215000
6676.140354	927.604000
6760.853016	932.097000
6770.712887	932.622000
6861.191051	937.407000
6863.253100	937.516000
6951.799270	942.196000
6960.653823	942.662000
7044.755087	947.085000
7056.549216	947.704000
7142.151517	952.164000
7155.979878	952.884000
7242.502030	957.385000
7243.439597	957.434000
7329.483503	961.932000
7349.404888	962.959000
7436.276044	967.435000
7445.823754	967.924000
7528.736672	972.128000
7535.084594	972.451000
7625.441663	977.004000
7646.597053	978.083000
7729.025222	982.195000
7740.391483	982.771000
7819.741625	986.758000
7843.035609	987.924000
7905.968114	991.076000
7940.830425	992.804000
7986.756784	995.084000
8043.113159	997.855000
8050.278817	998.206000
8103.945678	1000.847000
8117.027420	1001.484000
8131.484949	1002.187000
8131.711467	1002.198000
8132.618626	1002.242000
8134.659968	1002.341000
8135.547110	1002.384000
8136.351501	1002.423000
8136.888090	1002.449000
8137.610446	1002.484000
8140.954448	1002.646000
8141.388229	1002.667000
8143.002376	1002.746000
8145.316725	1002.858000
8146.681062	1002.924000
8147.239232	1002.951000
8173.869405	1004.241000
8215.777864	1006.265000
8255.779187	1008.185000
8258.437470	1008.312000
8315.950663	1011.069000
8352.254510	1012.790000
8371.277905	1013.694000
8430.482964	1016.486000
8468.310715	1018.260000
8485.806374	1019.081000
8550.938097	1022.122000
8570.137263	1023.017000
8613.967458	1025.063000
8678.158847	1028.037000
8688.490223	1028.514000
8791.066882	1033.223000
8793.149349	1033.317000
8894.498339	1037.998000
8902.581199	1038.358000
9004.695290	1042.983000
9015.350472	1043.457000
9118.651656	1047.998000
9134.918612	1048.705000
9240.832545	1053.322000
9246.458322	1053.565000
9352.543803	1058.135000
9355.264307	1058.251000
9481.793384	1063.635000
9483.558157	1063.709000
9597.253721	1068.466000
9604.685316	1068.775000
9715.664736	1073.364000
9727.300184	1073.837000
9843.920036	1078.574000
9849.258815	1078.790000
9977.832657	1083.945000
9991.870823	1084.508000
10095.796823	1088.725000
10099.606140	1088.878000
10223.449550	1093.785000
10237.215618	1094.324000
10361.313590	1099.230000
10372.490907	1099.661000
10484.954225	1103.978000
10498.908858	1104.507000
10622.428035	1109.196000
10636.105190	1109.708000
10764.768065	1114.501000
10784.206331	1115.229000
10886.229568	1119.011000
10911.336133	1119.935000
11041.782034	1124.719000
11058.615292	1125.319000
11175.956395	1129.518000
11208.797046	1130.659000
11314.095860	1134.322000
11344.075389	1135.328000
11489.397360	1140.196000
11514.198106	1140.987000
11614.097342	1144.203000
11674.565823	1146.099000
11801.930786	1150.121000
11827.393872	1150.883000
11958.350048	1154.994000
12017.574376	1156.713000
12122.376802	1159.910000
12174.307401	1161.390000
12297.539378	1165.080000
12357.376073	1166.760000
12488.095065	1170.514000
12538.219912	1171.876000
12653.485710	1175.044000
12740.473619	1177.282000
12862.316824	1180.449000
12931.864450	1182.155000
13075.663872	1185.630000
13154.279697	1187.380000
13292.600143	1190.531000
13392.647540	1192.585000
13519.686818	1195.323000
13639.381750	1197.710000
13798.539587	1201.028000
13872.024204	1202.316000
14014.688637	1205.125000
14191.060757	1207.958000
14352.011613	1210.760000
14483.452412	1212.632000
14652.206780	1215.552000
14843.089679	1217.659000
15038.593071	1220.505000
15319.130085	1222.871000
15552.379820	1225.816000
15911.883138	1227.639000
16140.987412	1230.354000
16523.924869	1225.816000
17104.691337	1222.871000
17292.083145	1220.505000
17629.533838	1217.659000
17774.272294	1215.552000
18038.808634	1212.632000
18146.996366	1210.760000
18343.736279	1207.958000
18506.467819	1205.125000
18681.345788	1202.316000
18746.761163	1201.028000
18936.063925	1197.710000
19050.563551	1195.323000
19187.859204	1192.585000
19283.161862	1190.531000
19436.642557	1187.380000
19513.462862	1185.630000
19669.571430	1182.155000
19740.167636	1180.449000
19869.275097	1177.282000
19955.377116	1175.044000
20078.512816	1171.876000
20128.068376	1170.514000
20266.224527	1166.760000
20324.724236	1165.080000
20456.151261	1161.390000
20505.577637	1159.910000
20617.754748	1156.713000
20674.106131	1154.994000
20815.741509	1150.883000
20840.015069	1150.121000
20974.414716	1146.099000
21034.455484	1144.203000
21137.022275	1140.987000
21161.593262	1140.196000
21314.222887	1135.328000
21344.254502	1134.322000
21453.414557	1130.659000
21486.214433	1129.518000
21607.071484	1125.319000
21623.838491	1124.719000
21758.055674	1119.935000
21783.250492	1119.011000
21886.013509	1115.229000
21905.652038	1114.501000
22033.629521	1109.708000
22047.373605	1109.196000
22172.631766	1104.507000
22186.566857	1103.978000
22300.446154	1099.661000
22311.674250	1099.230000
22438.903765	1094.324000
22452.537847	1093.785000
22577.862705	1088.878000
22581.724136	1088.725000
22686.716894	1084.508000
22700.591766	1083.945000
22829.129509	1078.790000
22834.516890	1078.574000
22951.599272	1073.837000
22963.244023	1073.364000
23076.130009	1068.775000
23083.602801	1068.466000
23198.010880	1063.709000
23199.779530	1063.635000
23328.178679	1058.251000
23330.904788	1058.135000
23438.083277	1053.565000
23443.724146	1053.322000
23550.613908	1048.705000
23566.832481	1047.998000
23671.313732	1043.457000
23682.096547	1042.983000
23786.063243	1038.358000
23794.011583	1037.998000
23899.111222	1033.317000
23901.146429	1033.223000
24005.469150	1028.514000
24015.859692	1028.037000
24080.273765	1025.063000
24124.435023	1023.017000
24143.608055	1022.122000
24208.842317	1019.081000
24226.426383	1018.260000
24264.230644	1016.486000
24323.765638	1013.694000
24342.935185	1012.790000
24379.151183	1011.069000
24437.309059	1008.312000
24439.958379	1008.185000
24480.146598	1006.265000
24522.314660	1004.241000
24549.025090	1002.951000
24549.582466	1002.924000
24550.946884	1002.858000
24553.262122	1002.746000
24554.894565	1002.667000
24555.323642	1002.646000
24558.669953	1002.484000
24559.392423	1002.449000
24559.929030	1002.423000
24560.733914	1002.384000
24561.620806	1002.341000
24563.663295	1002.242000
24564.570559	1002.198000
24564.797348	1002.187000
24579.273945	1001.484000
24592.374153	1000.847000
24646.611013	998.206000
24653.743564	997.855000
24710.313471	995.084000
24756.683928	992.804000
24791.491274	991.076000
24855.082711	987.924000
24878.362947	986.758000
24958.013986	982.771000
24969.477664	982.195000
25050.620133	978.083000
25072.249509	977.004000
25161.517807	972.451000
25167.927940	972.128000
25250.549189	967.924000
25260.193437	967.435000
25347.587196	962.959000
25367.519429	961.932000
25454.770049	957.434000
25455.707388	957.385000
25541.829557	952.884000
25555.670026	952.164000
25641.329038	947.704000
25653.209716	947.085000
25737.483434	942.662000
25746.344204	942.196000
25835.269758	937.516000
25837.332052	937.407000
25927.854125	932.622000
25937.781196	932.097000
26022.162909	927.604000
26029.497257	927.215000
26118.811550	922.408000
26122.140400	922.229000
26210.915099	917.470000
26213.627883	917.323000
26305.432946	912.361000
26308.296704	912.205000
26397.965965	907.335000
26401.797498	907.125000
26488.934056	902.359000
26492.026919	902.187000
26578.610419	897.393000
26582.587469	897.169000
26672.797821	892.142000
26674.677812	892.037000
26758.284273	887.323000
26769.659650	886.678000
26843.514336	882.547000
26850.506814	882.148000
26941.732201	877.046000
26947.462745	876.717000
27030.455515	872.022000
27039.975249	871.471000
27110.775676	867.425000
27127.484201	866.446000
27205.502412	861.959000
27213.074667	861.510000
27293.411327	856.878000
27313.924611	855.657000
27375.288722	852.137000
27389.844355	851.273000
27463.371753	847.005000
27485.323201	845.705000
27557.947481	841.453000
27575.168656	840.422000
27627.257265	837.345000
27654.408301	835.709000
27723.682816	831.612000
27745.966008	830.260000
27809.471329	826.486000
27837.301646	824.789000
27881.341344	822.142000
27907.758290	820.512000
27974.965042	816.435000
28009.287608	814.309000
28054.317785	811.571000
28081.429209	809.887000
28134.460848	806.688000
28171.622636	804.383000
28216.192006	801.682000
28250.781274	799.545000
28304.239325	796.300000
28342.255500	793.950000
28379.313418	791.687000
28419.920255	789.177000
28460.833142	786.666000
28504.764173	783.938000
28546.990270	781.338000
28590.937627	778.612000
28622.644599	776.646000
28671.715445	773.590000
28704.805804	771.533000
28751.816963	768.581000
28782.194487	766.695000
28839.583238	763.056000
28865.671344	761.437000
28915.504491	758.249000
28942.391474	756.568000
29000.013324	752.874000
29017.450145	751.774000
29078.318059	747.857000
29102.303784	746.330000
29158.401347	742.696000
29171.042991	741.883000
29242.241627	737.234000
29253.460075	736.508000
29313.245880	732.597000
29329.734047	731.529000
29399.062541	726.956000
29400.557705	726.860000
29473.346653	722.031000
29482.084503	721.468000
29553.833128	716.712000
29554.733494	716.654000
29628.357467	711.800000
29631.105119	711.622000
29708.703207	706.510000
29713.390883	706.200000
29783.212226	701.679000
29785.325884	701.538000
29863.233304	696.486000
29871.121507	695.965000
29943.068160	691.321000
29948.706973	690.946000
30015.752313	686.579000
30028.626874	685.713000
30093.581113	681.456000
30104.383192	680.725000
30172.786919	676.219000
30186.922511	675.264000
30247.254113	671.262000
30262.184756	670.252000
30320.289566	666.365000
30338.006735	665.158000
30397.440939	661.171000
30415.157095	659.955000
30475.097579	655.922000
30495.922244	654.497000
30543.117262	651.291000
30565.816233	649.733000
30622.499315	645.863000
30637.791770	644.808000
30699.612986	640.576000
30716.074081	639.443000
30768.802219	635.831000
30780.004866	635.066000
30847.433143	630.487000
30858.122679	629.762000
30924.398967	625.251000
30932.341422	624.711000
30998.556162	620.156000
30999.011806	620.125000
31074.591655	615.047000
31076.190855	614.938000
31149.628183	609.946000
31152.585509	609.742000
31217.559433	605.275000
31230.654741	604.365000
31290.615244	600.215000
31298.375733	599.676000
31366.072823	594.976000
31380.535071	593.970000
31433.004466	590.322000
31450.070947	589.133000
31504.147334	585.387000
31523.957244	584.004000
31580.954973	580.041000
31604.229121	578.414000
31644.751202	575.583000
31671.600093	573.708000
31718.246893	570.435000
31754.311129	567.944000
31792.940005	565.259000
31820.002233	563.398000
31861.455158	560.510000
31908.843455	557.222000
31936.189513	555.319000
31973.560652	552.740000
32007.123468	550.396000
32054.142264	547.207000
32082.525736	545.240000
32132.686475	541.860000
32155.599657	540.271000
32209.112126	536.643000
32225.956138	535.482000
32282.901135	531.621000
32304.367590	530.132000
32362.142458	526.200000
32373.488761	525.407000
32434.595307	521.262000
32448.093383	520.310000
32512.294505	515.951000
32525.692679	515.009000
32586.214501	510.905000
32590.170222	510.628000
32660.303597	505.892000
32673.048288	504.993000
32734.625393	500.816000
32742.445797	500.264000
32806.577451	495.899000
32811.649795	495.543000
32881.006517	490.828000
32892.559245	490.016000
32952.971645	485.881000
32964.156589	485.093000
33024.068601	481.018000
33029.517037	480.636000
33100.782948	475.799000
33113.906852	474.886000
33170.831505	471.035000
33181.810687	470.271000
33246.660930	465.863000
33253.534185	465.384000
33318.562848	460.935000
33328.870265	460.219000
33393.013110	455.775000
33402.406197	455.120000
33462.395767	450.952000
33469.326892	450.473000
33536.207234	445.844000
33547.750129	445.054000
33609.815611	440.736000
33616.137606	440.307000
33683.987635	435.603000
33686.471006	435.436000
33753.005064	430.860000
33762.770959	430.208000
33831.127235	425.527000
33835.812661	425.214000
33903.201922	420.606000
33905.303508	420.465000
33979.328462	415.453000
33983.608153	415.167000
34053.623136	410.461000
34054.589052	410.396000
34130.485406	405.327000
34133.477585	405.127000
34202.851173	400.448000
34203.015023	400.437000
34279.611088	395.342000
34286.087297	394.906000
34355.714768	390.217000
34357.802806	390.076000
34423.951788	385.599000
34433.471489	384.951000
34505.158797	380.081000
34506.815501	379.967000
34575.214911	375.273000
34582.348387	374.776000
34648.100693	370.228000
34657.598822	369.562000
34721.429276	365.127000
34729.202878	364.580000
34793.396197	360.144000
34802.434660	359.503000
34868.012560	355.093000
34878.885987	354.326000
34944.928090	349.919000
34955.074236	349.213000
35020.197132	344.932000
35032.580160	344.079000
35097.060303	339.886000
35110.713790	338.969000
35180.371301	334.400000
35191.099700	333.681000
35250.102663	329.779000
35266.775725	328.662000
35332.042464	324.327000
35346.360629	323.373000
35409.165309	319.214000
35423.574163	318.264000
35487.362316	314.026000
35503.637523	312.979000
35563.429571	309.113000
35581.485874	307.959000
35644.505970	303.864000
35666.571301	302.446000
35724.715013	298.680000
35738.112697	297.810000
35799.328309	293.920000
35828.180665	292.052000
35878.566151	288.916000
35905.657404	287.172000
35963.251491	283.681000
35989.046855	282.056000
36041.752163	278.949000
36077.334461	276.755000
36124.842485	274.037000
36166.106685	271.601000
36217.779002	268.793000
36255.245500	266.612000
36304.878120	263.996000
36352.815782	261.292000
36395.962355	259.101000
36448.219379	256.228000
36496.842564	253.907000
36554.507144	250.909000
36593.295052	249.006000
36656.723229	245.758000
36687.851283	244.176000
36759.117946	240.610000
36799.952243	238.619000
36864.902072	235.224000
36891.172238	233.968000
36967.558973	230.037000
36991.758542	228.921000
37071.372311	224.914000
37094.487040	223.869000
37183.731865	219.529000
37202.910769	218.704000
37303.096439	214.047000
37306.749654	213.900000
37416.659066	209.540000
37439.164073	208.688000
37571.038012	203.901000
37584.429788	203.459000
37732.072356	198.715000
37735.627020	198.617000
37885.782331	193.926000
37899.339721	193.538000
38370.800006	188.688000
38391.284124	188.067000
38571.748871	193.538000
38609.465694	193.926000
38773.377330	198.617000
38776.514235	198.715000
38948.589021	203.459000
38962.344926	203.901000
39107.382111	208.688000
39130.853303	209.540000
39246.019771	213.900000
39249.725432	214.047000
39365.460298	218.704000
39383.208457	219.529000
39484.101114	223.869000
39505.589787	224.914000
39594.222054	228.921000
39616.395492	230.037000
39701.636089	233.968000
39726.042535	235.224000
39797.051463	238.619000
39835.141333	240.610000
39908.277998	244.176000
39939.894336	245.758000
40003.803262	249.006000
40040.965768	250.909000
40102.072520	253.907000
40146.715446	256.228000
40206.902611	259.101000
40246.754730	261.292000
40300.003626	263.996000
40346.381187	266.612000
40387.760677	268.793000
40435.998149	271.601000
40480.824988	274.037000
40526.866079	276.755000
40565.215086	278.949000
40615.604421	282.056000
40643.169959	283.681000
40698.586338	287.172000
40727.358635	288.916000
40776.073182	292.052000
40806.085965	293.920000
40866.169297	297.810000
40879.860193	298.680000
40937.855222	302.446000
40959.747889	303.864000
41023.469699	307.959000
41041.229209	309.113000
41101.719389	312.979000
41117.912424	314.026000
41183.790482	318.264000
41198.089384	319.214000
41261.169830	323.373000
41275.576097	324.327000
41340.638200	328.662000
41357.455489	329.779000
41415.699257	333.681000
41426.571407	334.400000
41494.746726	338.969000
41508.727014	339.886000
41571.157844	344.079000
41584.275317	344.932000
41646.422728	349.213000
41657.162454	349.919000
41720.496822	354.326000
41731.990875	355.093000
41794.509540	359.503000
41804.041384	360.144000
41866.591491	364.580000
41874.507124	365.127000
41937.534412	369.562000
41947.119774	370.228000
42011.980869	374.776000
42019.166202	375.273000
42086.539514	379.967000
42088.200684	380.081000
42158.973912	384.951000
42168.512593	385.599000
42234.283733	390.076000
42236.367049	390.217000
42305.805417	394.906000
42312.279628	395.342000
42387.959182	400.437000
42388.124551	400.448000
42457.820317	405.127000
42460.785634	405.327000
42536.622424	410.396000
42537.595646	410.461000
42607.527962	415.167000
42611.783016	415.453000
42686.782361	420.465000
42688.864866	420.606000
42757.546494	425.214000
42762.123933	425.527000
42832.195752	430.208000
42841.716857	430.860000
42910.257857	435.436000
42912.686001	435.603000
42982.636752	440.307000
42988.824605	440.736000
43052.457184	445.054000
43063.812379	445.844000
43131.447902	450.473000
43138.368551	450.952000
43198.679466	455.120000
43208.106809	455.775000
43271.836401	460.219000
43282.170847	460.935000
43346.217911	465.384000
43353.219199	465.863000
43416.470358	470.271000
43427.710282	471.035000
43483.051680	474.886000
43496.547449	475.799000
43566.076828	480.636000
43571.705023	481.018000
43629.826431	485.093000
43641.411870	485.881000
43700.104439	490.016000
43711.967769	490.828000
43779.050422	495.543000
43784.287112	495.899000
43846.480312	500.264000
43854.590432	500.816000
43913.767661	504.993000
43927.020670	505.892000
43994.160664	510.628000
43998.262637	510.905000
44056.870146	515.009000
44070.761851	515.951000
44132.760411	520.310000
44146.781853	521.262000
44205.552364	525.407000
44217.242953	526.200000
44273.502298	530.132000
44295.380930	531.621000
44351.043779	535.482000
44368.167100	536.643000
44420.802824	540.271000
44444.240342	541.860000
44492.979521	545.240000
44522.170697	547.207000
44568.187418	550.396000
44602.747486	552.740000
44639.675175	555.319000
44667.250699	557.222000
44714.499169	560.510000
44756.122467	563.398000
44782.834341	565.259000
44821.878985	567.944000
44857.716799	570.435000
44905.102686	573.708000
44931.825188	575.583000
44972.363433	578.414000
44995.651821	580.041000
45052.342323	584.004000
45072.233279	585.387000
45125.890491	589.133000
45143.054619	590.322000
45195.416707	593.970000
45209.886063	594.976000
45277.453228	599.676000
45285.216788	600.215000
45344.968232	604.365000
45358.116198	605.275000
45422.398328	609.742000
45425.365573	609.946000
45497.733081	614.938000
45499.336580	615.047000
45573.838741	620.125000
45574.300138	620.156000
45641.250489	624.711000
45649.100315	625.251000
45715.449233	629.762000
45726.101042	630.487000
45793.614677	635.066000
45804.879720	635.831000
45857.773787	639.443000
45874.313372	640.576000
45935.799122	644.808000
45951.210602	645.863000
46007.307095	649.733000
46030.126795	651.291000
46076.835974	654.497000
46097.813173	655.922000
46156.750630	659.955000
46174.823436	661.171000
46232.910865	665.158000
46250.903612	666.365000
46307.959648	670.252000
46323.057630	671.262000
46382.218455	675.264000
46396.615426	676.219000
46463.311739	680.725000
46474.408748	681.456000
46537.314973	685.713000
46550.528591	686.579000
46615.451463	690.946000
46621.208734	691.321000
46691.039784	695.965000
46699.111318	696.486000
46775.601153	701.538000
46777.775529	701.679000
46845.547485	706.200000
46850.335058	706.510000
46927.636342	711.622000
46930.338310	711.800000
47005.265831	716.654000
47006.145557	716.712000
47079.975502	721.468000
47088.468874	722.031000
47163.415727	726.860000
47164.862764	726.956000
47236.085518	731.529000
47252.276822	732.597000
47312.656244	736.508000
47323.754299	737.234000
47395.592545	741.883000
47408.043501	742.696000
47464.549939	746.330000
47488.122030	747.857000
47549.649264	751.774000
47566.742627	752.874000
47625.298642	756.568000
47651.520171	758.249000
47702.511071	761.437000
47727.818431	763.056000
47786.456242	766.695000
47816.199355	768.581000
47863.746783	771.533000
47896.504898	773.590000
47945.665878	776.646000
47977.234361	778.612000
48021.198351	781.338000
48063.114393	783.938000
48107.419312	786.666000
48147.855830	789.177000
48188.752423	791.687000
48225.363289	793.950000
48263.845881	796.300000
48316.340558	799.545000
48351.545444	801.682000
48395.263559	804.383000
48433.298508	806.688000
48484.873588	809.887000
48512.790212	811.571000
48556.870425	814.309000
48591.835420	816.435000
48657.655318	820.512000
48684.524831	822.142000
48727.424007	824.789000
48755.657995	826.486000
48817.550523	830.260000
48840.300707	831.612000
48907.826029	835.709000
48935.488491	837.345000
48986.554346	840.422000
49004.007500	841.453000
49075.030231	845.705000
49097.234267	847.005000
49169.302561	851.273000
49184.187208	852.137000
49243.487933	855.657000
49264.773609	856.878000
49342.593046	861.510000
49350.380430	861.959000
49426.052385	866.446000
49443.074856	867.425000
49512.127660	871.471000
49521.769537	872.022000
49602.885962	876.717000
49608.701643	877.046000
49697.568625	882.148000
49704.702872	882.547000
49777.098678	886.678000
49788.630092	887.323000
49871.767344	892.037000
49873.629600	892.142000
49963.636366	897.169000
49967.656084	897.393000
50052.772046	902.187000
50055.878504	902.359000
50141.579575	907.125000
50145.418996	907.335000
50234.274055	912.205000
50237.146417	912.361000
50328.235957	917.323000
50330.955696	917.470000
50418.779760	922.229000
50422.118838	922.408000
50511.514274	927.215000
50518.741913	927.604000
50603.454575	932.097000
50613.314445	932.622000
50703.792610	937.407000
50705.854659	937.516000
50794.400829	942.196000
50803.255382	942.662000
50887.356646	947.085000
50899.150775	947.704000
50984.753076	952.164000
50998.581436	952.884000
51085.103589	957.385000
51086.041156	957.434000
51172.085062	961.932000
51192.006447	962.959000
51278.877603	967.435000
51288.425313	967.924000
51371.338231	972.128000
51377.686153	972.451000
51468.043221	977.004000
51489.198612	978.083000
51571.626781	982.195000
51582.993042	982.771000
51662.343184	986.758000
51685.637167	987.924000
51748.569673	991.076000
51783.431984	992.804000
51829.358343	995.084000
51885.714718	997.855000
51892.880376	998.206000
51946.547237	1000.847000
51959.628978	1001.484000
51974.086508	1002.187000
51974.313026	1002.198000
51975.220185	1002.242000
51977.261527	1002.341000
51978.148669	1002.384000
51978.953059	1002.423000
51979.489648	1002.449000
51980.212005	1002.484000
51983.556007	1002.646000
51983.989788	1002.667000
51985.603935	1002.746000
51987.918283	1002.858000
51989.282621	1002.924000
51989.840791	1002.951000
52016.470964	1004.241000
52058.379423	1006.265000
52098.380746	1008.185000
52101.039029	1008.312000
52158.552222	1011.069000
52194.856068	1012.790000
52213.879463	1013.694000
52273.084523	1016.486000
52310.912274	1018.260000
52328.407933	1019.081000
52393.539656	1022.122000
52412.738822	1023.017000
52456.569017	1025.063000
52520.760406	1028.037000
52531.091782	1028.514000
52633.668441	1033.223000
52635.750908	1033.317000
52737.099898	1037.998000
52745.182758	1038.358000
52847.296849	1042.983000
52857.952031	1043.457000
52961.253215	1047.998000
52977.520171	1048.705000
53083.434104	1053.322000
53089.059881	1053.565000
53195.145362	1058.135000
53197.865866	1058.251000
53324.394943	1063.635000
53326.159716	1063.709000
53439.855280	1068.466000
53447.286875	1068.775000
53558.266295	1073.364000
53569.901743	1073.837000
53686.521595	1078.574000
53691.860374	1078.790000
53820.434216	1083.945000
53834.472382	1084.508000
53938.398382	1088.725000
53942.207699	1088.878000
54066.051109	1093.785000
54079.817177	1094.324000
54203.915148	1099.230000
54215.092466	1099.661000
54327.555784	1103.978000
54341.510417	1104.507000
54465.029594	1109.196000
54478.706748	1109.708000
54607.369624	1114.501000
54626.807890	1115.229000
54728.831127	1119.011000
54753.937692	1119.935000
54884.383592	1124.719000
54901.216851	1125.319000
55018.557954	1129.518000
55051.398605	1130.659000
55156.697419	1134.322000
55186.676948	1135.328000
55331.998919	1140.196000
55356.799665	1140.987000
55456.698901	1144.203000
55517.167382	1146.099000
55644.532345	1150.121000
55669.995431	1150.883000
55800.951607	1154.994000
55860.175935	1156.713000
55964.978361	1159.910000
56016.908960	1161.390000
56140.140937	1165.080000
56199.977631	1166.760000
56330.696624	1170.514000
56380.821471	1171.876000
56496.087269	1175.044000
56583.075178	1177.282000
56704.918383	1180.449000
56774.466009	1182.155000
56918.265431	1185.630000
56996.881256	1187.380000
57135.201702	1190.531000
57235.249099	1192.585000
57362.288377	1195.323000
57481.983308	1197.710000
57641.141146	1201.028000
57714.625763	1202.316000
57857.290195	1205.125000
58033.662316	1207.958000
58194.613172	1210.760000
58326.053971	1212.632000
58494.808338	1215.552000
58685.691238	1217.659000
58881.194630	1220.505000
59161.731643	1222.871000
59394.981379	1225.816000
59754.484697	1227.639000
59983.588971	1230.354000
60366.526428	1225.816000
60947.292896	1222.871000
61134.684704	1220.505000
61472.135397	1217.659000
61616.873853	1215.552000
61881.410193	1212.632000
61989.597925	1210.760000
62186.337838	1207.958000
62349.069378	1205.125000
62523.947347	1202.316000
62589.362722	1201.028000
62778.665484	1197.710000
62893.165110	1195.323000
63030.460763	1192.585000
63125.763420	1190.531000
63279.244116	1187.380000
63356.064421	1185.630000
63512.172989	1182.155000
63582.769195	1180.449000
63711.876656	1177.282000
63797.978675	1175.044000
63921.114374	1171.876000
63970.669935	1170.514000
64108.826086	1166.760000
64167.325794	1165.080000
64298.752820	1161.390000
64348.179196	1159.910000
64460.356307	1156.713000
64516.707689	1154.994000
64658.343067	1150.883000
64682.616628	1150.121000
64817.016275	1146.099000
64877.057043	1144.203000
64979.623833	1140.987000
65004.194821	1140.196000
65156.824446	1135.328000
65186.856061	1134.322000
65296.016116	1130.659000
65328.815992	1129.518000
65449.673043	1125.319000
65466.440050	1124.719000
65600.657233	1119.935000
65625.852051	1119.011000
65728.615068	1115.229000
65748.253597	1114.501000
65876.231080	1109.708000
65889.975163	1109.196000
66015.233324	1104.507000
66029.168416	1103.978000
66143.047713	1099.661000
66154.275809	1099.230000
66281.505324	1094.324000
66295.139406	1093.785000
66420.464264	1088.878000
66424.325695	1088.725000
66529.318453	1084.508000
66543.193325	1083.945000
66671.731068	1078.790000
66677.118449	1078.574000
66794.200830	1073.837000
66805.845582	1073.364000
66918.731568	1068.775000
66926.204359	1068.466000
67040.612439	1063.709000
67042.381089	1063.635000
67170.780238	1058.251000
67173.506347	1058.135000
67280.684836	1053.565000
67286.325705	1053.322000
67393.215467	1048.705000
67409.434040	1047.998000
67513.915291	1043.457000
67524.698106	1042.983000
67628.664802	1038.358000
67636.613142	1037.998000
67741.712781	1033.317000
67743.747988	1033.223000
67848.070708	1028.514000
67858.461251	1028.037000
67922.875324	1025.063000
67967.036581	1023.017000
67986.209614	1022.122000
68051.443875	1019.081000
68069.027942	1018.260000
68106.832203	1016.486000
68166.367197	1013.694000
68185.536744	1012.790000
68221.752742	1011.069000
68279.910618	1008.312000
68282.559938	1008.185000
68322.748157	1006.265000
68364.916219	1004.241000
68391.626649	1002.951000
68392.184025	1002.924000
68393.548442	1002.858000
68395.863681	1002.746000
68397.496124	1002.667000
68397.925201	1002.646000
68401.271512	1002.484000
68401.993982	1002.449000
68402.530589	1002.423000
68403.335473	1002.384000
68404.222365	1002.341000
68406.264854	1002.242000
68407.172117	1002.198000
68407.398907	1002.187000
68421.875504	1001.484000
68434.975712	1000.847000
68489.212572	998.206000
68496.345123	997.855000
68552.915030	995.084000
68599.285487	992.804000
68634.092833	991.076000
68697.684270	987.924000
68720.964505	986.758000
68800.615545	982.771000
68812.079222	982.195000
68893.221692	978.083000
68914.851068	977.004000
69004.119366	972.451000
69010.529498	972.128000
69093.150748	967.924000
69102.794996	967.435000
69190.188755	962.959000
69210.120988	961.932000
69297.371607	957.434000
69298.308947	957.385000
69384.431116	952.884000
69398.271585	952.164000
69483.930596	947.704000
69495.811274	947.085000
69580.084993	942.662000
69588.945763	942.196000
69677.871317	937.516000
69679.933610	937.407000
69770.455683	932.622000
69780.382755	932.097000
69864.764468	927.604000
69872.098816	927.215000
69961.413109	922.408000
69964.741959	922.229000
70053.516658	917.470000
70056.229442	917.323000
70148.034505	912.361000
70150.898263	912.205000
70240.567524	907.335000
70244.399057	907.125000
70331.535615	902.359000
70334.628478	902.187000
70421.211978	897.393000
70425.189028	897.169000
70515.399380	892.142000
70517.279371	892.037000
70600.885832	887.323000
70612.261209	886.678000
70686.115895	882.547000
70693.108373	882.148000
70784.333759	877.046000
70790.064304	876.717000
70873.057074	872.022000
70882.576808	871.471000
70953.377235	867.425000
70970.085760	866.446000
71048.103971	861.959000
71055.676226	861.510000
71136.012885	856.878000
71156.526170	855.657000
71217.890281	852.137000
71232.445914	851.273000
71305.973312	847.005000
71327.924760	845.705000
71400.549040	841.453000
71417.770215	840.422000
71469.858824	837.345000
71497.009860	835.709000
71566.284375	831.612000
71588.567567	830.260000
71652.072887	826.486000
71679.903205	824.789000
71723.942903	822.142000
71750.359849	820.512000
71817.566600	816.435000
71851.889167	814.309000
71896.919344	811.571000
71924.030767	809.887000
71977.062407	806.688000
72014.224195	804.383000
72058.793565	801.682000
72093.382833	799.545000
72146.840884	796.300000
72184.857059	793.950000
72221.914977	791.687000
72262.521814	789.177000
72303.434701	786.666000
72347.365732	783.938000
72389.591829	781.338000
72433.539186	778.612000
72465.246158	776.646000
72514.317004	773.590000
72547.407363	771.533000
72594.418522	768.581000
72624.796046	766.695000
72682.184797	763.056000
72708.272903	761.437000
72758.106050	758.249000
72784.993033	756.568000
72842.614883	752.874000
72860.051704	751.774000
72920.919618	747.857000
72944.905343	746.330000
73001.002906	742.696000
73013.644550	741.883000
73084.843186	737.234000
73096.061634	736.508000
73155.847439	732.597000
73172.335606	731.529000
73241.664100	726.956000
73243.159264	726.860000
73315.948212	722.031000
73324.686062	721.468000
73396.434687	716.712000
73397.335053	716.654000
73470.959026	711.800000
73473.706677	711.622000
73551.304766	706.510000
73555.992442	706.200000
73625.813785	701.679000
73627.927443	701.538000
73705.834863	696.486000
73713.723066	695.965000
73785.669719	691.321000
73791.308531	690.946000
73858.353871	686.579000
73871.228432	685.713000
73936.182672	681.456000
73946.984751	680.725000
74015.388478	676.219000
74029.524070	675.264000
74089.855672	671.262000
74104.786315	670.252000
74162.891125	666.365000
74180.608294	665.158000
74240.042498	661.171000
74257.758654	659.955000
74317.699138	655.922000
74338.523803	654.497000
74385.718821	651.291000
74408.417792	649.733000
74465.100874	645.863000
74480.393329	644.808000
74542.214545	640.576000
74558.675640	639.443000
74611.403778	635.831000
74622.606425	635.066000
74690.034702	630.487000
74700.724238	629.762000
74767.000526	625.251000
74774.942981	624.711000
74841.157721	620.156000
74841.613365	620.125000
74917.193214	615.047000
74918.792414	614.938000
74992.229741	609.946000
74995.187067	609.742000
75060.160992	605.275000
75073.256300	604.365000
75133.216803	600.215000
75140.977291	599.676000
75208.674382	594.976000
75223.136630	593.970000
75275.606025	590.322000
75292.672505	589.133000
75346.748893	585.387000
75366.558803	584.004000
75423.556532	580.041000
75446.830680	578.414000
75487.352761	575.583000
75514.201651	573.708000
75560.848452	570.435000
75596.912687	567.944000
75635.541564	565.259000
75662.603792	563.398000
75704.056717	560.510000
75751.445014	557.222000
75778.791072	555.319000
75816.162211	552.740000
75849.725027	550.396000
75896.743823	547.207000
75925.127294	545.240000
75975.288034	541.860000
75998.201216	540.271000
76051.713685	536.643000
76068.557697	535.482000
76125.502694	531.621000
76146.969149	530.132000
76204.744017	526.200000
76216.090320	525.407000
76277.196866	521.262000
76290.694942	520.310000
76354.896064	515.951000
76368.294238	515.009000
76428.816059	510.905000
76432.771781	510.628000
76502.905156	505.892000
76515.649847	504.993000
76577.226952	500.816000
76585.047356	500.264000
76649.179010	495.899000
76654.251354	495.543000
76723.608075	490.828000
76735.160804	490.016000
76795.573204	485.881000
76806.758148	485.093000
76866.670160	481.018000
76872.118596	480.636000
76943.384507	475.799000
76956.508411	474.886000
77013.433064	471.035000
77024.412245	470.271000
77089.262489	465.863000
77096.135744	465.384000
77161.164407	460.935000
77171.471824	460.219000
77235.614668	455.775000
77245.007756	455.120000
77304.997326	450.952000
77311.928451	450.473000
77378.808793	445.844000
77390.351688	445.054000
77452.417169	440.736000
77458.739165	440.307000
77526.589194	435.603000
77529.072564	435.436000
77595.606623	430.860000
77605.372517	430.208000
77673.728793	425.527000
77678.414220	425.214000
77745.803481	420.606000
77747.905067	420.465000
77821.930021	415.453000
77826.209712	415.167000
77896.224695	410.461000
77897.190611	410.396000
77973.086965	405.327000
77976.079144	405.127000
78045.452732	400.448000
78045.616582	400.437000
78122.212647	395.342000
78128.688856	394.906000
78198.316326	390.217000
78200.404364	390.076000
78266.553347	385.599000
78276.073048	384.951000
78347.760356	380.081000
78349.417059	379.967000
78417.816470	375.273000
78424.949946	374.776000
78490.702252	370.228000
78500.200380	369.562000
78564.030834	365.127000
78571.804437	364.580000
78635.997756	360.144000
78645.036218	359.503000
78710.614119	355.093000
78721.487546	354.326000
78787.529649	349.919000
78797.675795	349.213000
78862.798691	344.932000
78875.181719	344.079000
78939.661862	339.886000
78953.315349	338.969000
79022.972860	334.400000
79033.701258	333.681000
79092.704222	329.779000
79109.377284	328.662000
79174.644023	324.327000
79188.962188	323.373000
79251.766868	319.214000
79266.175722	318.264000
79329.963875	314.026000
79346.239082	312.979000
79406.031130	309.113000
79424.087433	307.959000
79487.107529	303.864000
79509.172859	302.446000
79567.316572	298.680000
79580.714256	297.810000
79641.929868	293.920000
79670.782224	292.052000
79721.167710	288.916000
79748.258963	287.172000
79805.853050	283.681000
79831.648414	282.056000
79884.353722	278.949000
79919.936020	276.755000
79967.444044	274.037000
80008.708244	271.601000
80060.380560	268.793000
80097.847059	266.612000
80147.479679	263.996000
80195.417341	261.292000
80238.563914	259.101000
80290.820938	256.228000
80339.444122	253.907000
80397.108703	250.909000
80435.896611	249.006000
80499.324788	245.758000
80530.452842	244.176000
80601.719505	240.610000
80642.553802	238.619000
80707.503631	235.224000
80733.773796	233.968000
80810.160532	230.037000
80834.360101	228.921000
80913.973870	224.914000
80937.088599	223.869000
81026.333424	219.529000
81045.512328	218.704000
81145.697998	214.047000
81149.351213	213.900000
81259.260624	209.540000
81281.765631	208.688000
81413.639570	203.901000
81427.031347	203.459000
81574.673915	198.715000
81578.228579	198.617000
81728.383890	193.926000
81741.941280	193.538000
82213.401565	188.688000
82233.885682	188.067000
82414.350430	193.538000
82452.067253	193.926000
82615.978889	198.617000
82619.115794	198.715000
82791.190580	203.459000
82804.946485	203.901000
82949.983670	208.688000
82973.454862	209.540000
83088.621329	213.900000
83092.326991	214.047000
83208.061856	218.704000
83225.810016	219.529000
83326.702673	223.869000
83348.191346	224.914000
83436.823613	228.921000
83458.997051	230.037000
83544.237648	233.968000
83568.644094	235.224000
83639.653022	238.619000
83677.742892	240.610000
83750.879557	244.176000
83782.495895	245.758000
83846.404821	249.006000
83883.567327	250.909000
83944.674079	253.907000
83989.317005	256.228000
84049.504170	259.101000
84089.356289	261.292000
84142.605185	263.996000
84188.982746	266.612000
84230.362236	268.793000
84278.599708	271.601000
84323.426547	274.037000
84369.467637	276.755000
84407.816645	278.949000
84458.205980	282.056000
84485.771518	283.681000
84541.187897	287.172000
84569.960194	288.916000
84618.674741	292.052000
84648.687524	293.920000
84708.770856	297.810000
84722.461752	298.680000
84780.456780	302.446000
84802.349448	303.864000
84866.071258	307.959000
84883.830768	309.113000
84944.320948	312.979000
84960.513983	314.026000
85026.392041	318.264000
85040.690943	319.214000
85103.771388	323.373000
85118.177656	324.327000
85183.239759	328.662000
85200.057048	329.779000
85258.300815	333.681000
85269.172966	334.400000
85337.348285	338.969000
85351.328573	339.886000
85413.759403	344.079000
85426.876875	344.932000
85489.024287	349.213000
85499.764013	349.919000
85563.098381	354.326000
85574.592434	355.093000
85637.111098	359.503000
85646.642943	360.144000
85709.193050	364.580000
85717.108682	365.127000
85780.135971	369.562000
85789.721333	370.228000
85854.582428	374.776000
85861.767761	375.273000
85929.141073	379.967000
85930.802243	380.081000
86001.575471	384.951000
86011.114152	385.599000
86076.885292	390.076000
86078.968608	390.217000
86148.406976	394.906000
86154.881187	395.342000
86230.560741	400.437000
86230.726110	400.448000
86300.421876	405.127000
86303.387193	405.327000
86379.223983	410.396000
86380.197205	410.461000
86450.129521	415.167000
86454.384575	415.453000
86529.383920	420.465000
86531.466425	420.606000
86600.148053	425.214000
86604.725492	425.527000
86674.797311	430.208000
86684.318416	430.860000
86752.859416	435.436000
86755.287560	435.603000
86825.238310	440.307000
86831.426164	440.736000
86895.058743	445.054000
86906.413938	445.844000
86974.049461	450.473000
86980.970110	450.952000
87041.281025	455.120000
87050.708368	455.775000
87114.437960	460.219000
87124.772406	460.935000
87188.819470	465.384000
87195.820757	465.863000
87259.071916	470.271000
87270.311841	471.035000
87325.653239	474.886000
87339.149008	475.799000
87408.678387	480.636000
87414.306582	481.018000
87472.427990	485.093000
87484.013429	485.881000
87542.705998	490.016000
87554.569328	490.828000
87621.651981	495.543000
87626.888671	495.899000
87689.081871	500.264000
87697.191990	500.816000
87756.369220	504.993000
87769.622229	505.892000
87836.762223	510.628000
87840.864196	510.905000
87899.471705	515.009000
87913.363410	515.951000
87975.361969	520.310000
87989.383412	521.262000
88048.153923	525.407000
88059.844512	526.200000
88116.103857	530.132000
88137.982489	531.621000
88193.645338	535.482000
88210.768659	536.643000
88263.404383	540.271000
88286.841901	541.860000
88335.581080	545.240000
88364.772256	547.207000
88410.788976	550.396000
88445.349045	552.740000
88482.276733	555.319000
88509.852258	557.222000
88557.100728	560.510000
88598.724025	563.398000
88625.435900	565.259000
88664.480544	567.944000
88700.318358	570.435000
88747.704245	573.708000
88774.426747	575.583000
88814.964992	578.414000
88838.253380	580.041000
88894.943882	584.004000
88914.834838	585.387000
88968.492050	589.133000
88985.656178	590.322000
89038.018266	593.970000
89052.487622	594.976000
89120.054787	599.676000
89127.818347	600.215000
89187.569791	604.365000
89200.717756	605.275000
89264.999887	609.742000
89267.967132	609.946000
89340.334639	614.938000
89341.938139	615.047000
89416.440300	620.125000
89416.901697	620.156000
89483.852048	624.711000
89491.701874	625.251000
89558.050792	629.762000
89568.702601	630.487000
89636.216236	635.066000
89647.481279	635.831000
89700.375346	639.443000
89716.914931	640.576000
89778.400681	644.808000
89793.812160	645.863000
89849.908653	649.733000
89872.728354	651.291000
89919.437533	654.497000
89940.414732	655.922000
89999.352188	659.955000
90017.424995	661.171000
90075.512424	665.158000
90093.505171	666.365000
90150.561207	670.252000
90165.659189	671.262000
90224.820014	675.264000
90239.216985	676.219000
90305.913297	680.725000
90317.010307	681.456000
90379.916532	685.713000
90393.130150	686.579000
90458.053022	690.946000
90463.810293	691.321000
90533.641343	695.965000
90541.712877	696.486000
90618.202712	701.538000
90620.377088	701.679000
90688.149044	706.200000
90692.936617	706.510000
90770.237901	711.622000
90772.939869	711.800000
90847.867390	716.654000
90848.747116	716.712000
90922.577061	721.468000
90931.070433	722.031000
91006.017286	726.860000
91007.464322	726.956000
91078.687077	731.529000
91094.878381	732.597000
91155.257803	736.508000
91166.355858	737.234000
91238.194104	741.883000
91250.645059	742.696000
91307.151498	746.330000
91330.723589	747.857000
91392.250822	751.774000
91409.344186	752.874000
91467.900201	756.568000
91494.121730	758.249000
91545.112630	761.437000
91570.419990	763.056000
91629.057801	766.695000
91658.800913	768.581000
91706.348342	771.533000
91739.106457	773.590000
91788.267437	776.646000
91819.835920	778.612000
91863.799910	781.338000
91905.715952	783.938000
91950.020871	786.666000
91990.457389	789.177000
92031.353982	791.687000
92067.964848	793.950000
92106.447440	796.300000
92158.942116	799.545000
92194.147002	801.682000
92237.865117	804.383000
92275.900067	806.688000
92327.475147	809.887000
92355.391771	811.571000
92399.471984	814.309000
92434.436979	816.435000
92500.256877	820.512000
92527.126390	822.142000
92570.025566	824.789000
92598.259554	826.486000
92660.152082	830.260000
92682.902265	831.612000
92750.427588	835.709000
92778.090050	837.345000
92829.155905	840.422000
92846.609059	841.453000
92917.631789	845.705000
92939.835826	847.005000
93011.904120	851.273000
93026.788766	852.137000
93086.089492	855.657000
93107.375168	856.878000
93185.194605	861.510000
93192.981988	861.959000
93268.653944	866.446000
93285.676415	867.425000
93354.729218	871.471000
93364.371096	872.022000
93445.487521	876.717000
93451.303202	877.046000
93540.170184	882.148000
93547.304431	882.547000
93619.700237	886.678000
93631.231651	887.323000
93714.368902	892.037000
93716.231159	892.142000
93806.237925	897.169000
93810.257643	897.393000
93895.373605	902.187000
93898.480063	902.359000
93984.181134	907.125000
93988.020555	907.335000
94076.875613	912.205000
94079.747976	912.361000
94170.837516	917.323000
94173.557254	917.470000
94261.381319	922.229000
94264.720397	922.408000
94354.115833	927.215000
94361.343472	927.604000
94446.056134	932.097000
94455.916004	932.622000
94546.394169	937.407000
94548.456218	937.516000
94637.002388	942.196000
94645.856941	942.662000
94729.958205	947.085000
94741.752334	947.704000
94827.354635	952.164000
94841.182995	952.884000
94927.705148	957.385000
94928.642715	957.434000
95014.686621	961.932000
95034.608005	962.959000
95121.479162	967.435000
95131.026871	967.924000
95213.939789	972.128000
95220.287711	972.451000
95310.644780	977.004000
95331.800171	978.083000
95414.228340	982.195000
95425.594600	982.771000
95504.944743	986.758000
95528.238726	987.924000
95591.171232	991.076000
95626.033542	992.804000
95671.959902	995.084000
95728.316277	997.855000
95735.481935	998.206000
95789.148796	1000.847000
95802.230537	1001.484000
95816.688066	1002.187000
95816.914585	1002.198000
95817.821744	1002.242000
95819.863086	1002.341000
95820.750228	1002.384000
95821.554618	1002.423000
95822.091207	1002.449000
95822.813563	1002.484000
95826.157565	1002.646000
95826.591347	1002.667000
95828.205494	1002.746000
95830.519842	1002.858000
95831.884179	1002.924000
95832.442350	1002.951000
95859.072523	1004.241000
95900.980982	1006.265000
95940.982305	1008.185000
95943.640588	1008.312000
96001.153781	1011.069000
96037.457627	1012.790000
96056.481022	1013.694000
96115.686082	1016.486000
96153.513833	1018.260000
96171.009491	1019.081000
96236.141215	1022.122000
96255.340381	1023.017000
96299.170576	1025.063000
96363.361965	1028.037000
96373.693341	1028.514000
96476.270000	1033.223000
96478.352467	1033.317000
96579.701457	1037.998000
96587.784317	1038.358000
96689.898408	1042.983000
96700.553590	1043.457000
96803.854774	1047.998000
96820.121729	1048.705000
96926.035663	1053.322000
96931.661440	1053.565000
97037.746921	1058.135000
97040.467425	1058.251000
97166.996502	1063.635000
97168.761275	1063.709000
97282.456839	1068.466000
97289.888434	1068.775000
97400.867854	1073.364000
97412.503302	1073.837000
97529.123154	1078.574000
97534.461932	1078.790000
97663.035774	1083.945000
97677.073941	1084.508000
97780.999940	1088.725000
97784.809258	1088.878000
97908.652667	1093.785000
97922.418736	1094.324000
98046.516707	1099.230000
98057.694025	1099.661000
98170.157343	1103.978000
98184.111975	1104.507000
98307.631153	1109.196000
98321.308307	1109.708000
98449.971183	1114.501000
98469.409449	1115.229000
98571.432686	1119.011000
98596.539251	1119.935000
98726.985151	1124.719000
98743.818410	1125.319000
98861.159512	1129.518000
98894.000164	1130.659000
98999.298977	1134.322000
99029.278507	1135.328000
99174.600478	1140.196000
99199.401224	1140.987000
99299.300460	1144.203000
99359.768941	1146.099000
99487.133904	1150.121000
99512.596990	1150.883000
99643.553165	1154.994000
99702.777494	1156.713000
99807.579920	1159.910000
99859.510519	1161.390000
99982.742496	1165.080000
100042.579190	1166.760000
100173.298183	1170.514000
100223.423030	1171.876000
100338.688828	1175.044000
100425.676737	1177.282000
100547.519942	1180.449000
100617.067567	1182.155000
100760.866989	1185.630000
100839.482815	1187.380000
100977.803261	1190.531000
101077.850658	1192.585000
101204.889935	1195.323000
101324.584867	1197.710000
101483.742705	1201.028000
101557.227322	1202.316000
101699.891754	1205.125000
101876.263875	1207.958000
102037.214731	1210.760000
102168.655529	1212.632000
102337.409897	1215.552000
102528.292797	1217.659000
102723.796189	1220.505000
103004.333202	1222.871000
103237.582938	1225.816000
103597.086255	1227.639000
103826.190530	1230.354000
104209.127987	1225.816000
104789.894455	1222.871000
104977.286263	1220.505000
105314.736956	1217.659000
105459.475412	1215.552000
105724.011752	1212.632000
105832.199484	1210.760000
106028.939397	1207.958000
106191.670936	1205.125000
106366.548906	1202.316000
106431.964281	1201.028000
106621.267043	1197.710000
106735.766669	1195.323000
106873.062322	1192.585000
106968.364979	1190.531000
107121.845675	1187.380000
107198.665980	1185.630000
107354.774548	1182.155000
107425.370753	1180.449000
107554.478215	1177.282000
107640.580234	1175.044000
107763.715933	1171.876000
107813.271494	1170.514000
107951.427644	1166.760000
108009.927353	1165.080000
108141.354379	1161.390000
108190.780755	1159.910000
108302.957866	1156.713000
108359.309248	1154.994000
108500.944626	1150.883000
108525.218187	1150.121000
108659.617834	1146.099000
108719.658602	1144.203000
108822.225392	1140.987000
108846.796380	1140.196000
108999.426004	1135.328000
109029.457620	1134.322000
109138.617675	1130.659000
109171.417551	1129.518000
109292.274602	1125.319000
109309.041608	1124.719000
109443.258792	1119.935000
109468.453610	1119.011000
109571.216627	1115.229000
109590.855156	1114.501000
109718.832639	1109.708000
109732.576722	1109.196000
109857.834883	1104.507000
109871.769975	1103.978000
109985.649272	1099.661000
109996.877368	1099.230000
110124.106883	1094.324000
110137.740965	1093.785000
110263.065822	1088.878000
110266.927253	1088.725000
110371.920012	1084.508000
110385.794884	1083.945000
110514.332627	1078.790000
110519.720008	1078.574000
110636.802389	1073.837000
110648.447141	1073.364000
110761.333127	1068.775000
110768.805918	1068.466000
110883.213997	1063.709000
110884.982648	1063.635000
111013.381796	1058.251000
111016.107906	1058.135000
111123.286395	1053.565000
111128.927264	1053.322000
111235.817026	1048.705000
111252.035599	1047.998000
111356.516850	1043.457000
111367.299665	1042.983000
111471.266361	1038.358000
111479.214701	1037.998000
111584.314339	1033.317000
111586.349547	1033.223000
111690.672267	1028.514000
111701.062810	1028.037000
111765.476883	1025.063000
111809.638140	1023.017000
111828.811173	1022.122000
111894.045434	1019.081000
111911.629500	1018.260000
111949.433762	1016.486000
112008.968756	1013.694000
112028.138302	1012.790000
112064.354301	1011.069000
112122.512177	1008.312000
112125.161497	1008.185000
112165.349716	1006.265000
112207.517778	1004.241000
112234.228208	1002.951000
112234.785584	1002.924000
112236.150001	1002.858000
112238.465240	1002.746000
112240.097682	1002.667000
112240.526759	1002.646000
112243.873071	1002.484000
112244.595541	1002.449000
112245.132148	1002.423000
112245.937032	1002.384000
112246.823923	1002.341000
112248.866413	1002.242000
112249.773676	1002.198000
112250.000466	1002.187000
112264.477063	1001.484000
112277.577271	1000.847000
112331.814131	998.206000
112338.946682	997.855000
112395.516589	995.084000
112441.887046	992.804000
112476.694392	991.076000
112540.285829	987.924000
112563.566064	986.758000
112643.217104	982.771000
112654.680781	982.195000
112735.823251	978.083000
112757.452627	977.004000
112846.720925	972.451000
112853.131057	972.128000
112935.752307	967.924000
112945.396555	967.435000
113032.790313	962.959000
113052.722547	961.932000
113139.973166	957.434000
113140.910505	957.385000
113227.032675	952.884000
113240.873144	952.164000
113326.532155	947.704000
113338.412833	947.085000
113422.686551	942.662000
113431.547322	942.196000
113520.472876	937.516000
113522.535169	937.407000
113613.057242	932.622000
113622.984314	932.097000
113707.366026	927.604000
113714.700374	927.215000
113804.014668	922.408000
113807.343518	922.229000
113896.118217	917.470000
113898.831001	917.323000
113990.636063	912.361000
113993.499822	912.205000
114083.169083	907.335000
114087.000615	907.125000
114174.137174	902.359000
114177.230037	902.187000
114263.813537	897.393000
114267.790587	897.169000
114358.000939	892.142000
114359.880929	892.037000
114443.487391	887.323000
114454.862768	886.678000
114528.717453	882.547000
114535.709931	882.148000
114626.935318	877.046000
114632.665863	876.717000
114715.658633	872.022000
114725.178367	871.471000
114795.978793	867.425000
114812.687319	866.446000
114890.705530	861.959000
114898.277785	861.510000
114978.614444	856.878000
114999.127729	855.657000
115060.491840	852.137000
115075.047472	851.273000
115148.574871	847.005000
115170.526319	845.705000
115243.150599	841.453000
115260.371774	840.422000
115312.460383	837.345000
115339.611419	835.709000
115408.885934	831.612000
115431.169126	830.260000
115494.674446	826.486000
115522.504764	824.789000
115566.544461	822.142000
115592.961408	820.512000
115660.168159	816.435000
115694.490726	814.309000
115739.520902	811.571000
115766.632326	809.887000
115819.663966	806.688000
115856.825754	804.383000
115901.395124	801.682000
115935.984392	799.545000
115989.442443	796.300000
116027.458618	793.950000
116064.516536	791.687000
116105.123373	789.177000
116146.036259	786.666000
116189.967291	783.938000
116232.193388	781.338000
116276.140745	778.612000
116307.847717	776.646000
116356.918563	773.590000
116390.008922	771.533000
116437.020081	768.581000
116467.397605	766.695000
116524.786356	763.056000
116550.874462	761.437000
116600.707609	758.249000
116627.594592	756.568000
116685.216442	752.874000
116702.653263	751.774000
116763.521176	747.857000
116787.506902	746.330000
116843.604464	742.696000
116856.246109	741.883000
116927.444744	737.234000
116938.663193	736.508000
116998.448997	732.597000
117014.937165	731.529000
117084.265658	726.956000
117085.760822	726.860000
117158.549771	722.031000
117167.287621	721.468000
117239.036246	716.712000
117239.936611	716.654000
117313.560585	711.800000
117316.308236	711.622000
117393.906325	706.510000
117398.594000	706.200000
117468.415344	701.679000
117470.529001	701.538000
117548.436422	696.486000
117556.324625	695.965000
117628.271278	691.321000
117633.910090	690.946000
117700.955430	686.579000
117713.829991	685.713000
117778.784231	681.456000
117789.586310	680.725000
117857.990037	676.219000
117872.125629	675.264000
117932.457231	671.262000
117947.387874	670.252000
118005.492684	666.365000
118023.209853	665.158000
118082.644057	661.171000
118100.360212	659.955000
118160.300697	655.922000
118181.125362	654.497000
118228.320379	651.291000
118251.019350	649.733000
118307.702433	645.863000
118322.994887	644.808000
118384.816103	640.576000
118401.277199	639.443000
118454.005337	635.831000
118465.207984	635.066000
118532.636261	630.487000
118543.325797	629.762000
118609.602085	625.251000
118617.544540	624.711000
118683.759280	620.156000
118684.214924	620.125000
118759.794773	615.047000
118761.393972	614.938000
118834.831300	609.946000
118837.788626	609.742000
118902.762551	605.275000
118915.857858	604.365000
118975.818362	600.215000
118983.578850	599.676000
119051.275941	594.976000
119065.738189	593.970000
119118.207583	590.322000
119135.274064	589.133000
119189.350452	585.387000
119209.160362	584.004000
119266.158091	580.041000
119289.432239	578.414000
119329.954320	575.583000
119356.803210	573.708000
119403.450011	570.435000
119439.514246	567.944000
119478.143123	565.259000
119505.205351	563.398000
119546.658276	560.510000
119594.046573	557.222000
119621.392631	555.319000
119658.763770	552.740000
119692.326586	550.396000
119739.345382	547.207000
119767.728853	545.240000
119817.889593	541.860000
119840.802775	540.271000
119894.315244	536.643000
119911.159256	535.482000
119968.104253	531.621000
119989.570708	530.132000
120047.345576	526.200000
120058.691878	525.407000
120119.798425	521.262000
120133.296501	520.310000
120197.497622	515.951000
120210.895797	515.009000
120271.417618	510.905000
120275.373340	510.628000
120345.506715	505.892000
120358.251406	504.993000
120419.828510	500.816000
120427.648915	500.264000
120491.780569	495.899000
120496.852912	495.543000
120566.209634	490.828000
120577.762363	490.016000
120638.174763	485.881000
120649.359707	485.093000
120709.271719	481.018000
120714.720155	480.636000
120785.986066	475.799000
120799.109970	474.886000
120856.034623	471.035000
120867.013804	470.271000
120931.864048	465.863000
120938.737302	465.384000
121003.765966	460.935000
121014.073383	460.219000
121078.216227	455.775000
121087.609315	455.120000
121147.598885	450.952000
121154.530009	450.473000
121221.410352	445.844000
121232.953247	445.054000
121295.018728	440.736000
121301.340724	440.307000
121369.190753	435.603000
121371.674123	435.436000
121438.208182	430.860000
121447.974076	430.208000
121516.330352	425.527000
121521.015778	425.214000
121588.405040	420.606000
121590.506626	420.465000
121664.531580	415.453000
121668.811271	415.167000
121738.826254	410.461000
121739.792170	410.396000
121815.688524	405.327000
121818.680703	405.127000
121888.054291	400.448000
121888.218141	400.437000
121964.814206	395.342000
121971.290415	394.906000
122040.917885	390.217000
122043.005923	390.076000
122109.154906	385.599000
122118.674607	384.951000
122190.361914	380.081000
122192.018618	379.967000
122260.418029	375.273000
122267.551505	374.776000
122333.303811	370.228000
122342.801939	369.562000
122406.632393	365.127000
122414.405996	364.580000
122478.599315	360.144000
122487.637777	359.503000
122553.215678	355.093000
122564.089105	354.326000
122630.131208	349.919000
122640.277353	349.213000
122705.400250	344.932000
122717.783278	344.079000
122782.263421	339.886000
122795.916908	338.969000
122865.574418	334.400000
122876.302817	333.681000
122935.305781	329.779000
122951.978843	328.662000
123017.245582	324.327000
123031.563747	323.373000
123094.368427	319.214000
123108.777281	318.264000
123172.565434	314.026000
123188.840641	312.979000
123248.632688	309.113000
123266.688991	307.959000
123329.709088	303.864000
123351.774418	302.446000
123409.918131	298.680000
123423.315814	297.810000
123484.531427	293.920000
123513.383783	292.052000
123563.769269	288.916000
123590.860522	287.172000
123648.454609	283.681000
123674.249973	282.056000
123726.955281	278.949000
123762.537579	276.755000
123810.045602	274.037000
123851.309803	271.601000
123902.982119	268.793000
123940.448618	266.612000
123990.081238	263.996000
124038.018900	261.292000
124081.165472	259.101000
124133.422497	256.228000
124182.045681	253.907000
124239.710261	250.909000
124278.498170	249.006000
124341.926346	245.758000
124373.054401	244.176000
124444.321064	240.610000
124485.155360	238.619000
124550.105189	235.224000
124576.375355	233.968000
124652.762091	230.037000
124676.961660	228.921000
124756.575429	224.914000
124779.690158	223.869000
124868.934983	219.529000
124888.113887	218.704000
124988.299557	214.047000
124991.952772	213.900000
125101.862183	209.540000
125124.367190	208.688000
125256.241129	203.901000
125269.632906	203.459000
125417.275474	198.715000
125420.830138	198.617000
125570.985449	193.926000
125584.542839	193.538000
126056.003124	188.688000
126076.487241	188.067000
126256.951989	193.538000
126294.668811	193.926000
126458.580448	198.617000
126461.717352	198.715000
126633.792138	203.459000
126647.548044	203.901000
126792.585229	208.688000
126816.056421	209.540000
126931.222888	213.900000
126934.928550	214.047000
127050.663415	218.704000
127068.411575	219.529000
127169.304232	223.869000
127190.792905	224.914000
127279.425172	228.921000
127301.598610	230.037000
127386.839207	233.968000
127411.245653	235.224000
127482.254580	238.619000
127520.344451	240.610000
127593.481116	244.176000
127625.097454	245.758000
127689.006380	249.006000
127726.168886	250.909000
127787.275638	253.907000
127831.918564	256.228000
127892.105728	259.101000
127931.957848	261.292000
127985.206744	263.996000
128031.584305	266.612000
128072.963795	268.793000
128121.201267	271.601000
128166.028106	274.037000
128212.069196	276.755000
128250.418204	278.949000
128300.807539	282.056000
128328.373077	283.681000
128383.789456	287.172000
128412.561752	288.916000
128461.276300	292.052000
128491.289083	293.920000
128551.372415	297.810000
128565.063310	298.680000
128623.058339	302.446000
128644.951007	303.864000
128708.672817	307.959000
128726.432327	309.113000
128786.922506	312.979000
128803.115542	314.026000
128868.993600	318.264000
128883.292502	319.214000
128946.372947	323.373000
128960.779214	324.327000
129025.841318	328.662000
129042.658607	329.779000
129100.902374	333.681000
129111.774525	334.400000
129179.949844	338.969000
129193.930132	339.886000
129256.360962	344.079000
129269.478434	344.932000
129331.625846	349.213000
129342.365571	349.919000
129405.699940	354.326000
129417.193993	355.093000
129479.712657	359.503000
129489.244502	360.144000
129551.794609	364.580000
129559.710241	365.127000
129622.737530	369.562000
129632.322892	370.228000
129697.183987	374.776000
129704.369320	375.273000
129771.742632	379.967000
129773.403802	380.081000
129844.177030	384.951000
129853.715711	385.599000
129919.486851	390.076000
129921.570167	390.217000
129991.008535	394.906000
129997.482746	395.342000
130073.162300	400.437000
130073.327669	400.448000
130143.023435	405.127000
130145.988752	405.327000
130221.825542	410.396000
130222.798764	410.461000
130292.731080	415.167000
130296.986134	415.453000
130371.985478	420.465000
130374.067984	420.606000
130442.749612	425.214000
130447.327051	425.527000
130517.398870	430.208000
130526.919975	430.860000
130595.460974	435.436000
130597.889119	435.603000
130667.839869	440.307000
130674.027723	440.736000
130737.660302	445.054000
130749.015497	445.844000
130816.651019	450.473000
130823.571668	450.952000
130883.882584	455.120000
130893.309927	455.775000
130957.039519	460.219000
130967.373965	460.935000
131031.421028	465.384000
131038.422316	465.863000
131101.673475	470.271000
131112.913400	471.035000
131168.254798	474.886000
131181.750567	475.799000
131251.279946	480.636000
131256.908141	481.018000
131315.029548	485.093000
131326.614988	485.881000
131385.307557	490.016000
131397.170887	490.828000
131464.253540	495.543000
131469.490230	495.899000
131531.683430	500.264000
131539.793549	500.816000
131598.970779	504.993000
131612.223788	505.892000
131679.363781	510.628000
131683.465755	510.905000
131742.073264	515.009000
131755.964969	515.951000
131817.963528	520.310000
131831.984971	521.262000
131890.755482	525.407000
131902.446071	526.200000
131958.705416	530.132000
131980.584047	531.621000
132036.246897	535.482000
132053.370218	536.643000
132106.005942	540.271000
132129.443459	541.860000
132178.182638	545.240000
132207.373814	547.207000
132253.390535	550.396000
132287.950604	552.740000
132324.878292	555.319000
132352.453817	557.222000
132399.702286	560.510000
132441.325584	563.398000
132468.037459	565.259000
132507.082103	567.944000
132542.919917	570.435000
132590.305803	573.708000
132617.028306	575.583000
132657.566551	578.414000
132680.854939	580.041000
132737.545441	584.004000
132757.436397	585.387000
132811.093608	589.133000
132828.257737	590.322000
132880.619825	593.970000
132895.089181	594.976000
132962.656346	599.676000
132970.419906	600.215000
133030.171350	604.365000
133043.319315	605.275000
133107.601446	609.742000
133110.568691	609.946000
133182.936198	614.938000
133184.539698	615.047000
133259.041859	620.125000
133259.503256	620.156000
133326.453607	624.711000
133334.303433	625.251000
133400.652351	629.762000
133411.304160	630.487000
133478.817795	635.066000
133490.082838	635.831000
133542.976905	639.443000
133559.516490	640.576000
133621.002239	644.808000
133636.413719	645.863000
133692.510212	649.733000
133715.329913	651.291000
133762.039092	654.497000
133783.016291	655.922000
133841.953747	659.955000
133860.026554	661.171000
133918.113982	665.158000
133936.106730	666.365000
133993.162766	670.252000
134008.260748	671.262000
134067.421573	675.264000
134081.818544	676.219000
134148.514856	680.725000
134159.611866	681.456000
134222.518091	685.713000
134235.731709	686.579000
134300.654581	690.946000
134306.411852	691.321000
134376.242901	695.965000
134384.314436	696.486000
134460.804271	701.538000
134462.978646	701.679000
134530.750603	706.200000
134535.538176	706.510000
134612.839460	711.622000
134615.541428	711.800000
134690.468949	716.654000
134691.348675	716.712000
134765.178620	721.468000
134773.671992	722.031000
134848.618845	726.860000
134850.065881	726.956000
134921.288636	731.529000
134937.479940	732.597000
134997.859362	736.508000
135008.957417	737.234000
135080.795663	741.883000
135093.246618	742.696000
135149.753057	746.330000
135173.325148	747.857000
135234.852381	751.774000
135251.945745	752.874000
135310.501759	756.568000
135336.723289	758.249000
135387.714189	761.437000
135413.021549	763.056000
135471.659360	766.695000
135501.402472	768.581000
135548.949901	771.533000
135581.708016	773.590000
135630.868996	776.646000
135662.437479	778.612000
135706.401469	781.338000
135748.317511	783.938000
135792.622430	786.666000
135833.058948	789.177000
135873.955541	791.687000
135910.566407	793.950000
135949.048999	796.300000
136001.543675	799.545000
136036.748561	801.682000
136080.466676	804.383000
136118.501626	806.688000
136170.076706	809.887000
136197.993330	811.571000
136242.073543	814.309000
136277.038538	816.435000
136342.858436	820.512000
136369.727949	822.142000
136412.627125	824.789000
136440.861113	826.486000
136502.753641	830.260000
136525.503824	831.612000
136593.029147	835.709000
136620.691609	837.345000
136671.757464	840.422000
136689.210618	841.453000
136760.233348	845.705000
136782.437385	847.005000
136854.505679	851.273000
136869.390325	852.137000
136928.691051	855.657000
136949.976727	856.878000
137027.796164	861.510000
137035.583547	861.959000
137111.255503	866.446000
137128.277974	867.425000
137197.330777	871.471000
137206.972655	872.022000
137288.089080	876.717000
137293.904760	877.046000
137382.771743	882.148000
137389.905990	882.547000
137462.301795	886.678000
137473.833210	887.323000
137556.970461	892.037000
137558.832718	892.142000
137648.839484	897.169000
137652.859202	897.393000
137737.975164	902.187000
137741.081622	902.359000
137826.782693	907.125000
137830.622114	907.335000
137919.477172	912.205000
137922.349535	912.361000
138013.439074	917.323000
138016.158813	917.470000
138103.982878	922.229000
138107.321956	922.408000
138196.717392	927.215000
138203.945031	927.604000
138288.657692	932.097000
138298.517563	932.622000
138388.995728	937.407000
138391.057777	937.516000
138479.603947	942.196000
138488.458500	942.662000
138572.559764	947.085000
138584.353893	947.704000
138669.956194	952.164000
138683.784554	952.884000
138770.306707	957.385000
138771.244273	957.434000
138857.288180	961.932000
138877.209564	962.959000
138964.080721	967.435000
138973.628430	967.924000
139056.541348	972.128000
139062.889270	972.451000
139153.246339	977.004000
139174.401730	978.083000
139256.829899	982.195000
139268.196159	982.771000
139347.546302	986.758000
139370.840285	987.924000
139433.772791	991.076000
139468.635101	992.804000
139514.561461	995.084000
139570.917836	997.855000
139578.083494	998.206000
139631.750355	1000.847000
139644.832096	1001.484000
139659.289625	1002.187000
139659.516144	1002.198000
139660.423303	1002.242000
139662.464645	1002.341000
139663.351787	1002.384000
139664.156177	1002.423000
139664.692766	1002.449000
139665.415122	1002.484000
139668.759124	1002.646000
139669.192906	1002.667000
139670.807052	1002.746000
139673.121401	1002.858000
139674.485738	1002.924000
139675.043909	1002.951000
139701.674082	1004.241000
139743.582540	1006.265000
139783.583864	1008.185000
139786.242147	1008.312000
139843.755340	1011.069000
139880.059186	1012.790000
139899.082581	1013.694000
139958.287641	1016.486000
139996.115392	1018.260000
140013.611050	1019.081000
140078.742774	1022.122000
140097.941940	1023.017000
140141.772135	1025.063000
140205.963523	1028.037000
140216.294899	1028.514000
140318.871559	1033.223000
140320.954026	1033.317000
140422.303016	1037.998000
140430.385876	1038.358000
140532.499967	1042.983000
140543.155148	1043.457000
140646.456333	1047.998000
140662.723288	1048.705000
140768.637221	1053.322000
140774.262998	1053.565000
140880.348480	1058.135000
140883.068984	1058.251000
141009.598061	1063.635000
141011.362833	1063.709000
141125.058398	1068.466000
141132.489993	1068.775000
141243.469413	1073.364000
141255.104861	1073.837000
141371.724713	1078.574000
141377.063491	1078.790000
141505.637333	1083.945000
141519.675500	1084.508000
141623.601499	1088.725000
141627.410817	1088.878000
141751.254226	1093.785000
141765.020295	1094.324000
141889.118266	1099.230000
141900.295584	1099.661000
142012.758902	1103.978000
142026.713534	1104.507000
142150.232711	1109.196000
142163.909866	1109.708000
142292.572742	1114.501000
142312.011008	1115.229000
142414.034245	1119.011000
142439.140810	1119.935000
142569.586710	1124.719000
142586.419969	1125.319000
142703.761071	1129.518000
142736.601723	1130.659000
142841.900536	1134.322000
142871.880065	1135.328000
143017.202037	1140.196000
143042.002783	1140.987000
143141.902019	1144.203000
143202.370500	1146.099000
143329.735463	1150.121000
143355.198549	1150.883000
143486.154724	1154.994000
143545.379053	1156.713000
143650.181479	1159.910000
143702.112078	1161.390000
143825.344055	1165.080000
143885.180749	1166.760000
144015.899742	1170.514000
144066.024589	1171.876000
144181.290387	1175.044000
144268.278296	1177.282000
144390.121501	1180.449000
144459.669126	1182.155000
144603.468548	1185.630000
144682.084374	1187.380000
144820.404820	1190.531000
144920.452217	1192.585000
145047.491494	1195.323000
145167.186426	1197.710000
145326.344264	1201.028000
145399.828881	1202.316000
145542.493313	1205.125000
145718.865434	1207.958000
145879.816290	1210.760000
146011.257088	1212.632000
146180.011456	1215.552000
146370.894356	1217.659000
146566.397748	1220.505000
146846.934761	1222.871000
147080.184496	1225.816000
147439.687814	1227.639000
147668.792089	1230.354000
148051.729546	1225.816000
148632.496014	1222.871000
148819.887822	1220.505000
149157.338515	1217.659000
149302.076971	1215.552000
149566.613311	1212.632000
149674.801042	1210.760000
149871.540955	1207.958000
150034.272495	1205.125000
150209.150465	1202.316000
150274.565840	1201.028000
150463.868602	1197.710000
150578.368228	1195.323000
150715.663881	1192.585000
150810.966538	1190.531000
150964.447234	1187.380000
151041.267539	1185.630000
151197.376107	1182.155000
151267.972312	1180.449000
151397.079774	1177.282000
151483.181792	1175.044000
151606.317492	1171.876000
151655.873053	1170.514000
151794.029203	1166.760000
151852.528912	1165.080000
151983.955938	1161.390000
152033.382313	1159.910000
152145.559425	1156.713000
152201.910807	1154.994000
152343.546185	1150.883000
152367.819745	1150.121000
152502.219393	1146.099000
152562.260161	1144.203000
152664.826951	1140.987000
152689.397939	1140.196000
152842.027563	1135.328000
152872.059179	1134.322000
152981.219234	1130.659000
153014.019110	1129.518000
153134.876161	1125.319000
153151.643167	1124.719000
153285.860350	1119.935000
153311.055169	1119.011000
153413.818185	1115.229000
153433.456714	1114.501000
153561.434198	1109.708000
153575.178281	1109.196000
153700.436442	1104.507000
153714.371534	1103.978000
153828.250831	1099.661000
153839.478927	1099.230000
153966.708442	1094.324000
153980.342524	1093.785000
154105.667381	1088.878000
154109.528812	1088.725000
154214.521570	1084.508000
154228.396443	1083.945000
154356.934186	1078.790000
154362.321567	1078.574000
154479.403948	1073.837000
154491.048700	1073.364000
154603.934685	1068.775000
154611.407477	1068.466000
154725.815556	1063.709000
154727.584207	1063.635000
154855.983355	1058.251000
154858.709465	1058.135000
154965.887954	1053.565000
154971.528823	1053.322000
155078.418585	1048.705000
155094.637158	1047.998000
155199.118409	1043.457000
155209.901224	1042.983000
155313.867920	1038.358000
155321.816260	1037.998000
155426.915898	1033.317000
155428.951105	1033.223000
155533.273826	1028.514000
155543.664369	1028.037000
155608.078441	1025.063000
155652.239699	1023.017000
155671.412732	1022.122000
155736.646993	1019.081000
155754.231059	1018.260000
155792.035320	1016.486000
155851.570315	1013.694000
155870.739861	1012.790000
155906.955860	1011.069000
155965.113736	1008.312000
155967.763056	1008.185000
156007.951275	1006.265000
156050.119337	1004.241000
156076.829767	1002.951000
156077.387143	1002.924000
156078.751560	1002.858000
156081.066799	1002.746000
156082.699241	1002.667000
156083.128318	1002.646000
156086.474630	1002.484000
156087.197100	1002.449000
156087.733707	1002.423000
156088.538590	1002.384000
156089.425482	1002.341000
156091.467972	1002.242000
156092.375235	1002.198000
156092.602025	1002.187000
156107.078622	1001.484000
156120.178830	1000.847000
156174.415689	998.206000
156181.548241	997.855000
156238.118148	995.084000
156284.488605	992.804000
156319.295951	991.076000
156382.887388	987.924000
156406.167623	986.758000
156485.818663	982.771000
156497.282340	982.195000
156578.424809	978.083000
156600.054186	977.004000
156689.322484	972.451000
156695.732616	972.128000
156778.353866	967.924000
156787.998114	967.435000
156875.391872	962.959000
156895.324106	961.932000
156982.574725	957.434000
156983.512064	957.385000
157069.634234	952.884000
157083.474703	952.164000
157169.133714	947.704000
157181.014392	947.085000
157265.288110	942.662000
157274.148881	942.196000
157363.074435	937.516000
157365.136728	937.407000
157455.658801	932.622000
157465.585872	932.097000
157549.967585	927.604000
157557.301933	927.215000
157646.616227	922.408000
157649.945077	922.229000
157738.719776	917.470000
157741.432560	917.323000
157833.237622	912.361000
157836.101381	912.205000
157925.770642	907.335000
157929.602174	907.125000
158016.738733	902.359000
158019.831596	902.187000
158106.415096	897.393000
158110.392145	897.169000
158200.602498	892.142000
158202.482488	892.037000
158286.088950	887.323000
158297.464327	886.678000
158371.319012	882.547000
158378.311490	882.148000
158469.536877	877.046000
158475.267422	876.717000
158558.260192	872.022000
158567.779926	871.471000
158638.580352	867.425000
158655.288878	866.446000
158733.307089	861.959000
158740.879344	861.510000
158821.216003	856.878000
158841.729287	855.657000
158903.093399	852.137000
158917.649031	851.273000
158991.176429	847.005000
159013.127878	845.705000
159085.752158	841.453000
159102.973333	840.422000
159155.061942	837.345000
159182.212978	835.709000
159251.487493	831.612000
159273.770685	830.260000
159337.276005	826.486000
159365.106323	824.789000
159409.146020	822.142000
159435.562966	820.512000
159502.769718	816.435000
159537.092285	814.309000
159582.122461	811.571000
159609.233885	809.887000
159662.265525	806.688000
159699.427313	804.383000
159743.996683	801.682000
159778.585951	799.545000
159832.044001	796.300000
159870.060177	793.950000
159907.118094	791.687000
159947.724932	789.177000
159988.637818	786.666000
160032.568850	783.938000
160074.794946	781.338000
160118.742304	778.612000
160150.449276	776.646000
160199.520122	773.590000
160232.610480	771.533000
160279.621639	768.581000
160309.999163	766.695000
160367.387915	763.056000
160393.476021	761.437000
160443.309168	758.249000
160470.196151	756.568000
160527.818001	752.874000
160545.254822	751.774000
160606.122735	747.857000
160630.108460	746.330000
160686.206023	742.696000
160698.847667	741.883000
160770.046303	737.234000
160781.264752	736.508000
160841.050556	732.597000
160857.538724	731.529000
160926.867217	726.956000
160928.362381	726.860000
161001.151330	722.031000
161009.889180	721.468000
161081.637805	716.712000
161082.538170	716.654000
161156.162144	711.800000
161158.909795	711.622000
161236.507884	706.510000
161241.195559	706.200000
161311.016903	701.679000
161313.130560	701.538000
161391.037980	696.486000
161398.926184	695.965000
161470.872837	691.321000
161476.511649	690.946000
161543.556989	686.579000
161556.431550	685.713000
161621.385790	681.456000
161632.187869	680.725000
161700.591596	676.219000
161714.727188	675.264000
161775.058790	671.262000
161789.989433	670.252000
161848.094243	666.365000
161865.811412	665.158000
161925.245615	661.171000
161942.961771	659.955000
162002.902256	655.922000
162023.726921	654.497000
162070.921938	651.291000
162093.620909	649.733000
162150.303991	645.863000
162165.596446	644.808000
162227.417662	640.576000
162243.878757	639.443000
162296.606896	635.831000
162307.809543	635.066000
162375.237820	630.487000
162385.927356	629.762000
162452.203643	625.251000
162460.146099	624.711000
162526.360839	620.156000
162526.816483	620.125000
162602.396332	615.047000
162603.995531	614.938000
162677.432859	609.946000
162680.390185	609.742000
162745.364110	605.275000
162758.459417	604.365000
162818.419920	600.215000
162826.180409	599.676000
162893.877500	594.976000
162908.339748	593.970000
162960.809142	590.322000
162977.875623	589.133000
163031.952011	585.387000
163051.761921	584.004000
163108.759650	580.041000
163132.033797	578.414000
163172.555879	575.583000
163199.404769	573.708000
163246.051570	570.435000
163282.115805	567.944000
163320.744681	565.259000
163347.806910	563.398000
163389.259834	560.510000
163436.648132	557.222000
163463.994190	555.319000
163501.365329	552.740000
163534.928145	550.396000
163581.946941	547.207000
163610.330412	545.240000
163660.491152	541.860000
163683.404334	540.271000
163736.916803	536.643000
163753.760815	535.482000
163810.705812	531.621000
163832.172267	530.132000
163889.947135	526.200000
163901.293437	525.407000
163962.399984	521.262000
163975.898060	520.310000
164040.099181	515.951000
164053.497356	515.009000
164114.019177	510.905000
164117.974898	510.628000
164188.108274	505.892000
164200.852964	504.993000
164262.430069	500.816000
164270.250474	500.264000
164334.382128	495.899000
164339.454471	495.543000
164408.811193	490.828000
164420.363921	490.016000
164480.776321	485.881000
164491.961266	485.093000
164551.873278	481.018000
164557.321714	480.636000
164628.587625	475.799000
164641.711528	474.886000
164698.636182	471.035000
164709.615363	470.271000
164774.465607	465.863000
164781.338861	465.384000
164846.367525	460.935000
164856.674942	460.219000
164920.817786	455.775000
164930.210874	455.120000
164990.200443	450.952000
164997.131568	450.473000
165064.011910	445.844000
165075.554806	445.054000
165137.620287	440.736000
165143.942283	440.307000
165211.792312	435.603000
165214.275682	435.436000
165280.809741	430.860000
165290.575635	430.208000
165358.931911	425.527000
165363.617337	425.214000
165431.006598	420.606000
165433.108185	420.465000
165507.133139	415.453000
165511.412830	415.167000
165581.427813	410.461000
165582.393729	410.396000
165658.290083	405.327000
165661.282262	405.127000
165730.655850	400.448000
165730.819700	400.437000
165807.415765	395.342000
165813.891974	394.906000
165883.519444	390.217000
165885.607482	390.076000
165951.756465	385.599000
165961.276165	384.951000
166032.963473	380.081000
166034.620177	379.967000
166103.019588	375.273000
166110.153064	374.776000
166175.905369	370.228000
166185.403498	369.562000
166249.233952	365.127000
166257.007555	364.580000
166321.200874	360.144000
166330.239336	359.503000
166395.817236	355.093000
166406.690664	354.326000
166472.732767	349.919000
166482.878912	349.213000
166548.001809	344.932000
166560.384837	344.079000
166624.864980	339.886000
166638.518467	338.969000
166708.175977	334.400000
166718.904376	333.681000
166777.907339	329.779000
166794.580402	328.662000
166859.847141	324.327000
166874.165306	323.373000
166936.969986	319.214000
166951.378840	318.264000
167015.166993	314.026000
167031.442200	312.979000
167091.234247	309.113000
167109.290550	307.959000
167172.310647	303.864000
167194.375977	302.446000
167252.519690	298.680000
167265.917373	297.810000
167327.132986	293.920000
167355.985342	292.052000
167406.370828	288.916000
167433.462081	287.172000
167491.056168	283.681000
167516.851532	282.056000
167569.556840	278.949000
167605.139138	276.755000
167652.647161	274.037000
167693.911361	271.601000
167745.583678	268.793000
167783.050177	266.612000
167832.682797	263.996000
167880.620459	261.292000
167923.767031	259.101000
167976.024056	256.228000
168024.647240	253.907000
168082.311820	250.909000
168121.099729	249.006000
168184.527905	245.758000
168215.655960	244.176000
168286.922623	240.610000
168327.756919	238.619000
168392.706748	235.224000
168418.976914	233.968000
168495.363650	230.037000
168519.563219	228.921000
168599.176988	224.914000
168622.291717	223.869000
168711.536542	219.529000
168730.715445	218.704000
168830.901115	214.047000
168834.554331	213.900000
168944.463742	209.540000
168966.968749	208.688000
169098.842688	203.901000
169112.234465	203.459000
169259.877032	198.715000
169263.431697	198.617000
169413.587008	193.926000
169427.144398	193.538000
169898.604682	188.688000
169919.088800	188.067000
170099.553548	193.538000
170137.270370	193.926000
170301.182006	198.617000
170304.318911	198.715000
170476.393697	203.459000
170490.149603	203.901000
170635.186787	208.688000
170658.657979	209.540000
170773.824447	213.900000
170777.530108	214.047000
170893.264974	218.704000
170911.013133	219.529000
171011.905790	223.869000
171033.394464	224.914000
171122.026731	228.921000
171144.200169	230.037000
171229.440766	233.968000
171253.847212	235.224000
171324.856139	238.619000
171362.946010	240.610000
171436.082675	244.176000
171467.699013	245.758000
171531.607938	249.006000
171568.770445	250.909000
171629.877197	253.907000
171674.520122	256.228000
171734.707287	259.101000
171774.559407	261.292000
171827.808303	263.996000
171874.185864	266.612000
171915.565354	268.793000
171963.802826	271.601000
172008.629665	274.037000
172054.670755	276.755000
172093.019763	278.949000
172143.409098	282.056000
172170.974635	283.681000
172226.391015	287.172000
172255.163311	288.916000
172303.877859	292.052000
172333.890642	293.920000
172393.973974	297.810000
172407.664869	298.680000
172465.659898	302.446000
172487.552565	303.864000
172551.274376	307.959000
172569.033885	309.113000
172629.524065	312.979000
172645.717100	314.026000
172711.595159	318.264000
172725.894060	319.214000
172788.974506	323.373000
172803.380773	324.327000
172868.442877	328.662000
172885.260166	329.779000
172943.503933	333.681000
172954.376084	334.400000
173022.551403	338.969000
173036.531691	339.886000
173098.962521	344.079000
173112.079993	344.932000
173174.227405	349.213000
173184.967130	349.919000
173248.301499	354.326000
173259.795552	355.093000
173322.314216	359.503000
173331.846061	360.144000
173394.396168	364.580000
173402.311800	365.127000
173465.339089	369.562000
173474.924451	370.228000
173539.785546	374.776000
173546.970879	375.273000
173614.344191	379.967000
173616.005361	380.081000
173686.778589	384.951000
173696.317270	385.599000
173762.088410	390.076000
173764.171726	390.217000
173833.610094	394.906000
173840.084305	395.342000
173915.763859	400.437000
173915.929228	400.448000
173985.624994	405.127000
173988.590311	405.327000
174064.427101	410.396000
174065.400323	410.461000
174135.332638	415.167000
174139.587693	415.453000
174214.587037	420.465000
174216.669543	420.606000
174285.351171	425.214000
174289.928610	425.527000
174360.000429	430.208000
174369.521534	430.860000
174438.062533	435.436000
174440.490678	435.603000
174510.441428	440.307000
174516.629282	440.736000
174580.261861	445.054000
174591.617056	445.844000
174659.252578	450.473000
174666.173227	450.952000
174726.484143	455.120000
174735.911486	455.775000
174799.641078	460.219000
174809.975524	460.935000
174874.022587	465.384000
174881.023875	465.863000
174944.275034	470.271000
174955.514958	471.035000
175010.856357	474.886000
175024.352126	475.799000
175093.881505	480.636000
175099.509699	481.018000
175157.631107	485.093000
175169.216547	485.881000
175227.909116	490.016000
175239.772445	490.828000
175306.855099	495.543000
175312.091788	495.899000
175374.284988	500.264000
175382.395108	500.816000
175441.572338	504.993000
175454.825347	505.892000
175521.965340	510.628000
175526.067313	510.905000
175584.674823	515.009000
175598.566528	515.951000
175660.565087	520.310000
175674.586530	521.262000
175733.357041	525.407000
175745.047630	526.200000
175801.306975	530.132000
175823.185606	531.621000
175878.848456	535.482000
175895.971777	536.643000
175948.607501	540.271000
175972.045018	541.860000
176020.784197	545.240000
176049.975373	547.207000
176095.992094	550.396000
176130.552163	552.740000
176167.479851	555.319000
176195.055376	557.222000
176242.303845	560.510000
176283.927143	563.398000
176310.639017	565.259000
176349.683662	567.944000
176385.521476	570.435000
176432.907362	573.708000
176459.629865	575.583000
176500.168110	578.414000
176523.456498	580.041000
176580.146999	584.004000
176600.037956	585.387000
176653.695167	589.133000
176670.859296	590.322000
176723.221383	593.970000
176737.690739	594.976000
176805.257905	599.676000
176813.021464	600.215000
176872.772908	604.365000
176885.920874	605.275000
176950.203005	609.742000
176953.170249	609.946000
177025.537757	614.938000
177027.141257	615.047000
177101.643418	620.125000
177102.104815	620.156000
177169.055166	624.711000
177176.904992	625.251000
177243.253910	629.762000
177253.905718	630.487000
177321.419354	635.066000
177332.684397	635.831000
177385.578464	639.443000
177402.118049	640.576000
177463.603798	644.808000
177479.015278	645.863000
177535.111771	649.733000
177557.931472	651.291000
177604.640651	654.497000
177625.617850	655.922000
177684.555306	659.955000
177702.628113	661.171000
177760.715541	665.158000
177778.708289	666.365000
177835.764324	670.252000
177850.862307	671.262000
177910.023132	675.264000
177924.420103	676.219000
177991.116415	680.725000
178002.213425	681.456000
178065.119650	685.713000
178078.333268	686.579000
178143.256140	690.946000
178149.013411	691.321000
178218.844460	695.965000
178226.915995	696.486000
178303.405830	701.538000
178305.580205	701.679000
178373.352162	706.200000
178378.139735	706.510000
178455.441019	711.622000
178458.142987	711.800000
178533.070508	716.654000
178533.950234	716.712000
178607.780179	721.468000
178616.273551	722.031000
178691.220404	726.860000
178692.667440	726.956000
178763.890195	731.529000
178780.081499	732.597000
178840.460921	736.508000
178851.558976	737.234000
178923.397222	741.883000
178935.848177	742.696000
178992.354616	746.330000
179015.926707	747.857000
179077.453940	751.774000
179094.547304	752.874000
179153.103318	756.568000
179179.324848	758.249000
179230.315747	761.437000
179255.623108	763.056000
179314.260919	766.695000
179344.004031	768.581000
179391.551460	771.533000
179424.309574	773.590000
179473.470555	776.646000
179505.039038	778.612000
179549.003028	781.338000
179590.919069	783.938000
179635.223989	786.666000
179675.660507	789.177000
179716.557100	791.687000
179753.167966	793.950000
179791.650558	796.300000
179844.145234	799.545000
179879.350120	801.682000
179923.068235	804.383000
179961.103185	806.688000
180012.678265	809.887000
180040.594889	811.571000
180084.675102	814.309000
180119.640097	816.435000
180185.459995	820.512000
180212.329508	822.142000
180255.228684	824.789000
180283.462672	826.486000
180345.355199	830.260000
180368.105383	831.612000
180435.630706	835.709000
180463.293168	837.345000
180514.359022	840.422000
180531.812177	841.453000
180602.834907	845.705000
180625.038944	847.005000
180697.107238	851.273000
180711.991884	852.137000
180771.292610	855.657000
180792.578286	856.878000
180870.397723	861.510000
180878.185106	861.959000
180953.857062	866.446000
180970.879533	867.425000
181039.932336	871.471000
181049.574213	872.022000
181130.690638	876.717000
181136.506319	877.046000
181225.373301	882.148000
181232.507549	882.547000
181304.903354	886.678000
181316.434768	887.323000
181399.572020	892.037000
181401.434277	892.142000
181491.441043	897.169000
181495.460760	897.393000
181580.576722	902.187000
181583.683181	902.359000
181669.384252	907.125000
181673.223672	907.335000
181762.078731	912.205000
181764.951093	912.361000
181856.040633	917.323000
181858.760372	917.470000
181946.584437	922.229000
181949.923515	922.408000
182039.318951	927.215000
182046.546589	927.604000
182131.259251	932.097000
182141.119122	932.622000
182231.597287	937.407000
182233.659336	937.516000
182322.205506	942.196000
182331.060059	942.662000
182415.161323	947.085000
182426.955452	947.704000
182512.557752	952.164000
182526.386113	952.884000
182612.908266	957.385000
182613.845832	957.434000
182699.889739	961.932000
182719.811123	962.959000
182806.682280	967.435000
182816.229989	967.924000
182899.142907	972.128000
182905.490829	972.451000
182995.847898	977.004000
183017.003289	978.083000
183099.431458	982.195000
183110.797718	982.771000
183190.147861	986.758000
183213.441844	987.924000
183276.374349	991.076000
183311.236660	992.804000
183357.163020	995.084000
183413.519395	997.855000
183420.685053	998.206000
183474.351913	1000.847000
183487.433655	1001.484000
183501.891184	1002.187000
183502.117703	1002.198000
183503.024862	1002.242000
183505.066204	1002.341000
183505.953346	1002.384000
183506.757736	1002.423000
183507.294325	1002.449000
183508.016681	1002.484000
183511.360683	1002.646000
183511.794464	1002.667000
183513.408611	1002.746000
183515.722960	1002.858000
183517.087297	1002.924000
183517.645468	1002.951000
183544.275641	1004.241000
183586.184099	1006.265000
183626.185423	1008.185000
183628.843706	1008.312000
183686.356899	1011.069000
183722.660745	1012.790000
183741.684140	1013.694000
183800.889200	1016.486000
183838.716951	1018.260000
183856.212609	1019.081000
183921.344333	1022.122000
183940.543499	1023.017000
183984.373694	1025.063000
184048.565082	1028.037000
184058.896458	1028.514000
184161.473118	1033.223000
184163.555585	1033.317000
184264.904574	1037.998000
184272.987435	1038.358000
184375.101526	1042.983000
184385.756707	1043.457000
184489.057892	1047.998000
184505.324847	1048.705000
184611.238780	1053.322000
184616.864557	1053.565000
184722.950039	1058.135000
184725.670543	1058.251000
184852.199619	1063.635000
184853.964392	1063.709000
184967.659957	1068.466000
184975.091552	1068.775000
185086.070972	1073.364000
185097.706420	1073.837000
185214.326272	1078.574000
185219.665050	1078.790000
185348.238892	1083.945000
185362.277059	1084.508000
185466.203058	1088.725000
185470.012376	1088.878000
185593.855785	1093.785000
185607.621854	1094.324000
185731.719825	1099.230000
185742.897143	1099.661000
185855.360461	1103.978000
185869.315093	1104.507000
185992.834270	1109.196000
186006.511425	1109.708000
186135.174301	1114.501000
186154.612567	1115.229000
186256.635804	1119.011000
186281.742368	1119.935000
186412.188269	1124.719000
186429.021528	1125.319000
186546.362630	1129.518000
186579.203281	1130.659000
186684.502095	1134.322000
186714.481624	1135.328000
186859.803595	1140.196000
186884.604342	1140.987000
186984.503578	1144.203000
187044.972059	1146.099000
187172.337022	1150.121000
187197.800107	1150.883000
187328.756283	1154.994000
187387.980612	1156.713000
187492.783038	1159.910000
187544.713637	1161.390000
187667.945613	1165.080000
187727.782308	1166.760000
187858.501300	1170.514000
187908.626148	1171.876000
188023.891946	1175.044000
188110.879855	1177.282000
188232.723060	1180.449000
188302.270685	1182.155000
188446.070107	1185.630000
188524.685933	1187.380000
188663.006378	1190.531000
188763.053776	1192.585000
188890.093053	1195.323000
189009.787985	1197.710000
189168.945823	1201.028000
189242.430439	1202.316000
189385.094872	1205.125000
189561.466993	1207.958000
189722.417849	1210.760000
189853.858647	1212.632000
190022.613015	1215.552000
190213.495915	1217.659000
190408.999306	1220.505000
190689.536320	1222.871000
190922.786055	1225.816000
191282.289373	1227.639000
191511.393647	1230.354000
191894.331105	1225.816000
192475.097573	1222.871000
192662.489380	1220.505000
192999.940074	1217.659000
193144.678530	1215.552000
193409.214870	1212.632000
193517.402601	1210.760000
193714.142514	1207.958000
193876.874054	1205.125000
194051.752024	1202.316000
194117.167399	1201.028000
194306.470161	1197.710000
194420.969787	1195.323000
194558.265440	1192.585000
194653.568097	1190.531000
194807.048793	1187.380000
194883.869097	1185.630000
195039.977666	1182.155000
195110.573871	1180.449000
195239.681333	1177.282000
195325.783351	1175.044000
195448.919051	1171.876000
195498.474612	1170.514000
195636.630762	1166.760000
195695.130471	1165.080000
195826.557497	1161.390000
195875.983872	1159.910000
195988.160983	1156.713000
196044.512366	1154.994000
196186.147744	1150.883000
196210.421304	1150.121000
196344.820952	1146.099000
196404.861720	1144.203000
196507.428510	1140.987000
196531.999498	1140.196000
196684.629122	1135.328000
196714.660737	1134.322000
196823.820792	1130.659000
196856.620669	1129.518000
196977.477719	1125.319000
196994.244726	1124.719000
197128.461909	1119.935000
197153.656728	1119.011000
197256.419744	1115.229000
197276.058273	1114.501000
197404.035757	1109.708000
197417.779840	1109.196000
197543.038001	1104.507000
197556.973093	1103.978000
197670.852390	1099.661000
197682.080486	1099.230000
197809.310001	1094.324000
197822.944083	1093.785000
197948.268940	1088.878000
197952.130371	1088.725000
198057.123129	1084.508000
198070.998002	1083.945000
198199.535745	1078.790000
198204.923126	1078.574000
198322.005507	1073.837000
198333.650259	1073.364000
198446.536244	1068.775000
198454.009036	1068.466000
198568.417115	1063.709000
198570.185766	1063.635000
198698.584914	1058.251000
198701.311024	1058.135000
198808.489513	1053.565000
198814.130382	1053.322000
198921.020144	1048.705000
198937.238717	1047.998000
199041.719968	1043.457000
199052.502782	1042.983000
199156.469479	1038.358000
199164.417819	1037.998000
199269.517457	1033.317000
199271.552664	1033.223000
199375.875385	1028.514000
199386.265928	1028.037000
199450.680000	1025.063000
199494.841258	1023.017000
199514.014291	1022.122000
199579.248552	1019.081000
199596.832618	1018.260000
199634.636879	1016.486000
199694.171874	1013.694000
199713.341420	1012.790000
199749.557419	1011.069000
199807.715295	1008.312000
199810.364615	1008.185000
199850.552834	1006.265000
199892.720895	1004.241000
199919.431326	1002.951000
199919.988702	1002.924000
199921.353119	1002.858000
199923.668358	1002.746000
199925.300800	1002.667000
199925.729877	1002.646000
199929.076189	1002.484000
199929.798658	1002.449000
199930.335266	1002.423000
199931.140149	1002.384000
199932.027041	1002.341000
199934.069531	1002.242000
199934.976794	1002.198000
199935.203584	1002.187000
199949.680181	1001.484000
