0.000000	500.000000
12.236821	500.816000
72.549967	504.993000
86.078975	505.892000
154.509430	510.628000
158.697623	510.905000
218.448599	515.009000
232.629809	515.951000
295.828045	520.310000
310.140940	521.262000
370.041395	525.407000
381.975455	526.200000
439.336786	530.132000
461.667981	531.621000
518.438166	535.482000
535.918426	536.643000
589.614938	540.271000
613.541090	541.860000
663.250306	545.240000
693.057774	547.207000
739.991644	550.396000
775.271652	552.740000
812.923758	555.319000
841.053637	557.222000
889.235816	560.510000
931.686657	563.398000
958.925164	565.259000
998.760430	567.944000
1035.308172	570.435000
1083.644948	573.708000
1110.886686	575.583000
1152.220268	578.414000
1175.965187	580.041000
1233.765623	584.004000
1254.050359	585.387000
1308.760966	589.133000
1326.267477	590.322000
1379.661919	593.970000
1394.417747	594.976000
1463.321299	599.676000
1471.239018	600.215000
1532.175965	604.365000
1545.586669	605.275000
1611.142835	609.742000
1614.170194	609.946000
1687.993783	614.938000
1689.630532	615.047000
1765.669061	620.125000
1766.140258	620.156000
1834.476399	624.711000
1842.485065	625.251000
1910.209250	629.762000
1921.081352	630.487000
1990.001427	635.066000
2001.500533	635.831000
2055.481167	639.443000
2072.358329	640.576000
2135.086833	644.808000
2150.813307	645.863000
2208.038262	649.733000
2231.326917	651.291000
2278.985596	654.497000
2300.398371	655.922000
2360.541423	659.955000
2378.996953	661.171000
2438.265162	665.158000
2456.641286	666.365000
2514.875092	670.252000
2530.296615	671.262000
2590.696514	675.264000
2605.407411	676.219000
2673.504283	680.725000
2684.846750	681.456000
2749.069453	685.713000
2762.578431	686.579000
2828.876957	690.946000
2834.764565	691.321000
2906.110286	695.965000
2914.367991	696.486000
2992.540544	701.538000
2994.764598	701.679000
3063.997260	706.200000
3068.894546	706.510000
3147.892019	711.622000
3150.653744	711.800000
3227.296594	716.654000
3228.195745	716.712000
3303.735651	721.468000
3312.414488	722.031000
3389.096392	726.860000
3390.574972	726.956000
3463.458515	731.529000
3480.006979	732.597000
3541.769068	736.508000
3553.116145	737.234000
3626.602548	741.883000
3639.333946	742.696000
3697.153614	746.330000
3721.265390	747.857000
3784.252739	751.774000
3801.742834	752.874000
3861.714861	756.568000
3888.549786	758.249000
3940.796842	761.437000
3966.698776	763.056000
4026.803443	766.695000
4057.258225	768.581000
4105.994031	771.533000
4139.551916	773.590000
4189.938427	776.646000
4222.290898	778.612000
4267.356639	781.338000
4310.322288	783.938000
4355.753675	786.666000
4397.200441	789.177000
4439.143833	791.687000
4476.678114	793.950000
4516.156018	796.300000
4569.974581	799.545000
4606.101374	801.682000
4650.923277	804.383000
4689.957639	806.688000
4742.824311	809.887000
4771.481543	811.571000
4816.662424	814.309000
4852.539869	816.435000
4920.012734	820.512000
4947.586796	822.142000
4991.571966	824.789000
5020.560614	826.486000
5084.058820	830.260000
5107.431542	831.612000
5176.726850	835.709000
5205.153904	837.345000
5257.577621	840.422000
5275.514354	841.453000
5348.451033	845.705000
5371.281788	847.005000
5445.336465	851.273000
5460.648819	852.137000
5521.576208	855.657000
5543.488798	856.878000
5623.430697	861.510000
5631.445002	861.959000
5709.197280	866.446000
5726.718391	867.425000
5797.717133	871.471000
5807.645226	872.022000
5891.106497	876.717000
5897.098494	877.046000
5988.578158	882.148000
5995.933924	882.547000
6070.485468	886.678000
6082.374843	887.323000
6168.020544	892.037000
6169.939652	892.142000
6262.749083	897.169000
6266.894560	897.393000
6354.614772	902.187000
6357.819731	902.359000
6446.213446	907.125000
6450.177759	907.335000
6541.910799	912.205000
6544.877989	912.361000
6638.955921	917.323000
6641.766361	917.470000
6732.503620	922.229000
6735.955985	922.408000
6828.364959	927.215000
6835.835780	927.604000
6923.487680	932.097000
6933.686856	932.622000
7027.323331	937.407000
7029.457434	937.516000
7121.098394	942.196000
7130.265216	942.662000
7217.336814	947.085000
7229.549291	947.704000
7318.235028	952.164000
7332.562187	952.884000
7422.211006	957.385000
7423.182125	957.434000
7512.303688	961.932000
7532.958823	962.959000
7623.033316	967.435000
7632.937571	967.924000
7719.013155	972.128000
7725.601421	972.451000
7819.450731	977.004000
7841.403109	978.083000
7927.085357	982.195000
7938.885674	982.771000
8021.321155	986.758000
8045.528142	987.924000
8110.924201	991.076000
8147.181629	992.804000
8194.939740	995.084000
8253.590132	997.855000
8261.049819	998.206000
8316.897293	1000.847000
8330.522616	1001.484000
8345.582695	1002.187000
8345.818680	1002.198000
8346.763849	1002.242000
8348.890745	1002.341000
8349.815112	1002.384000
8350.653235	1002.423000
8351.212355	1002.449000
8351.965045	1002.484000
8355.449518	1002.646000
8355.901548	1002.667000
8357.582047	1002.746000
8359.993833	1002.858000
8361.415658	1002.924000
8361.997350	1002.951000
8389.746356	1004.241000
8433.426831	1006.265000
8475.141868	1008.185000
8477.915170	1008.312000
8537.899044	1011.069000
8575.799876	1012.790000
8595.655795	1013.694000
8657.494429	1016.486000
8697.024894	1018.260000
8715.307030	1019.081000
8783.398249	1022.122000
8803.472732	1023.017000
8849.295407	1025.063000
8916.452135	1028.037000
8927.264317	1028.514000
9034.673372	1033.223000
9036.857555	1033.317000
9142.919473	1037.998000
9151.408643	1038.358000
9258.474208	1042.983000
9269.666385	1043.457000
9378.308795	1047.998000
9395.437688	1048.705000
9506.927741	1053.322000
9512.855623	1053.565000
9624.670979	1058.135000
9627.541717	1058.251000
9761.089276	1063.635000
9762.955104	1063.709000
9883.192256	1068.466000
9891.057280	1068.775000
10008.587622	1073.364000
10020.935878	1073.837000
10144.712548	1078.574000
10150.381807	1078.790000
10287.073997	1083.945000
10301.998010	1084.508000
10412.316323	1088.725000
10416.365237	1088.878000
10548.233587	1093.785000
10562.915305	1094.324000
10695.094666	1099.230000
10707.040921	1099.661000
10827.318944	1103.978000
10842.270464	1104.507000
10974.586211	1109.196000
10989.268093	1109.708000
11127.485745	1114.501000
11148.350492	1115.229000
11258.033446	1119.011000
11285.055577	1119.935000
11425.532445	1124.719000
11443.745536	1125.319000
11570.620242	1129.518000
11606.312886	1130.659000
11720.730508	1134.322000
11753.528030	1135.328000
11912.564250	1140.196000
11939.985997	1140.987000
12050.217080	1144.203000
12117.335219	1146.099000
12258.475969	1150.121000
12287.065190	1150.883000
12432.382808	1154.994000
12499.430451	1156.713000
12616.527439	1159.910000
12675.628276	1161.390000
12813.968128	1165.080000
12882.373776	1166.760000
13030.810073	1170.514000
13088.717061	1171.876000
13221.378484	1175.044000
13323.869196	1177.282000
13466.866065	1180.449000
13550.446247	1182.155000
13724.437395	1185.630000
13823.759273	1187.380000
13996.206386	1190.531000
14129.786627	1192.585000
14293.576379	1195.323000
14457.266273	1197.710000
14667.304076	1201.028000
14783.828564	1202.316000
14981.161319	1205.125000
15312.775485	1207.958000
15570.674392	1210.760000
16014.070136	1212.632000
16287.109465	1215.552000
16735.193186	1210.760000
17398.865661	1207.958000
17659.617839	1205.125000
17988.422708	1202.316000
18078.904939	1201.028000
18379.082153	1197.710000
18530.185298	1195.323000
18717.945217	1192.585000
18840.817442	1190.531000
19045.740197	1187.380000
19141.513745	1185.630000
19338.738617	1182.155000
19424.157005	1180.449000
19579.314353	1177.282000
19680.364871	1175.044000
19825.445558	1171.876000
19882.479920	1170.514000
20042.085523	1166.760000
20108.514127	1165.080000
20258.762246	1161.390000
20314.248148	1159.910000
20441.913942	1156.713000
20504.876008	1154.994000
20665.220894	1150.883000
20692.156438	1150.121000
20843.056499	1146.099000
20909.591273	1144.203000
21023.437231	1140.987000
21050.549415	1140.196000
21219.309296	1135.328000
21252.175039	1134.322000
21371.595840	1130.659000
21407.236164	1129.518000
21538.588848	1125.319000
21556.718122	1124.719000
21701.937167	1119.935000
21729.069405	1119.011000
21839.672976	1115.229000
21860.785930	1114.501000
21998.155070	1109.708000
22012.919818	1109.196000
22147.379476	1104.507000
22162.306972	1103.978000
22284.321545	1099.661000
22296.329845	1099.230000
22432.312044	1094.324000
22446.833992	1093.785000
22580.494828	1088.878000
22584.606476	1088.725000
22696.203012	1084.508000
22710.931304	1083.945000
22847.580126	1078.790000
22853.307675	1078.574000
22977.637676	1073.837000
22989.997052	1073.364000
23109.798630	1068.775000
23117.712528	1068.466000
23238.793175	1063.709000
23240.663587	1063.635000
23376.415177	1058.251000
23379.292502	1058.135000
23492.389675	1053.565000
23498.335218	1053.322000
23610.964975	1048.705000
23628.037418	1047.998000
23738.054820	1043.457000
23749.395165	1042.983000
23858.601527	1038.358000
23866.935279	1037.998000
23977.318070	1033.317000
23979.447918	1033.223000
24088.866209	1028.514000
24099.746252	1028.037000
24167.158050	1025.063000
24213.359350	1023.017000
24233.403971	1022.122000
24301.612354	1019.081000
24319.995416	1018.260000
24359.499081	1016.486000
24421.713883	1013.694000
24441.736134	1012.790000
24479.537059	1011.069000
24540.253267	1008.312000
24543.016398	1008.185000
24584.943486	1006.265000
24628.918088	1004.241000
24656.757916	1002.951000
24657.338709	1002.924000
24658.760625	1002.858000
24661.173418	1002.746000
24662.874588	1002.667000
24663.321303	1002.646000
24666.808390	1002.484000
24667.561208	1002.449000
24668.120349	1002.423000
24668.959030	1002.384000
24669.883114	1002.341000
24672.011307	1002.242000
24672.956594	1002.198000
24673.192886	1002.187000
24688.274518	1001.484000
24701.920706	1000.847000
24758.411253	998.206000
24765.833617	997.855000
24824.724761	995.084000
24872.982753	992.804000
24909.178373	991.076000
24975.314608	987.924000
24999.506171	986.758000
25082.279120	982.771000
25094.188535	982.195000
25178.429683	978.083000
25200.912939	977.004000
25293.544244	972.451000
25300.202123	972.128000
25385.951567	967.924000
25395.963689	967.435000
25486.621042	962.959000
25507.288268	961.932000
25597.752530	957.434000
25598.723396	957.385000
25687.927592	952.884000
25702.268216	952.164000
25791.017008	947.704000
25803.325633	947.085000
25890.588618	942.662000
25899.762338	942.196000
25991.823983	937.516000
25993.958356	937.407000
26087.643494	932.622000
26097.917088	932.097000
26185.202601	927.604000
26192.791426	927.215000
26285.110797	922.408000
26288.551864	922.229000
26380.338485	917.470000
26383.141254	917.323000
26478.007941	912.361000
26480.965651	912.205000
26573.595244	907.335000
26577.550878	907.125000
26667.521926	902.359000
26670.711964	902.187000
26760.040876	897.393000
26764.139610	897.169000
26857.172250	892.142000
26859.110780	892.037000
26945.269627	887.323000
26956.988226	886.678000
27033.135525	882.547000
27040.336218	882.148000
27134.394157	877.046000
27140.293179	876.717000
27225.802072	872.022000
27235.596994	871.471000
27308.499108	867.425000
27325.678488	866.446000
27405.982085	861.959000
27413.762511	861.510000
27496.440156	856.878000
27517.512924	855.657000
27580.684354	852.137000
27595.639258	851.273000
27671.279453	847.005000
27693.835938	845.705000
27768.510068	841.453000
27786.195326	840.422000
27839.727167	837.345000
27867.600161	835.709000
27938.789428	831.612000
27961.656710	830.260000
28026.899796	826.486000
28055.452116	824.789000
28100.668940	822.142000
28127.754633	820.512000
28196.723621	816.435000
28231.908146	814.309000
28278.113435	811.571000
28305.901822	809.887000
28360.340352	806.688000
28398.432780	804.383000
28444.173264	801.682000
28479.635836	799.545000
28534.493787	796.300000
28573.468709	793.950000
28611.485091	791.687000
28653.116132	789.177000
28695.076234	786.666000
28740.104819	783.938000
28783.404529	781.338000
28828.452359	778.612000
28860.953917	776.646000
28911.243414	773.590000
28945.158680	771.533000
28993.317590	768.581000
29024.454355	766.695000
29083.216258	763.056000
29109.956972	761.437000
29160.960904	758.249000
29188.510246	756.568000
29247.480034	752.874000
29265.338515	751.774000
29327.619154	747.857000
29352.174089	746.330000
29409.556010	742.696000
29422.491451	741.883000
29495.293750	737.234000
29506.769579	736.508000
29567.896877	732.597000
29584.762618	731.529000
29655.620411	726.956000
29657.150440	726.860000
29731.526102	722.031000
29740.466237	721.468000
29813.781593	716.712000
29814.702811	716.654000
29889.952446	711.800000
29892.763000	711.622000
29972.077269	706.510000
29976.867804	706.200000
30048.289190	701.679000
30050.448403	701.538000
30130.135770	696.486000
30138.197508	695.965000
30211.803619	691.321000
30217.564739	690.946000
30286.127901	686.579000
30299.275261	685.713000
30365.681404	681.456000
30376.709545	680.725000
30446.626311	676.219000
30461.058738	675.264000
30522.705868	671.262000
30537.949221	670.252000
30597.299179	666.365000
30615.382072	665.158000
30676.082655	661.171000
30694.158938	659.955000
30755.368768	655.922000
30776.619413	654.497000
30824.794400	651.291000
30847.954793	649.733000
30905.802736	645.863000
30921.402820	644.808000
30984.487598	640.576000
31001.281406	639.443000
31055.085741	635.831000
31066.518516	635.066000
31135.347811	630.487000
31146.260030	629.762000
31213.906994	625.251000
31222.014079	624.711000
31289.568658	620.156000
31290.033734	620.125000
31367.218831	615.047000
31368.851009	614.938000
31443.811117	609.946000
31446.827946	609.742000
31513.118197	605.275000
31526.473047	604.365000
31587.631751	600.215000
31595.546212	599.676000
31664.587543	594.976000
31679.335835	593.970000
31732.844048	590.322000
31750.247006	589.133000
31805.402088	585.387000
31825.600906	584.004000
31883.727014	580.041000
31907.456842	578.414000
31948.773294	575.583000
31976.148944	573.708000
32023.702122	570.435000
32060.490056	567.944000
32099.884150	565.259000
32127.494366	563.398000
32169.764547	560.510000
32218.095006	557.222000
32245.981468	555.319000
32284.103885	552.740000
32318.325109	550.396000
32366.323379	547.207000
32395.272555	545.240000
32446.492302	541.860000
32469.861516	540.271000
32524.489633	536.643000
32541.673109	535.482000
32599.805138	531.621000
32621.698638	530.132000
32680.668590	526.200000
32692.237139	525.407000
32754.616306	521.262000
32768.373901	520.310000
32833.909518	515.951000
32847.566948	515.009000
32909.350056	510.905000
32913.382956	510.628000
32984.990477	505.892000
32997.980126	504.993000
33060.839601	500.816000
33068.810120	500.264000
33134.268114	495.899000
33139.438962	495.543000
33210.233609	490.828000
33222.010024	490.016000
33283.657534	485.881000
33295.058004	485.093000
33356.210835	481.018000
33361.765305	480.636000
33434.513612	475.799000
33447.897033	474.886000
33506.013755	471.035000
33517.209925	470.271000
33583.405065	465.863000
33590.413744	465.384000
33656.773101	460.935000
33667.284962	460.219000
33732.706905	455.775000
33742.284839	455.120000
33803.463782	450.952000
33810.533839	450.473000
33878.750625	445.844000
33890.529553	445.054000
33953.822197	440.736000
33960.275753	440.307000
34029.476947	435.603000
34032.012966	435.436000
34099.893908	430.860000
34109.869939	430.208000
34179.622343	425.527000
34184.408464	425.214000
34253.178261	420.606000
34255.324613	420.465000
34330.897101	415.453000
34335.268698	415.167000
34406.769511	410.461000
34407.755876	410.396000
34485.284044	405.327000
34488.340454	405.127000
34559.175865	400.448000
34559.343200	400.437000
34637.599933	395.342000
34644.213120	394.906000
34715.312345	390.217000
34717.444273	390.076000
34784.977244	385.599000
34794.693790	384.951000
34867.869495	380.081000
34869.559702	379.967000
34939.349994	375.273000
34946.624099	374.776000
35013.692042	370.228000
35023.374976	369.562000
35088.470872	365.127000
35096.394639	364.580000
35161.874877	360.144000
35171.085162	359.503000
35238.053282	355.093000
35249.135703	354.326000
35316.600300	349.919000
35326.946989	349.213000
35393.516511	344.932000
35406.149411	344.079000
35472.094266	339.886000
35486.037962	338.969000
35557.249873	334.400000
35568.207315	333.681000
35628.504898	329.779000
35645.534180	328.662000
35712.220256	324.327000
35726.847790	323.373000
35791.026702	319.214000
35805.753691	318.264000
35870.928214	314.026000
35887.581424	312.979000
35948.747767	309.113000
35967.229140	307.959000
36031.682985	303.864000
36054.261904	302.446000
36113.737222	298.680000
36127.440124	297.810000
36190.113980	293.920000
36219.627683	292.052000
36271.266013	288.916000
36298.985592	287.172000
36358.092426	283.681000
36384.513401	282.056000
36438.685311	278.949000
36475.169675	276.755000
36524.084632	274.037000
36566.493686	271.601000
36619.869821	268.793000
36658.406552	266.612000
36709.784034	263.996000
36759.183899	261.292000
36803.971038	259.101000
36857.909726	256.228000
36908.640568	253.907000
36968.391602	250.909000
37008.765737	249.006000
37074.563420	245.758000
37106.873001	244.176000
37180.935124	240.610000
37223.461459	238.619000
37290.734864	235.224000
37318.139887	233.968000
37397.350593	230.037000
37422.679166	228.921000
37505.377512	224.914000
37529.617492	223.869000
37622.580968	219.529000
37642.799014	218.704000
37747.580214	214.047000
37751.462285	213.900000
37868.475449	209.540000
37892.592902	208.688000
38034.843023	203.901000
38049.542311	203.459000
38212.521547	198.715000
38216.608588	198.617000
38383.417983	193.926000
38398.828358	193.538000
38600.553354	198.617000
38604.038181	198.715000
38801.884361	203.459000
38817.069188	203.901000
38976.267138	208.688000
39001.585104	209.540000
39125.003057	213.900000
39128.948226	214.047000
39251.933312	218.704000
39270.495581	219.529000
39376.854752	223.869000
39399.238815	224.914000
39492.185802	228.921000
39515.218333	230.037000
39604.435734	233.968000
39629.744472	235.224000
39703.820947	238.619000
39743.273480	240.610000
39819.440688	244.176000
39852.297188	245.758000
39918.631901	249.006000
39957.182699	250.909000
40020.788404	253.907000
40067.046626	256.228000
40129.842710	259.101000
40170.977295	261.292000
40226.250880	263.996000
40274.043057	266.612000
40316.877265	268.793000
40366.492644	271.601000
40412.797581	274.037000
40460.116058	276.755000
40499.600758	278.949000
40551.267540	282.056000
40579.600129	283.681000
40636.360514	287.172000
40665.888534	288.916000
40715.732914	292.052000
40746.491970	293.920000
40807.952517	297.810000
40821.969549	298.680000
40881.285790	302.446000
40903.679842	303.864000
40968.884830	307.959000
40987.048380	309.113000
41048.962581	312.979000
41065.527806	314.026000
41132.935927	318.264000
41147.545600	319.214000
41212.018810	323.373000
41226.740301	324.327000
41293.208184	328.662000
41310.391193	329.779000
41369.879339	333.681000
41380.990042	334.400000
41450.620850	338.969000
41464.913107	339.886000
41528.670922	344.079000
41542.086368	344.932000
41605.487826	349.213000
41616.466121	349.919000
41681.052321	354.326000
41692.793947	355.093000
41756.514257	359.503000
41766.248172	360.144000
41829.987370	364.580000
41838.061691	365.127000
41902.306495	369.562000
41912.081888	370.228000
41978.204989	374.776000
41985.534093	375.273000
42054.235607	379.967000
42055.930556	380.081000
42128.135009	384.951000
42137.871735	385.599000
42205.002866	390.076000
42207.129770	390.217000
42278.027719	394.906000
42284.638779	395.342000
42361.919029	400.437000
42362.087983	400.448000
42433.266409	405.127000
42436.294210	405.327000
42513.758905	410.396000
42514.753052	410.461000
42586.165845	415.167000
42590.511198	415.453000
42667.121148	420.465000
42669.247189	420.606000
42739.391803	425.214000
42744.063016	425.527000
42815.640750	430.208000
42825.356317	430.860000
42895.372143	435.436000
42897.849442	435.603000
42969.283157	440.307000
42975.594236	440.736000
43040.551002	445.054000
43052.130712	445.844000
43121.149261	450.473000
43128.208203	450.952000
43189.728032	455.120000
43199.342285	455.775000
43264.326008	460.219000
43274.866538	460.935000
43340.183952	465.384000
43347.328508	465.863000
43411.825911	470.271000
43423.298934	471.035000
43479.734077	474.886000
43493.512464	475.799000
43564.416744	480.636000
43570.162010	481.018000
43629.414528	485.093000
43641.239910	485.881000
43701.063443	490.016000
43713.169314	490.828000
43781.550841	495.543000
43786.896099	495.899000
43850.297086	500.264000
43858.574936	500.816000
43918.888081	504.993000
43932.417089	505.892000
44000.847544	510.628000
44005.035738	510.905000
44064.786713	515.009000
44078.967924	515.951000
44142.166160	520.310000
44156.479054	521.262000
44216.379510	525.407000
44228.313570	526.200000
44285.674901	530.132000
44308.006096	531.621000
44364.776280	535.482000
44382.256540	536.643000
44435.953053	540.271000
44459.879204	541.860000
44509.588420	545.240000
44539.395888	547.207000
44586.329758	550.396000
44621.609767	552.740000
44659.261872	555.319000
44687.391752	557.222000
44735.573930	560.510000
44778.024772	563.398000
44805.263278	565.259000
44845.098544	567.944000
44881.646286	570.435000
44929.983062	573.708000
44957.224801	575.583000
44998.558382	578.414000
45022.303302	580.041000
45080.103737	584.004000
45100.388473	585.387000
45155.099080	589.133000
45172.605592	590.322000
45226.000033	593.970000
45240.755862	594.976000
45309.659414	599.676000
45317.577132	600.215000
45378.514080	604.365000
45391.924784	605.275000
45457.480950	609.742000
45460.508309	609.946000
45534.331897	614.938000
45535.968647	615.047000
45612.007175	620.125000
45612.478372	620.156000
45680.814513	624.711000
45688.823179	625.251000
45756.547365	629.762000
45767.419466	630.487000
45836.339541	635.066000
45847.838648	635.831000
45901.819281	639.443000
45918.696444	640.576000
45981.424947	644.808000
45997.151422	645.863000
46054.376377	649.733000
46077.665032	651.291000
46125.323711	654.497000
46146.736485	655.922000
46206.879538	659.955000
46225.335068	661.171000
46284.603277	665.158000
46302.979400	666.365000
46361.213207	670.252000
46376.634729	671.262000
46437.034628	675.264000
46451.745525	676.219000
46519.842398	680.725000
46531.184865	681.456000
46595.407567	685.713000
46608.916546	686.579000
46675.215072	690.946000
46681.102680	691.321000
46752.448400	695.965000
46760.706106	696.486000
46838.878659	701.538000
46841.102712	701.679000
46910.335375	706.200000
46915.232660	706.510000
46994.230134	711.622000
46996.991859	711.800000
47073.634709	716.654000
47074.533860	716.712000
47150.073766	721.468000
47158.752602	722.031000
47235.434506	726.860000
47236.913087	726.956000
47309.796630	731.529000
47326.345093	732.597000
47388.107183	736.508000
47399.454260	737.234000
47472.940662	741.883000
47485.672060	742.696000
47543.491729	746.330000
47567.603505	747.857000
47630.590853	751.774000
47648.080948	752.874000
47708.052975	756.568000
47734.887900	758.249000
47787.134956	761.437000
47813.036891	763.056000
47873.141558	766.695000
47903.596339	768.581000
47952.332145	771.533000
47985.890031	773.590000
48036.276541	776.646000
48068.629012	778.612000
48113.694754	781.338000
48156.660402	783.938000
48202.091790	786.666000
48243.538556	789.177000
48285.481947	791.687000
48323.016228	793.950000
48362.494133	796.300000
48416.312696	799.545000
48452.439488	801.682000
48497.261391	804.383000
48536.295754	806.688000
48589.162426	809.887000
48617.819657	811.571000
48663.000538	814.309000
48698.877983	816.435000
48766.350848	820.512000
48793.924910	822.142000
48837.910081	824.789000
48866.898729	826.486000
48930.396934	830.260000
48953.769656	831.612000
49023.064964	835.709000
49051.492019	837.345000
49103.915735	840.422000
49121.852469	841.453000
49194.789148	845.705000
49217.619903	847.005000
49291.674580	851.273000
49306.986934	852.137000
49367.914323	855.657000
49389.826913	856.878000
49469.768811	861.510000
49477.783116	861.959000
49555.535395	866.446000
49573.056505	867.425000
49644.055247	871.471000
49653.983340	872.022000
49737.444611	876.717000
49743.436608	877.046000
49834.916273	882.148000
49842.272038	882.547000
49916.823583	886.678000
49928.712958	887.323000
50014.358658	892.037000
50016.277767	892.142000
50109.087198	897.169000
50113.232674	897.393000
50200.952886	902.187000
50204.157845	902.359000
50292.551560	907.125000
50296.515874	907.335000
50388.248914	912.205000
50391.216104	912.361000
50485.294036	917.323000
50488.104476	917.470000
50578.841734	922.229000
50582.294099	922.408000
50674.703073	927.215000
50682.173894	927.604000
50769.825795	932.097000
50780.024970	932.622000
50873.661446	937.407000
50875.795548	937.516000
50967.436509	942.196000
50976.603331	942.662000
51063.674929	947.085000
51075.887406	947.704000
51164.573142	952.164000
51178.900302	952.884000
51268.549121	957.385000
51269.520240	957.434000
51358.641802	961.932000
51379.296937	962.959000
51469.371431	967.435000
51479.275686	967.924000
51565.351270	972.128000
51571.939536	972.451000
51665.788846	977.004000
51687.741224	978.083000
51773.423472	982.195000
51785.223788	982.771000
51867.659269	986.758000
51891.866257	987.924000
51957.262316	991.076000
51993.519744	992.804000
52041.277855	995.084000
52099.928247	997.855000
52107.387933	998.206000
52163.235407	1000.847000
52176.860730	1001.484000
52191.920809	1002.187000
52192.156795	1002.198000
52193.101964	1002.242000
52195.228860	1002.341000
52196.153226	1002.384000
52196.991349	1002.423000
52197.550469	1002.449000
52198.303159	1002.484000
52201.787633	1002.646000
52202.239663	1002.667000
52203.920162	1002.746000
52206.331948	1002.858000
52207.753772	1002.924000
52208.335465	1002.951000
52236.084470	1004.241000
52279.764945	1006.265000
52321.479982	1008.185000
52324.253285	1008.312000
52384.237159	1011.069000
52422.137991	1012.790000
52441.993909	1013.694000
52503.832544	1016.486000
52543.363009	1018.260000
52561.645145	1019.081000
52629.736364	1022.122000
52649.810847	1023.017000
52695.633522	1025.063000
52762.790250	1028.037000
52773.602431	1028.514000
52881.011486	1033.223000
52883.195670	1033.317000
52989.257588	1037.998000
52997.746758	1038.358000
53104.812323	1042.983000
53116.004499	1043.457000
53224.646909	1047.998000
53241.775802	1048.705000
53353.265856	1053.322000
53359.193737	1053.565000
53471.009094	1058.135000
53473.879832	1058.251000
53607.427390	1063.635000
53609.293218	1063.709000
53729.530371	1068.466000
53737.395395	1068.775000
53854.925736	1073.364000
53867.273992	1073.837000
53991.050663	1078.574000
53996.719922	1078.790000
54133.412112	1083.945000
54148.336125	1084.508000
54258.654437	1088.725000
54262.703351	1088.878000
54394.571701	1093.785000
54409.253420	1094.324000
54541.432780	1099.230000
54553.379035	1099.661000
54673.657059	1103.978000
54688.608578	1104.507000
54820.924326	1109.196000
54835.606208	1109.708000
54973.823859	1114.501000
54994.688607	1115.229000
55104.371560	1119.011000
55131.393691	1119.935000
55271.870559	1124.719000
55290.083650	1125.319000
55416.958356	1129.518000
55452.651001	1130.659000
55567.068622	1134.322000
55599.866145	1135.328000
55758.902364	1140.196000
55786.324111	1140.987000
55896.555194	1144.203000
55963.673334	1146.099000
56104.814083	1150.121000
56133.403304	1150.883000
56278.720923	1154.994000
56345.768565	1156.713000
56462.865554	1159.910000
56521.966391	1161.390000
56660.306243	1165.080000
56728.711890	1166.760000
56877.148188	1170.514000
56935.055176	1171.876000
57067.716599	1175.044000
57170.207311	1177.282000
57313.204180	1180.449000
57396.784362	1182.155000
57570.775509	1185.630000
57670.097387	1187.380000
57842.544501	1190.531000
57976.124742	1192.585000
58139.914494	1195.323000
58303.604387	1197.710000
58513.642190	1201.028000
58630.166678	1202.316000
58827.499434	1205.125000
59159.113600	1207.958000
59417.012507	1210.760000
59860.408250	1212.632000
60133.447579	1215.552000
60581.531300	1210.760000
61245.203775	1207.958000
61505.955954	1205.125000
61834.760822	1202.316000
61925.243054	1201.028000
62225.420267	1197.710000
62376.523412	1195.323000
62564.283332	1192.585000
62687.155557	1190.531000
62892.078312	1187.380000
62987.851859	1185.630000
63185.076731	1182.155000
63270.495119	1180.449000
63425.652467	1177.282000
63526.702986	1175.044000
63671.783672	1171.876000
63728.818034	1170.514000
63888.423638	1166.760000
63954.852242	1165.080000
64105.100360	1161.390000
64160.586263	1159.910000
64288.252057	1156.713000
64351.214122	1154.994000
64511.559008	1150.883000
64538.494553	1150.121000
64689.394613	1146.099000
64755.929387	1144.203000
64869.775345	1140.987000
64896.887530	1140.196000
65065.647410	1135.328000
65098.513153	1134.322000
65217.933954	1130.659000
65253.574278	1129.518000
65384.926962	1125.319000
65403.056237	1124.719000
65548.275282	1119.935000
65575.407520	1119.011000
65686.011091	1115.229000
65707.124044	1114.501000
65844.493185	1109.708000
65859.257933	1109.196000
65993.717590	1104.507000
66008.645087	1103.978000
66130.659660	1099.661000
66142.667959	1099.230000
66278.650158	1094.324000
66293.172106	1093.785000
66426.832943	1088.878000
66430.944591	1088.725000
66542.541126	1084.508000
66557.269419	1083.945000
66693.918241	1078.790000
66699.645790	1078.574000
66823.975791	1073.837000
66836.335167	1073.364000
66956.136745	1068.775000
66964.050642	1068.466000
67085.131290	1063.709000
67087.001702	1063.635000
67222.753291	1058.251000
67225.630616	1058.135000
67338.727789	1053.565000
67344.673332	1053.322000
67457.303090	1048.705000
67474.375533	1047.998000
67584.392935	1043.457000
67595.733279	1042.983000
67704.939642	1038.358000
67713.273394	1037.998000
67823.656184	1033.317000
67825.786033	1033.223000
67935.204324	1028.514000
67946.084366	1028.037000
68013.496165	1025.063000
68059.697465	1023.017000
68079.742086	1022.122000
68147.950469	1019.081000
68166.333530	1018.260000
68205.837196	1016.486000
68268.051997	1013.694000
68288.074249	1012.790000
68325.875174	1011.069000
68386.591382	1008.312000
68389.354513	1008.185000
68431.281601	1006.265000
68475.256203	1004.241000
68503.096031	1002.951000
68503.676824	1002.924000
68505.098739	1002.858000
68507.511532	1002.746000
68509.212703	1002.667000
68509.659418	1002.646000
68513.146504	1002.484000
68513.899322	1002.449000
68514.458464	1002.423000
68515.297144	1002.384000
68516.221228	1002.341000
68518.349422	1002.242000
68519.294709	1002.198000
68519.531001	1002.187000
68534.612632	1001.484000
68548.258820	1000.847000
68604.749367	998.206000
68612.171731	997.855000
68671.062876	995.084000
68719.320867	992.804000
68755.516488	991.076000
68821.652723	987.924000
68845.844285	986.758000
68928.617235	982.771000
68940.526650	982.195000
69024.767798	978.083000
69047.251053	977.004000
69139.882358	972.451000
69146.540238	972.128000
69232.289681	967.924000
69242.301803	967.435000
69332.959157	962.959000
69353.626383	961.932000
69444.090645	957.434000
69445.061511	957.385000
69534.265706	952.884000
69548.606331	952.164000
69637.355122	947.704000
69649.663748	947.085000
69736.926732	942.662000
69746.100452	942.196000
69838.162097	937.516000
69840.296470	937.407000
69933.981608	932.622000
69944.255203	932.097000
70031.540716	927.604000
70039.129541	927.215000
70131.448912	922.408000
70134.889978	922.229000
70226.676599	917.470000
70229.479368	917.323000
70324.346055	912.361000
70327.303765	912.205000
70419.933359	907.335000
70423.888993	907.125000
70513.860041	902.359000
70517.050078	902.187000
70606.378991	897.393000
70610.477724	897.169000
70703.510365	892.142000
70705.448895	892.037000
70791.607741	887.323000
70803.326341	886.678000
70879.473639	882.547000
70886.674333	882.148000
70980.732272	877.046000
70986.631293	876.717000
71072.140186	872.022000
71081.935109	871.471000
71154.837223	867.425000
71172.016602	866.446000
71252.320199	861.959000
71260.100626	861.510000
71342.778271	856.878000
71363.851038	855.657000
71427.022468	852.137000
71441.977373	851.273000
71517.617567	847.005000
71540.174053	845.705000
71614.848183	841.453000
71632.533441	840.422000
71686.065282	837.345000
71713.938275	835.709000
71785.127542	831.612000
71807.994825	830.260000
71873.237911	826.486000
71901.790230	824.789000
71947.007055	822.142000
71974.092747	820.512000
72043.061735	816.435000
72078.246261	814.309000
72124.451550	811.571000
72152.239937	809.887000
72206.678467	806.688000
72244.770895	804.383000
72290.511378	801.682000
72325.973950	799.545000
72380.831901	796.300000
72419.806824	793.950000
72457.823206	791.687000
72499.454246	789.177000
72541.414349	786.666000
72586.442934	783.938000
72629.742643	781.338000
72674.790473	778.612000
72707.292031	776.646000
72757.581529	773.590000
72791.496795	771.533000
72839.655705	768.581000
72870.792469	766.695000
72929.554373	763.056000
72956.295086	761.437000
73007.299019	758.249000
73034.848360	756.568000
73093.818149	752.874000
73111.676630	751.774000
73173.957269	747.857000
73198.512204	746.330000
73255.894125	742.696000
73268.829565	741.883000
73341.631865	737.234000
73353.107694	736.508000
73414.234992	732.597000
73431.100732	731.529000
73501.958526	726.956000
73503.488554	726.860000
73577.864216	722.031000
73586.804351	721.468000
73660.119707	716.712000
73661.040926	716.654000
73736.290561	711.800000
73739.101114	711.622000
73818.415384	706.510000
73823.205919	706.200000
73894.627304	701.679000
73896.786518	701.538000
73976.473884	696.486000
73984.535622	695.965000
74058.141733	691.321000
74063.902854	690.946000
74132.466015	686.579000
74145.613376	685.713000
74212.019519	681.456000
74223.047660	680.725000
74292.964426	676.219000
74307.396852	675.264000
74369.043983	671.262000
74384.287336	670.252000
74443.637294	666.365000
74461.720187	665.158000
74522.420769	661.171000
74540.497053	659.955000
74601.706883	655.922000
74622.957527	654.497000
74671.132514	651.291000
74694.292908	649.733000
74752.140850	645.863000
74767.740935	644.808000
74830.825713	640.576000
74847.619521	639.443000
74901.423855	635.831000
74912.856631	635.066000
74981.685925	630.487000
74992.598145	629.762000
75060.245109	625.251000
75068.352194	624.711000
75135.906772	620.156000
75136.371848	620.125000
75213.556945	615.047000
75215.189123	614.938000
75290.149231	609.946000
75293.166061	609.742000
75359.456312	605.275000
75372.811161	604.365000
75433.969866	600.215000
75441.884327	599.676000
75510.925657	594.976000
75525.673949	593.970000
75579.182163	590.322000
75596.585121	589.133000
75651.740203	585.387000
75671.939020	584.004000
75730.065128	580.041000
75753.794957	578.414000
75795.111408	575.583000
75822.487058	573.708000
75870.040236	570.435000
75906.828171	567.944000
75946.222265	565.259000
75973.832481	563.398000
76016.102661	560.510000
76064.433121	557.222000
76092.319582	555.319000
76130.442000	552.740000
76164.663223	550.396000
76212.661494	547.207000
76241.610670	545.240000
76292.830417	541.860000
76316.199631	540.271000
76370.827748	536.643000
76388.011224	535.482000
76446.143252	531.621000
76468.036752	530.132000
76527.006704	526.200000
76538.575253	525.407000
76600.954420	521.262000
76614.712016	520.310000
76680.247633	515.951000
76693.905063	515.009000
76755.688170	510.905000
76759.721070	510.628000
76831.328592	505.892000
76844.318241	504.993000
76907.177716	500.816000
76915.148234	500.264000
76980.606229	495.899000
76985.777077	495.543000
77056.571723	490.828000
77068.348139	490.016000
77129.995648	485.881000
77141.396118	485.093000
77202.548950	481.018000
77208.103419	480.636000
77280.851727	475.799000
77294.235148	474.886000
77352.351870	471.035000
77363.548039	470.271000
77429.743180	465.863000
77436.751858	465.384000
77503.111215	460.935000
77513.623076	460.219000
77579.045020	455.775000
77588.622954	455.120000
77649.801896	450.952000
77656.871953	450.473000
77725.088740	445.844000
77736.867667	445.054000
77800.160312	440.736000
77806.613867	440.307000
77875.815062	435.603000
77878.351080	435.436000
77946.232022	430.860000
77956.208054	430.208000
78025.960457	425.527000
78030.746578	425.214000
78099.516375	420.606000
78101.662727	420.465000
78177.235215	415.453000
78181.606813	415.167000
78253.107626	410.461000
78254.093990	410.396000
78331.622159	405.327000
78334.678568	405.127000
78405.513979	400.448000
78405.681315	400.437000
78483.938047	395.342000
78490.551234	394.906000
78561.650460	390.217000
78563.782388	390.076000
78631.315359	385.599000
78641.031904	384.951000
78714.207610	380.081000
78715.897817	379.967000
78785.688108	375.273000
78792.962214	374.776000
78860.030156	370.228000
78869.713091	369.562000
78934.808986	365.127000
78942.732754	364.580000
79008.212991	360.144000
79017.423277	359.503000
79084.391396	355.093000
79095.473818	354.326000
79162.938415	349.919000
79173.285103	349.213000
79239.854626	344.932000
79252.487526	344.079000
79318.432381	339.886000
79332.376077	338.969000
79403.587988	334.400000
79414.545430	333.681000
79474.843012	329.779000
79491.872295	328.662000
79558.558370	324.327000
79573.185904	323.373000
79637.364816	319.214000
79652.091806	318.264000
79717.266329	314.026000
79733.919538	312.979000
79795.085882	309.113000
79813.567255	307.959000
79878.021100	303.864000
79900.600019	302.446000
79960.075336	298.680000
79973.778238	297.810000
80036.452095	293.920000
80065.965797	292.052000
80117.604128	288.916000
80145.323706	287.172000
80204.430540	283.681000
80230.851515	282.056000
80285.023426	278.949000
80321.507790	276.755000
80370.422747	274.037000
80412.831801	271.601000
80466.207936	268.793000
80504.744667	266.612000
80556.122149	263.996000
80605.522014	261.292000
80650.309153	259.101000
80704.247840	256.228000
80754.978683	253.907000
80814.729717	250.909000
80855.103852	249.006000
80920.901535	245.758000
80953.211115	244.176000
81027.273238	240.610000
81069.799573	238.619000
81137.072979	235.224000
81164.478001	233.968000
81243.688708	230.037000
81269.017281	228.921000
81351.715626	224.914000
81375.955606	223.869000
81468.919083	219.529000
81489.137128	218.704000
81593.918328	214.047000
81597.800400	213.900000
81714.813564	209.540000
81738.931017	208.688000
81881.181137	203.901000
81895.880426	203.459000
82058.859661	198.715000
82062.946703	198.617000
82229.756097	193.926000
82245.166473	193.538000
82446.891469	198.617000
82450.376295	198.715000
82648.222475	203.459000
82663.407303	203.901000
82822.605253	208.688000
82847.923219	209.540000
82971.341172	213.900000
82975.286340	214.047000
83098.271426	218.704000
83116.833696	219.529000
83223.192867	223.869000
83245.576930	224.914000
83338.523916	228.921000
83361.556448	230.037000
83450.773849	233.968000
83476.082586	235.224000
83550.159062	238.619000
83589.611595	240.610000
83665.778802	244.176000
83698.635302	245.758000
83764.970016	249.006000
83803.520814	250.909000
83867.126519	253.907000
83913.384741	256.228000
83976.180824	259.101000
84017.315410	261.292000
84072.588995	263.996000
84120.381172	266.612000
84163.215380	268.793000
84212.830758	271.601000
84259.135696	274.037000
84306.454173	276.755000
84345.938873	278.949000
84397.605655	282.056000
84425.938244	283.681000
84482.698628	287.172000
84512.226648	288.916000
84562.071028	292.052000
84592.830085	293.920000
84654.290632	297.810000
84668.307664	298.680000
84727.623904	302.446000
84750.017956	303.864000
84815.222944	307.959000
84833.386494	309.113000
84895.300695	312.979000
84911.865921	314.026000
84979.274041	318.264000
84993.883715	319.214000
85058.356925	323.373000
85073.078416	324.327000
85139.546298	328.662000
85156.729308	329.779000
85216.217453	333.681000
85227.328156	334.400000
85296.958965	338.969000
85311.251222	339.886000
85375.009037	344.079000
85388.424482	344.932000
85451.825940	349.213000
85462.804236	349.919000
85527.390436	354.326000
85539.132062	355.093000
85602.852372	359.503000
85612.586287	360.144000
85676.325485	364.580000
85684.399806	365.127000
85748.644609	369.562000
85758.420002	370.228000
85824.543103	374.776000
85831.872208	375.273000
85900.573721	379.967000
85902.268671	380.081000
85974.473123	384.951000
85984.209849	385.599000
86051.340981	390.076000
86053.467884	390.217000
86124.365833	394.906000
86130.976894	395.342000
86208.257143	400.437000
86208.426098	400.448000
86279.604523	405.127000
86282.632324	405.327000
86360.097019	410.396000
86361.091166	410.461000
86432.503960	415.167000
86436.849313	415.453000
86513.459262	420.465000
86515.585304	420.606000
86585.729918	425.214000
86590.401130	425.527000
86661.978864	430.208000
86671.694431	430.860000
86741.710258	435.436000
86744.187556	435.603000
86815.621272	440.307000
86821.932350	440.736000
86886.889117	445.054000
86898.468827	445.844000
86967.487376	450.473000
86974.546317	450.952000
87036.066147	455.120000
87045.680400	455.775000
87110.664123	460.219000
87121.204652	460.935000
87186.522066	465.384000
87193.666623	465.863000
87258.164025	470.271000
87269.637049	471.035000
87326.072192	474.886000
87339.850579	475.799000
87410.754858	480.636000
87416.500125	481.018000
87475.752643	485.093000
87487.578025	485.881000
87547.401558	490.016000
87559.507429	490.828000
87627.888955	495.543000
87633.234214	495.899000
87696.635201	500.264000
87704.913050	500.816000
87765.226196	504.993000
87778.755204	505.892000
87847.185659	510.628000
87851.373852	510.905000
87911.124828	515.009000
87925.306038	515.951000
87988.504274	520.310000
88002.817169	521.262000
88062.717624	525.407000
88074.651684	526.200000
88132.013015	530.132000
88154.344210	531.621000
88211.114395	535.482000
88228.594655	536.643000
88282.291167	540.271000
88306.217319	541.860000
88355.926535	545.240000
88385.734003	547.207000
88432.667873	550.396000
88467.947881	552.740000
88505.599987	555.319000
88533.729867	557.222000
88581.912045	560.510000
88624.362886	563.398000
88651.601393	565.259000
88691.436659	567.944000
88727.984401	570.435000
88776.321177	573.708000
88803.562915	575.583000
88844.896497	578.414000
88868.641416	580.041000
88926.441852	584.004000
88946.726588	585.387000
89001.437195	589.133000
89018.943706	590.322000
89072.338148	593.970000
89087.093976	594.976000
89155.997528	599.676000
89163.915247	600.215000
89224.852194	604.365000
89238.262898	605.275000
89303.819065	609.742000
89306.846423	609.946000
89380.670012	614.938000
89382.306761	615.047000
89458.345290	620.125000
89458.816487	620.156000
89527.152628	624.711000
89535.161294	625.251000
89602.885479	629.762000
89613.757581	630.487000
89682.677656	635.066000
89694.176762	635.831000
89748.157396	639.443000
89765.034559	640.576000
89827.763062	644.808000
89843.489537	645.863000
89900.714491	649.733000
89924.003146	651.291000
89971.661825	654.497000
89993.074600	655.922000
90053.217652	659.955000
90071.673183	661.171000
90130.941392	665.158000
90149.317515	666.365000
90207.551321	670.252000
90222.972844	671.262000
90283.372743	675.264000
90298.083640	676.219000
90366.180512	680.725000
90377.522979	681.456000
90441.745682	685.713000
90455.254660	686.579000
90521.553186	690.946000
90527.440795	691.321000
90598.786515	695.965000
90607.044220	696.486000
90685.216773	701.538000
90687.440827	701.679000
90756.673489	706.200000
90761.570775	706.510000
90840.568248	711.622000
90843.329973	711.800000
90919.972823	716.654000
90920.871974	716.712000
90996.411881	721.468000
91005.090717	722.031000
91081.772621	726.860000
91083.251201	726.956000
91156.134744	731.529000
91172.683208	732.597000
91234.445297	736.508000
91245.792374	737.234000
91319.278777	741.883000
91332.010175	742.696000
91389.829844	746.330000
91413.941619	747.857000
91476.928968	751.774000
91494.419063	752.874000
91554.391090	756.568000
91581.226015	758.249000
91633.473071	761.437000
91659.375005	763.056000
91719.479672	766.695000
91749.934454	768.581000
91798.670260	771.533000
91832.228145	773.590000
91882.614656	776.646000
91914.967127	778.612000
91960.032868	781.338000
92002.998517	783.938000
92048.429904	786.666000
92089.876670	789.177000
92131.820062	791.687000
92169.354343	793.950000
92208.832247	796.300000
92262.650810	799.545000
92298.777603	801.682000
92343.599506	804.383000
92382.633868	806.688000
92435.500540	809.887000
92464.157772	811.571000
92509.338653	814.309000
92545.216098	816.435000
92612.688963	820.512000
92640.263025	822.142000
92684.248195	824.789000
92713.236843	826.486000
92776.735049	830.260000
92800.107771	831.612000
92869.403079	835.709000
92897.830133	837.345000
92950.253850	840.422000
92968.190583	841.453000
93041.127262	845.705000
93063.958017	847.005000
93138.012694	851.273000
93153.325048	852.137000
93214.252437	855.657000
93236.165027	856.878000
93316.106926	861.510000
93324.121231	861.959000
93401.873509	866.446000
93419.394620	867.425000
93490.393362	871.471000
93500.321455	872.022000
93583.782726	876.717000
93589.774723	877.046000
93681.254387	882.148000
93688.610153	882.547000
93763.161697	886.678000
93775.051072	887.323000
93860.696773	892.037000
93862.615881	892.142000
93955.425312	897.169000
93959.570789	897.393000
94047.291001	902.187000
94050.495960	902.359000
94138.889675	907.125000
94142.853989	907.335000
94234.587028	912.205000
94237.554218	912.361000
94331.632150	917.323000
94334.442590	917.470000
94425.179849	922.229000
94428.632214	922.408000
94521.041188	927.215000
94528.512009	927.604000
94616.163910	932.097000
94626.363085	932.622000
94719.999560	937.407000
94722.133663	937.516000
94813.774623	942.196000
94822.941445	942.662000
94910.013043	947.085000
94922.225520	947.704000
95010.911257	952.164000
95025.238416	952.884000
95114.887235	957.385000
95115.858354	957.434000
95204.979917	961.932000
95225.635052	962.959000
95315.709545	967.435000
95325.613801	967.924000
95411.689384	972.128000
95418.277650	972.451000
95512.126960	977.004000
95534.079338	978.083000
95619.761586	982.195000
95631.561903	982.771000
95713.997384	986.758000
95738.204371	987.924000
95803.600430	991.076000
95839.857858	992.804000
95887.615969	995.084000
95946.266361	997.855000
95953.726048	998.206000
96009.573522	1000.847000
96023.198845	1001.484000
96038.258924	1002.187000
96038.494910	1002.198000
96039.440078	1002.242000
96041.566974	1002.341000
96042.491341	1002.384000
96043.329464	1002.423000
96043.888584	1002.449000
96044.641274	1002.484000
96048.125748	1002.646000
96048.577777	1002.667000
96050.258276	1002.746000
96052.670062	1002.858000
96054.091887	1002.924000
96054.673580	1002.951000
96082.422585	1004.241000
96126.103060	1006.265000
96167.818097	1008.185000
96170.591399	1008.312000
96230.575273	1011.069000
96268.476105	1012.790000
96288.332024	1013.694000
96350.170658	1016.486000
96389.701123	1018.260000
96407.983259	1019.081000
96476.074478	1022.122000
96496.148961	1023.017000
96541.971636	1025.063000
96609.128364	1028.037000
96619.940546	1028.514000
96727.349601	1033.223000
96729.533784	1033.317000
96835.595703	1037.998000
96844.084872	1038.358000
96951.150437	1042.983000
96962.342614	1043.457000
97070.985024	1047.998000
97088.113917	1048.705000
97199.603970	1053.322000
97205.531852	1053.565000
97317.347208	1058.135000
97320.217946	1058.251000
97453.765505	1063.635000
97455.631333	1063.709000
97575.868485	1068.466000
97583.733510	1068.775000
97701.263851	1073.364000
97713.612107	1073.837000
97837.388777	1078.574000
97843.058036	1078.790000
97979.750226	1083.945000
97994.674239	1084.508000
98104.992552	1088.725000
98109.041466	1088.878000
98240.909816	1093.785000
98255.591534	1094.324000
98387.770895	1099.230000
98399.717150	1099.661000
98519.995173	1103.978000
98534.946693	1104.507000
98667.262440	1109.196000
98681.944322	1109.708000
98820.161974	1114.501000
98841.026721	1115.229000
98950.709675	1119.011000
98977.731806	1119.935000
99118.208674	1124.719000
99136.421765	1125.319000
99263.296471	1129.518000
99298.989115	1130.659000
99413.406737	1134.322000
99446.204260	1135.328000
99605.240479	1140.196000
99632.662226	1140.987000
99742.893309	1144.203000
99810.011448	1146.099000
99951.152198	1150.121000
99979.741419	1150.883000
100125.059037	1154.994000
100192.106680	1156.713000
100309.203668	1159.910000
100368.304505	1161.390000
100506.644357	1165.080000
100575.050005	1166.760000
100723.486302	1170.514000
100781.393290	1171.876000
100914.054714	1175.044000
101016.545426	1177.282000
101159.542294	1180.449000
101243.122476	1182.155000
101417.113624	1185.630000
101516.435502	1187.380000
101688.882615	1190.531000
101822.462856	1192.585000
101986.252609	1195.323000
102149.942502	1197.710000
102359.980305	1201.028000
102476.504793	1202.316000
102673.837548	1205.125000
103005.451714	1207.958000
103263.350622	1210.760000
103706.746365	1212.632000
103979.785694	1215.552000
104427.869415	1210.760000
105091.541890	1207.958000
105352.294068	1205.125000
105681.098937	1202.316000
105771.581168	1201.028000
106071.758382	1197.710000
106222.861527	1195.323000
106410.621446	1192.585000
106533.493671	1190.531000
106738.416427	1187.380000
106834.189974	1185.630000
107031.414846	1182.155000
107116.833234	1180.449000
107271.990582	1177.282000
107373.041101	1175.044000
107518.121787	1171.876000
107575.156149	1170.514000
107734.761752	1166.760000
107801.190356	1165.080000
107951.438475	1161.390000
108006.924377	1159.910000
108134.590172	1156.713000
108197.552237	1154.994000
108357.897123	1150.883000
108384.832668	1150.121000
108535.732728	1146.099000
108602.267502	1144.203000
108716.113460	1140.987000
108743.225645	1140.196000
108911.985525	1135.328000
108944.851268	1134.322000
109064.272069	1130.659000
109099.912393	1129.518000
109231.265077	1125.319000
109249.394351	1124.719000
109394.613396	1119.935000
109421.745634	1119.011000
109532.349205	1115.229000
109553.462159	1114.501000
109690.831299	1109.708000
109705.596047	1109.196000
109840.055705	1104.507000
109854.983201	1103.978000
109976.997775	1099.661000
109989.006074	1099.230000
110124.988273	1094.324000
110139.510221	1093.785000
110273.171057	1088.878000
110277.282705	1088.725000
110388.879241	1084.508000
110403.607533	1083.945000
110540.256355	1078.790000
110545.983904	1078.574000
110670.313905	1073.837000
110682.673281	1073.364000
110802.474859	1068.775000
110810.388757	1068.466000
110931.469404	1063.709000
110933.339816	1063.635000
111069.091406	1058.251000
111071.968731	1058.135000
111185.065904	1053.565000
111191.011447	1053.322000
111303.641205	1048.705000
111320.713647	1047.998000
111430.731050	1043.457000
111442.071394	1042.983000
111551.277756	1038.358000
111559.611508	1037.998000
111669.994299	1033.317000
111672.124147	1033.223000
111781.542439	1028.514000
111792.422481	1028.037000
111859.834280	1025.063000
111906.035579	1023.017000
111926.080200	1022.122000
111994.288583	1019.081000
112012.671645	1018.260000
112052.175310	1016.486000
112114.390112	1013.694000
112134.412363	1012.790000
112172.213288	1011.069000
112232.929496	1008.312000
112235.692627	1008.185000
112277.619715	1006.265000
112321.594317	1004.241000
112349.434145	1002.951000
112350.014938	1002.924000
112351.436854	1002.858000
112353.849647	1002.746000
112355.550817	1002.667000
112355.997532	1002.646000
112359.484619	1002.484000
112360.237437	1002.449000
112360.796578	1002.423000
112361.635259	1002.384000
112362.559343	1002.341000
112364.687536	1002.242000
112365.632823	1002.198000
112365.869115	1002.187000
112380.950747	1001.484000
112394.596935	1000.847000
112451.087482	998.206000
112458.509846	997.855000
112517.400990	995.084000
112565.658982	992.804000
112601.854602	991.076000
112667.990838	987.924000
112692.182400	986.758000
112774.955349	982.771000
112786.864764	982.195000
112871.105913	978.083000
112893.589168	977.004000
112986.220473	972.451000
112992.878352	972.128000
113078.627796	967.924000
113088.639918	967.435000
113179.297271	962.959000
113199.964498	961.932000
113290.428759	957.434000
113291.399625	957.385000
113380.603821	952.884000
113394.944445	952.164000
113483.693237	947.704000
113496.001862	947.085000
113583.264847	942.662000
113592.438567	942.196000
113684.500212	937.516000
113686.634585	937.407000
113780.319723	932.622000
113790.593317	932.097000
113877.878830	927.604000
113885.467655	927.215000
113977.787026	922.408000
113981.228093	922.229000
114073.014714	917.470000
114075.817483	917.323000
114170.684170	912.361000
114173.641880	912.205000
114266.271473	907.335000
114270.227107	907.125000
114360.198155	902.359000
114363.388193	902.187000
114452.717105	897.393000
114456.815839	897.169000
114549.848479	892.142000
114551.787009	892.037000
114637.945856	887.323000
114649.664455	886.678000
114725.811754	882.547000
114733.012448	882.148000
114827.070386	877.046000
114832.969408	876.717000
114918.478301	872.022000
114928.273223	871.471000
115001.175338	867.425000
115018.354717	866.446000
115098.658314	861.959000
115106.438740	861.510000
115189.116385	856.878000
115210.189153	855.657000
115273.360583	852.137000
115288.315487	851.273000
115363.955682	847.005000
115386.512167	845.705000
115461.186297	841.453000
115478.871555	840.422000
115532.403396	837.345000
115560.276390	835.709000
115631.465657	831.612000
115654.332939	830.260000
115719.576025	826.486000
115748.128345	824.789000
115793.345169	822.142000
115820.430862	820.512000
115889.399850	816.435000
115924.584376	814.309000
115970.789664	811.571000
115998.578051	809.887000
116053.016581	806.688000
116091.109010	804.383000
116136.849493	801.682000
116172.312065	799.545000
116227.170016	796.300000
116266.144938	793.950000
116304.161320	791.687000
116345.792361	789.177000
116387.752463	786.666000
116432.781048	783.938000
116476.080758	781.338000
116521.128588	778.612000
116553.630146	776.646000
116603.919643	773.590000
116637.834909	771.533000
116685.993819	768.581000
116717.130584	766.695000
116775.892487	763.056000
116802.633201	761.437000
116853.637133	758.249000
116881.186475	756.568000
116940.156263	752.874000
116958.014744	751.774000
117020.295383	747.857000
117044.850319	746.330000
117102.232239	742.696000
117115.167680	741.883000
117187.969979	737.234000
117199.445808	736.508000
117260.573106	732.597000
117277.438847	731.529000
117348.296641	726.956000
117349.826669	726.860000
117424.202331	722.031000
117433.142466	721.468000
117506.457822	716.712000
117507.379040	716.654000
117582.628675	711.800000
117585.439229	711.622000
117664.753498	706.510000
117669.544033	706.200000
117740.965419	701.679000
117743.124632	701.538000
117822.811999	696.486000
117830.873737	695.965000
117904.479848	691.321000
117910.240968	690.946000
117978.804130	686.579000
117991.951490	685.713000
118058.357633	681.456000
118069.385774	680.725000
118139.302540	676.219000
118153.734967	675.264000
118215.382097	671.262000
118230.625450	670.252000
118289.975408	666.365000
118308.058301	665.158000
118368.758884	661.171000
118386.835167	659.955000
118448.044997	655.922000
118469.295642	654.497000
118517.470629	651.291000
118540.631023	649.733000
118598.478965	645.863000
118614.079050	644.808000
118677.163827	640.576000
118693.957635	639.443000
118747.761970	635.831000
118759.194745	635.066000
118828.024040	630.487000
118838.936259	629.762000
118906.583223	625.251000
118914.690308	624.711000
118982.244887	620.156000
118982.709963	620.125000
119059.895060	615.047000
119061.527238	614.938000
119136.487346	609.946000
119139.504175	609.742000
119205.794427	605.275000
119219.149276	604.365000
119280.307980	600.215000
119288.222441	599.676000
119357.263772	594.976000
119372.012064	593.970000
119425.520277	590.322000
119442.923235	589.133000
119498.078317	585.387000
119518.277135	584.004000
119576.403243	580.041000
119600.133071	578.414000
119641.449523	575.583000
119668.825173	573.708000
119716.378351	570.435000
119753.166285	567.944000
119792.560379	565.259000
119820.170595	563.398000
119862.440776	560.510000
119910.771235	557.222000
119938.657697	555.319000
119976.780114	552.740000
120011.001338	550.396000
120058.999608	547.207000
120087.948785	545.240000
120139.168531	541.860000
120162.537746	540.271000
120217.165862	536.643000
120234.349338	535.482000
120292.481367	531.621000
120314.374867	530.132000
120373.344819	526.200000
120384.913368	525.407000
120447.292535	521.262000
120461.050130	520.310000
120526.585747	515.951000
120540.243177	515.009000
120602.026285	510.905000
120606.059185	510.628000
120677.666706	505.892000
120690.656356	504.993000
120753.515830	500.816000
120761.486349	500.264000
120826.944343	495.899000
120832.115191	495.543000
120902.909838	490.828000
120914.686253	490.016000
120976.333763	485.881000
120987.734233	485.093000
121048.887064	481.018000
121054.441534	480.636000
121127.189841	475.799000
121140.573262	474.886000
121198.689984	471.035000
121209.886154	470.271000
121276.081294	465.863000
121283.089973	465.384000
121349.449330	460.935000
121359.961191	460.219000
121425.383134	455.775000
121434.961068	455.120000
121496.140011	450.952000
121503.210068	450.473000
121571.426855	445.844000
121583.205782	445.054000
121646.498426	440.736000
121652.951982	440.307000
121722.153177	435.603000
121724.689195	435.436000
121792.570137	430.860000
121802.546168	430.208000
121872.298572	425.527000
121877.084693	425.214000
121945.854490	420.606000
121948.000842	420.465000
122023.573330	415.453000
122027.944927	415.167000
122099.445740	410.461000
122100.432105	410.396000
122177.960274	405.327000
122181.016683	405.127000
122251.852094	400.448000
122252.019429	400.437000
122330.276162	395.342000
122336.889349	394.906000
122407.988574	390.217000
122410.120503	390.076000
122477.653473	385.599000
122487.370019	384.951000
122560.545724	380.081000
122562.235931	379.967000
122632.026223	375.273000
122639.300328	374.776000
122706.368271	370.228000
122716.051205	369.562000
122781.147101	365.127000
122789.070868	364.580000
122854.551106	360.144000
122863.761391	359.503000
122930.729511	355.093000
122941.811932	354.326000
123009.276529	349.919000
123019.623218	349.213000
123086.192740	344.932000
123098.825640	344.079000
123164.770496	339.886000
123178.714191	338.969000
123249.926102	334.400000
123260.883544	333.681000
123321.181127	329.779000
123338.210409	328.662000
123404.896485	324.327000
123419.524019	323.373000
123483.702931	319.214000
123498.429920	318.264000
123563.604443	314.026000
123580.257653	312.979000
123641.423996	309.113000
123659.905369	307.959000
123724.359214	303.864000
123746.938133	302.446000
123806.413451	298.680000
123820.116353	297.810000
123882.790209	293.920000
123912.303912	292.052000
123963.942242	288.916000
123991.661821	287.172000
124050.768655	283.681000
124077.189630	282.056000
124131.361540	278.949000
124167.845904	276.755000
124216.760861	274.037000
124259.169915	271.601000
124312.546050	268.793000
124351.082782	266.612000
124402.460263	263.996000
124451.860128	261.292000
124496.647267	259.101000
124550.585955	256.228000
124601.316797	253.907000
124661.067831	250.909000
124701.441966	249.006000
124767.239649	245.758000
124799.549230	244.176000
124873.611353	240.610000
124916.137688	238.619000
124983.411093	235.224000
125010.816116	233.968000
125090.026822	230.037000
125115.355395	228.921000
125198.053741	224.914000
125222.293721	223.869000
125315.257197	219.529000
125335.475243	218.704000
125440.256443	214.047000
125444.138514	213.900000
125561.151678	209.540000
125585.269131	208.688000
125727.519252	203.901000
125742.218540	203.459000
125905.197776	198.715000
125909.284817	198.617000
126076.094212	193.926000
126091.504587	193.538000
126293.229583	198.617000
126296.714410	198.715000
126494.560590	203.459000
126509.745417	203.901000
126668.943367	208.688000
126694.261333	209.540000
126817.679286	213.900000
126821.624455	214.047000
126944.609541	218.704000
126963.171810	219.529000
127069.530981	223.869000
127091.915044	224.914000
127184.862031	228.921000
127207.894562	230.037000
127297.111964	233.968000
127322.420701	235.224000
127396.497176	238.619000
127435.949709	240.610000
127512.116917	244.176000
127544.973417	245.758000
127611.308131	249.006000
127649.858928	250.909000
127713.464633	253.907000
127759.722855	256.228000
127822.518939	259.101000
127863.653524	261.292000
127918.927109	263.996000
127966.719286	266.612000
128009.553494	268.793000
128059.168873	271.601000
128105.473810	274.037000
128152.792287	276.755000
128192.276987	278.949000
128243.943769	282.056000
128272.276358	283.681000
128329.036743	287.172000
128358.564763	288.916000
128408.409143	292.052000
128439.168199	293.920000
128500.628746	297.810000
128514.645778	298.680000
128573.962019	302.446000
128596.356071	303.864000
128661.561059	307.959000
128679.724609	309.113000
128741.638810	312.979000
128758.204035	314.026000
128825.612156	318.264000
128840.221829	319.214000
128904.695039	323.373000
128919.416530	324.327000
128985.884413	328.662000
129003.067422	329.779000
129062.555568	333.681000
129073.666271	334.400000
129143.297079	338.969000
129157.589336	339.886000
129221.347151	344.079000
129234.762597	344.932000
129298.164055	349.213000
129309.142350	349.919000
129373.728550	354.326000
129385.470176	355.093000
129449.190486	359.503000
129458.924401	360.144000
129522.663599	364.580000
129530.737921	365.127000
129594.982724	369.562000
129604.758117	370.228000
129670.881218	374.776000
129678.210322	375.273000
129746.911836	379.967000
129748.606785	380.081000
129820.811238	384.951000
129830.547964	385.599000
129897.679095	390.076000
129899.805999	390.217000
129970.703948	394.906000
129977.315008	395.342000
130054.595258	400.437000
130054.764212	400.448000
130125.942638	405.127000
130128.970439	405.327000
130206.435134	410.396000
130207.429281	410.461000
130278.842074	415.167000
130283.187427	415.453000
130359.797377	420.465000
130361.923418	420.606000
130432.068033	425.214000
130436.739245	425.527000
130508.316979	430.208000
130518.032546	430.860000
130588.048373	435.436000
130590.525671	435.603000
130661.959387	440.307000
130668.270465	440.736000
130733.227231	445.054000
130744.806941	445.844000
130813.825490	450.473000
130820.884432	450.952000
130882.404261	455.120000
130892.018514	455.775000
130957.002238	460.219000
130967.542767	460.935000
131032.860181	465.384000
131040.004737	465.863000
131104.502140	470.271000
131115.975163	471.035000
131172.410306	474.886000
131186.188693	475.799000
131257.092973	480.636000
131262.838239	481.018000
131322.090758	485.093000
131333.916139	485.881000
131393.739672	490.016000
131405.845543	490.828000
131474.227070	495.543000
131479.572328	495.899000
131542.973315	500.264000
131551.251165	500.816000
131611.564310	504.993000
131625.093318	505.892000
131693.523774	510.628000
131697.711967	510.905000
131757.462942	515.009000
131771.644153	515.951000
131834.842389	520.310000
131849.155283	521.262000
131909.055739	525.407000
131920.989799	526.200000
131978.351130	530.132000
132000.682325	531.621000
132057.452509	535.482000
132074.932769	536.643000
132128.629282	540.271000
132152.555433	541.860000
132202.264649	545.240000
132232.072117	547.207000
132279.005987	550.396000
132314.285996	552.740000
132351.938101	555.319000
132380.067981	557.222000
132428.250159	560.510000
132470.701001	563.398000
132497.939507	565.259000
132537.774773	567.944000
132574.322515	570.435000
132622.659291	573.708000
132649.901030	575.583000
132691.234611	578.414000
132714.979531	580.041000
132772.779967	584.004000
132793.064702	585.387000
132847.775309	589.133000
132865.281821	590.322000
132918.676262	593.970000
132933.432091	594.976000
133002.335643	599.676000
133010.253361	600.215000
133071.190309	604.365000
133084.601013	605.275000
133150.157179	609.742000
133153.184538	609.946000
133227.008127	614.938000
133228.644876	615.047000
133304.683405	620.125000
133305.154601	620.156000
133373.490742	624.711000
133381.499408	625.251000
133449.223594	629.762000
133460.095695	630.487000
133529.015770	635.066000
133540.514877	635.831000
133594.495511	639.443000
133611.372673	640.576000
133674.101176	644.808000
133689.827651	645.863000
133747.052606	649.733000
133770.341261	651.291000
133817.999940	654.497000
133839.412715	655.922000
133899.555767	659.955000
133918.011297	661.171000
133977.279506	665.158000
133995.655629	666.365000
134053.889436	670.252000
134069.310958	671.262000
134129.710857	675.264000
134144.421754	676.219000
134212.518627	680.725000
134223.861094	681.456000
134288.083797	685.713000
134301.592775	686.579000
134367.891301	690.946000
134373.778909	691.321000
134445.124629	695.965000
134453.382335	696.486000
134531.554888	701.538000
134533.778941	701.679000
134603.011604	706.200000
134607.908890	706.510000
134686.906363	711.622000
134689.668088	711.800000
134766.310938	716.654000
134767.210089	716.712000
134842.749995	721.468000
134851.428831	722.031000
134928.110735	726.860000
134929.589316	726.956000
135002.472859	731.529000
135019.021322	732.597000
135080.783412	736.508000
135092.130489	737.234000
135165.616892	741.883000
135178.348290	742.696000
135236.167958	746.330000
135260.279734	747.857000
135323.267082	751.774000
135340.757178	752.874000
135400.729204	756.568000
135427.564130	758.249000
135479.811185	761.437000
135505.713120	763.056000
135565.817787	766.695000
135596.272568	768.581000
135645.008374	771.533000
135678.566260	773.590000
135728.952770	776.646000
135761.305241	778.612000
135806.370983	781.338000
135849.336631	783.938000
135894.768019	786.666000
135936.214785	789.177000
135978.158176	791.687000
136015.692457	793.950000
136055.170362	796.300000
136108.988925	799.545000
136145.115717	801.682000
136189.937620	804.383000
136228.971983	806.688000
136281.838655	809.887000
136310.495886	811.571000
136355.676768	814.309000
136391.554212	816.435000
136459.027077	820.512000
136486.601139	822.142000
136530.586310	824.789000
136559.574958	826.486000
136623.073163	830.260000
136646.445885	831.612000
136715.741193	835.709000
136744.168248	837.345000
136796.591964	840.422000
136814.528698	841.453000
136887.465377	845.705000
136910.296132	847.005000
136984.350809	851.273000
136999.663163	852.137000
137060.590552	855.657000
137082.503142	856.878000
137162.445040	861.510000
137170.459346	861.959000
137248.211624	866.446000
137265.732734	867.425000
137336.731476	871.471000
137346.659569	872.022000
137430.120840	876.717000
137436.112837	877.046000
137527.592502	882.148000
137534.948268	882.547000
137609.499812	886.678000
137621.389187	887.323000
137707.034887	892.037000
137708.953996	892.142000
137801.763427	897.169000
137805.908903	897.393000
137893.629115	902.187000
137896.834074	902.359000
137985.227789	907.125000
137989.192103	907.335000
138080.925143	912.205000
138083.892333	912.361000
138177.970265	917.323000
138180.780705	917.470000
138271.517963	922.229000
138274.970328	922.408000
138367.379302	927.215000
138374.850123	927.604000
138462.502024	932.097000
138472.701199	932.622000
138566.337675	937.407000
138568.471777	937.516000
138660.112738	942.196000
138669.279560	942.662000
138756.351158	947.085000
138768.563635	947.704000
138857.249371	952.164000
138871.576531	952.884000
138961.225350	957.385000
138962.196469	957.434000
139051.318031	961.932000
139071.973166	962.959000
139162.047660	967.435000
139171.951915	967.924000
139258.027499	972.128000
139264.615765	972.451000
139358.465075	977.004000
139380.417453	978.083000
139466.099701	982.195000
139477.900017	982.771000
139560.335498	986.758000
139584.542486	987.924000
139649.938545	991.076000
139686.195973	992.804000
139733.954084	995.084000
139792.604476	997.855000
139800.064162	998.206000
139855.911636	1000.847000
139869.536959	1001.484000
139884.597038	1002.187000
139884.833024	1002.198000
139885.778193	1002.242000
139887.905089	1002.341000
139888.829455	1002.384000
139889.667578	1002.423000
139890.226698	1002.449000
139890.979389	1002.484000
139894.463862	1002.646000
139894.915892	1002.667000
139896.596391	1002.746000
139899.008177	1002.858000
139900.430001	1002.924000
139901.011694	1002.951000
139928.760700	1004.241000
139972.441174	1006.265000
140014.156211	1008.185000
140016.929514	1008.312000
140076.913388	1011.069000
140114.814220	1012.790000
140134.670139	1013.694000
140196.508773	1016.486000
140236.039238	1018.260000
140254.321374	1019.081000
140322.412593	1022.122000
140342.487076	1023.017000
140388.309751	1025.063000
140455.466479	1028.037000
140466.278660	1028.514000
140573.687716	1033.223000
140575.871899	1033.317000
140681.933817	1037.998000
140690.422987	1038.358000
140797.488552	1042.983000
140808.680728	1043.457000
140917.323138	1047.998000
140934.452031	1048.705000
141045.942085	1053.322000
141051.869967	1053.565000
141163.685323	1058.135000
141166.556061	1058.251000
141300.103619	1063.635000
141301.969447	1063.709000
141422.206600	1068.466000
141430.071624	1068.775000
141547.601966	1073.364000
141559.950221	1073.837000
141683.726892	1078.574000
141689.396151	1078.790000
141826.088341	1083.945000
141841.012354	1084.508000
141951.330666	1088.725000
141955.379580	1088.878000
142087.247930	1093.785000
142101.929649	1094.324000
142234.109009	1099.230000
142246.055265	1099.661000
142366.333288	1103.978000
142381.284807	1104.507000
142513.600555	1109.196000
142528.282437	1109.708000
142666.500088	1114.501000
142687.364836	1115.229000
142797.047789	1119.011000
142824.069920	1119.935000
142964.546788	1124.719000
142982.759879	1125.319000
143109.634586	1129.518000
143145.327230	1130.659000
143259.744851	1134.322000
143292.542374	1135.328000
143451.578593	1140.196000
143479.000340	1140.987000
143589.231423	1144.203000
143656.349563	1146.099000
143797.490313	1150.121000
143826.079533	1150.883000
143971.397152	1154.994000
144038.444794	1156.713000
144155.541783	1159.910000
144214.642620	1161.390000
144352.982472	1165.080000
144421.388119	1166.760000
144569.824417	1170.514000
144627.731405	1171.876000
144760.392828	1175.044000
144862.883540	1177.282000
145005.880409	1180.449000
145089.460591	1182.155000
145263.451738	1185.630000
145362.773616	1187.380000
145535.220730	1190.531000
145668.800971	1192.585000
145832.590723	1195.323000
145996.280616	1197.710000
146206.318419	1201.028000
146322.842907	1202.316000
146520.175663	1205.125000
146851.789829	1207.958000
147109.688736	1210.760000
147553.084480	1212.632000
147826.123808	1215.552000
148274.207529	1210.760000
148937.880004	1207.958000
149198.632183	1205.125000
149527.437051	1202.316000
149617.919283	1201.028000
149918.096496	1197.710000
150069.199642	1195.323000
150256.959561	1192.585000
150379.831786	1190.531000
150584.754541	1187.380000
150680.528089	1185.630000
150877.752961	1182.155000
150963.171348	1180.449000
151118.328696	1177.282000
151219.379215	1175.044000
151364.459901	1171.876000
151421.494263	1170.514000
151581.099867	1166.760000
151647.528471	1165.080000
151797.776589	1161.390000
151853.262492	1159.910000
151980.928286	1156.713000
152043.890351	1154.994000
152204.235237	1150.883000
152231.170782	1150.121000
152382.070842	1146.099000
152448.605617	1144.203000
152562.451574	1140.987000
152589.563759	1140.196000
152758.323639	1135.328000
152791.189382	1134.322000
152910.610183	1130.659000
152946.250507	1129.518000
153077.603191	1125.319000
153095.732466	1124.719000
153240.951511	1119.935000
153268.083749	1119.011000
153378.687320	1115.229000
153399.800273	1114.501000
153537.169414	1109.708000
153551.934162	1109.196000
153686.393819	1104.507000
153701.321316	1103.978000
153823.335889	1099.661000
153835.344188	1099.230000
153971.326388	1094.324000
153985.848335	1093.785000
154119.509172	1088.878000
154123.620820	1088.725000
154235.217355	1084.508000
154249.945648	1083.945000
154386.594470	1078.790000
154392.322019	1078.574000
154516.652020	1073.837000
154529.011396	1073.364000
154648.812974	1068.775000
154656.726871	1068.466000
154777.807519	1063.709000
154779.677931	1063.635000
154915.429520	1058.251000
154918.306845	1058.135000
155031.404018	1053.565000
155037.349561	1053.322000
155149.979319	1048.705000
155167.051762	1047.998000
155277.069164	1043.457000
155288.409508	1042.983000
155397.615871	1038.358000
155405.949623	1037.998000
155516.332413	1033.317000
155518.462262	1033.223000
155627.880553	1028.514000
155638.760595	1028.037000
155706.172394	1025.063000
155752.373694	1023.017000
155772.418315	1022.122000
155840.626698	1019.081000
155859.009759	1018.260000
155898.513425	1016.486000
155960.728226	1013.694000
155980.750478	1012.790000
156018.551403	1011.069000
156079.267611	1008.312000
156082.030742	1008.185000
156123.957830	1006.265000
156167.932432	1004.241000
156195.772260	1002.951000
156196.353053	1002.924000
156197.774968	1002.858000
156200.187761	1002.746000
156201.888932	1002.667000
156202.335647	1002.646000
156205.822733	1002.484000
156206.575552	1002.449000
156207.134693	1002.423000
156207.973373	1002.384000
156208.897457	1002.341000
156211.025651	1002.242000
156211.970938	1002.198000
156212.207230	1002.187000
156227.288861	1001.484000
156240.935049	1000.847000
156297.425596	998.206000
156304.847960	997.855000
156363.739105	995.084000
156411.997096	992.804000
156448.192717	991.076000
156514.328952	987.924000
156538.520514	986.758000
156621.293464	982.771000
156633.202879	982.195000
156717.444027	978.083000
156739.927282	977.004000
156832.558587	972.451000
156839.216467	972.128000
156924.965910	967.924000
156934.978032	967.435000
157025.635386	962.959000
157046.302612	961.932000
157136.766874	957.434000
157137.737740	957.385000
157226.941935	952.884000
157241.282560	952.164000
157330.031351	947.704000
157342.339977	947.085000
157429.602961	942.662000
157438.776681	942.196000
157530.838327	937.516000
157532.972699	937.407000
157626.657837	932.622000
157636.931432	932.097000
157724.216945	927.604000
157731.805770	927.215000
157824.125141	922.408000
157827.566207	922.229000
157919.352828	917.470000
157922.155597	917.323000
158017.022284	912.361000
158019.979994	912.205000
158112.609588	907.335000
158116.565222	907.125000
158206.536270	902.359000
158209.726307	902.187000
158299.055220	897.393000
158303.153953	897.169000
158396.186594	892.142000
158398.125124	892.037000
158484.283970	887.323000
158496.002570	886.678000
158572.149868	882.547000
158579.350562	882.148000
158673.408501	877.046000
158679.307522	876.717000
158764.816415	872.022000
158774.611338	871.471000
158847.513452	867.425000
158864.692831	866.446000
158944.996428	861.959000
158952.776855	861.510000
159035.454500	856.878000
159056.527267	855.657000
159119.698697	852.137000
159134.653602	851.273000
159210.293796	847.005000
159232.850282	845.705000
159307.524412	841.453000
159325.209670	840.422000
159378.741511	837.345000
159406.614504	835.709000
159477.803771	831.612000
159500.671054	830.260000
159565.914140	826.486000
159594.466459	824.789000
159639.683284	822.142000
159666.768977	820.512000
159735.737964	816.435000
159770.922490	814.309000
159817.127779	811.571000
159844.916166	809.887000
159899.354696	806.688000
159937.447124	804.383000
159983.187607	801.682000
160018.650179	799.545000
160073.508130	796.300000
160112.483053	793.950000
160150.499435	791.687000
160192.130475	789.177000
160234.090578	786.666000
160279.119163	783.938000
160322.418872	781.338000
160367.466702	778.612000
160399.968261	776.646000
160450.257758	773.590000
160484.173024	771.533000
160532.331934	768.581000
160563.468698	766.695000
160622.230602	763.056000
160648.971315	761.437000
160699.975248	758.249000
160727.524589	756.568000
160786.494378	752.874000
160804.352859	751.774000
160866.633498	747.857000
160891.188433	746.330000
160948.570354	742.696000
160961.505794	741.883000
161034.308094	737.234000
161045.783923	736.508000
161106.911221	732.597000
161123.776961	731.529000
161194.634755	726.956000
161196.164784	726.860000
161270.540445	722.031000
161279.480581	721.468000
161352.795936	716.712000
161353.717155	716.654000
161428.966790	711.800000
161431.777343	711.622000
161511.091613	706.510000
161515.882148	706.200000
161587.303533	701.679000
161589.462747	701.538000
161669.150113	696.486000
161677.211851	695.965000
161750.817962	691.321000
161756.579083	690.946000
161825.142244	686.579000
161838.289605	685.713000
161904.695748	681.456000
161915.723889	680.725000
161985.640655	676.219000
162000.073081	675.264000
162061.720212	671.262000
162076.963565	670.252000
162136.313523	666.365000
162154.396416	665.158000
162215.096998	661.171000
162233.173282	659.955000
162294.383112	655.922000
162315.633756	654.497000
162363.808743	651.291000
162386.969137	649.733000
162444.817080	645.863000
162460.417164	644.808000
162523.501942	640.576000
162540.295750	639.443000
162594.100084	635.831000
162605.532860	635.066000
162674.362154	630.487000
162685.274374	629.762000
162752.921338	625.251000
162761.028423	624.711000
162828.583001	620.156000
162829.048077	620.125000
162906.233175	615.047000
162907.865352	614.938000
162982.825460	609.946000
162985.842290	609.742000
163052.132541	605.275000
163065.487390	604.365000
163126.646095	600.215000
163134.560556	599.676000
163203.601886	594.976000
163218.350178	593.970000
163271.858392	590.322000
163289.261350	589.133000
163344.416432	585.387000
163364.615249	584.004000
163422.741357	580.041000
163446.471186	578.414000
163487.787637	575.583000
163515.163287	573.708000
163562.716466	570.435000
163599.504400	567.944000
163638.898494	565.259000
163666.508710	563.398000
163708.778890	560.510000
163757.109350	557.222000
163784.995811	555.319000
163823.118229	552.740000
163857.339452	550.396000
163905.337723	547.207000
163934.286899	545.240000
163985.506646	541.860000
164008.875860	540.271000
164063.503977	536.643000
164080.687453	535.482000
164138.819481	531.621000
164160.712982	530.132000
164219.682933	526.200000
164231.251482	525.407000
164293.630649	521.262000
164307.388245	520.310000
164372.923862	515.951000
164386.581292	515.009000
164448.364399	510.905000
164452.397299	510.628000
164524.004821	505.892000
164536.994470	504.993000
164599.853945	500.816000
164607.824463	500.264000
164673.282458	495.899000
164678.453306	495.543000
164749.247952	490.828000
164761.024368	490.016000
164822.671877	485.881000
164834.072347	485.093000
164895.225179	481.018000
164900.779648	480.636000
164973.527956	475.799000
164986.911377	474.886000
165045.028099	471.035000
165056.224269	470.271000
165122.419409	465.863000
165129.428088	465.384000
165195.787444	460.935000
165206.299305	460.219000
165271.721249	455.775000
165281.299183	455.120000
165342.478125	450.952000
165349.548182	450.473000
165417.764969	445.844000
165429.543896	445.054000
165492.836541	440.736000
165499.290097	440.307000
165568.491291	435.603000
165571.027309	435.436000
165638.908251	430.860000
165648.884283	430.208000
165718.636687	425.527000
165723.422807	425.214000
165792.192604	420.606000
165794.338956	420.465000
165869.911445	415.453000
165874.283042	415.167000
165945.783855	410.461000
165946.770220	410.396000
166024.298388	405.327000
166027.354797	405.127000
166098.190208	400.448000
166098.357544	400.437000
166176.614276	395.342000
166183.227464	394.906000
166254.326689	390.217000
166256.458617	390.076000
166323.991588	385.599000
166333.708133	384.951000
166406.883839	380.081000
166408.574046	379.967000
166478.364337	375.273000
166485.638443	374.776000
166552.706385	370.228000
166562.389320	369.562000
166627.485215	365.127000
166635.408983	364.580000
166700.889220	360.144000
166710.099506	359.503000
166777.067626	355.093000
166788.150047	354.326000
166855.614644	349.919000
166865.961332	349.213000
166932.530855	344.932000
166945.163755	344.079000
167011.108610	339.886000
167025.052306	338.969000
167096.264217	334.400000
167107.221659	333.681000
167167.519242	329.779000
167184.548524	328.662000
167251.234600	324.327000
167265.862134	323.373000
167330.041045	319.214000
167344.768035	318.264000
167409.942558	314.026000
167426.595767	312.979000
167487.762111	309.113000
167506.243484	307.959000
167570.697329	303.864000
167593.276248	302.446000
167652.751566	298.680000
167666.454468	297.810000
167729.128324	293.920000
167758.642026	292.052000
167810.280357	288.916000
167837.999936	287.172000
167897.106769	283.681000
167923.527744	282.056000
167977.699655	278.949000
168014.184019	276.755000
168063.098976	274.037000
168105.508030	271.601000
168158.884165	268.793000
168197.420896	266.612000
168248.798378	263.996000
168298.198243	261.292000
168342.985382	259.101000
168396.924069	256.228000
168447.654912	253.907000
168507.405946	250.909000
168547.780081	249.006000
168613.577764	245.758000
168645.887344	244.176000
168719.949467	240.610000
168762.475802	238.619000
168829.749208	235.224000
168857.154230	233.968000
168936.364937	230.037000
168961.693510	228.921000
169044.391855	224.914000
169068.631836	223.869000
169161.595312	219.529000
169181.813357	218.704000
169286.594557	214.047000
169290.476629	213.900000
169407.489793	209.540000
169431.607246	208.688000
169573.857366	203.901000
169588.556655	203.459000
169751.535890	198.715000
169755.622932	198.617000
169922.432326	193.926000
169937.842702	193.538000
170139.567698	198.617000
170143.052524	198.715000
170340.898704	203.459000
170356.083532	203.901000
170515.281482	208.688000
170540.599448	209.540000
170664.017401	213.900000
170667.962570	214.047000
170790.947655	218.704000
170809.509925	219.529000
170915.869096	223.869000
170938.253159	224.914000
171031.200146	228.921000
171054.232677	230.037000
171143.450078	233.968000
171168.758816	235.224000
171242.835291	238.619000
171282.287824	240.610000
171358.455031	244.176000
171391.311531	245.758000
171457.646245	249.006000
171496.197043	250.909000
171559.802748	253.907000
171606.060970	256.228000
171668.857053	259.101000
171709.991639	261.292000
171765.265224	263.996000
171813.057401	266.612000
171855.891609	268.793000
171905.506987	271.601000
171951.811925	274.037000
171999.130402	276.755000
172038.615102	278.949000
172090.281884	282.056000
172118.614473	283.681000
172175.374857	287.172000
172204.902877	288.916000
172254.747257	292.052000
172285.506314	293.920000
172346.966861	297.810000
172360.983893	298.680000
172420.300133	302.446000
172442.694185	303.864000
172507.899173	307.959000
172526.062723	309.113000
172587.976924	312.979000
172604.542150	314.026000
172671.950270	318.264000
172686.559944	319.214000
172751.033154	323.373000
172765.754645	324.327000
172832.222527	328.662000
172849.405537	329.779000
172908.893683	333.681000
172920.004385	334.400000
172989.635194	338.969000
173003.927451	339.886000
173067.685266	344.079000
173081.100711	344.932000
173144.502169	349.213000
173155.480465	349.919000
173220.066665	354.326000
173231.808291	355.093000
173295.528601	359.503000
173305.262516	360.144000
173369.001714	364.580000
173377.076035	365.127000
173441.320838	369.562000
173451.096231	370.228000
173517.219332	374.776000
173524.548437	375.273000
173593.249950	379.967000
173594.944900	380.081000
173667.149352	384.951000
173676.886078	385.599000
173744.017210	390.076000
173746.144114	390.217000
173817.042062	394.906000
173823.653123	395.342000
173900.933372	400.437000
173901.102327	400.448000
173972.280752	405.127000
173975.308554	405.327000
174052.773248	410.396000
174053.767395	410.461000
174125.180189	415.167000
174129.525542	415.453000
174206.135491	420.465000
174208.261533	420.606000
174278.406147	425.214000
174283.077359	425.527000
174354.655094	430.208000
174364.370660	430.860000
174434.386487	435.436000
174436.863785	435.603000
174508.297501	440.307000
174514.608579	440.736000
174579.565346	445.054000
174591.145056	445.844000
174660.163605	450.473000
174667.222546	450.952000
174728.742376	455.120000
174738.356629	455.775000
174803.340352	460.219000
174813.880881	460.935000
174879.198295	465.384000
174886.342852	465.863000
174950.840254	470.271000
174962.313278	471.035000
175018.748421	474.886000
175032.526808	475.799000
175103.431087	480.636000
175109.176354	481.018000
175168.428872	485.093000
175180.254254	485.881000
175240.077787	490.016000
175252.183658	490.828000
175320.565184	495.543000
175325.910443	495.899000
175389.311430	500.264000
175397.589279	500.816000
175457.902425	504.993000
175471.431433	505.892000
175539.861888	510.628000
175544.050081	510.905000
175603.801057	515.009000
175617.982267	515.951000
175681.180503	520.310000
175695.493398	521.262000
175755.393853	525.407000
175767.327914	526.200000
175824.689244	530.132000
175847.020439	531.621000
175903.790624	535.482000
175921.270884	536.643000
175974.967396	540.271000
175998.893548	541.860000
176048.602764	545.240000
176078.410232	547.207000
176125.344102	550.396000
176160.624110	552.740000
176198.276216	555.319000
176226.406096	557.222000
176274.588274	560.510000
176317.039115	563.398000
176344.277622	565.259000
176384.112888	567.944000
176420.660630	570.435000
176468.997406	573.708000
176496.239144	575.583000
176537.572726	578.414000
176561.317645	580.041000
176619.118081	584.004000
176639.402817	585.387000
176694.113424	589.133000
176711.619935	590.322000
176765.014377	593.970000
176779.770205	594.976000
176848.673757	599.676000
176856.591476	600.215000
176917.528423	604.365000
176930.939127	605.275000
176996.495294	609.742000
176999.522652	609.946000
177073.346241	614.938000
177074.982990	615.047000
177151.021519	620.125000
177151.492716	620.156000
177219.828857	624.711000
177227.837523	625.251000
177295.561708	629.762000
177306.433810	630.487000
177375.353885	635.066000
177386.852992	635.831000
177440.833625	639.443000
177457.710788	640.576000
177520.439291	644.808000
177536.165766	645.863000
177593.390720	649.733000
177616.679375	651.291000
177664.338054	654.497000
177685.750829	655.922000
177745.893881	659.955000
177764.349412	661.171000
177823.617621	665.158000
177841.993744	666.365000
177900.227550	670.252000
177915.649073	671.262000
177976.048972	675.264000
177990.759869	676.219000
178058.856741	680.725000
178070.199208	681.456000
178134.421911	685.713000
178147.930889	686.579000
178214.229415	690.946000
178220.117024	691.321000
178291.462744	695.965000
178299.720449	696.486000
178377.893002	701.538000
178380.117056	701.679000
178449.349718	706.200000
178454.247004	706.510000
178533.244477	711.622000
178536.006203	711.800000
178612.649052	716.654000
178613.548203	716.712000
178689.088110	721.468000
178697.766946	722.031000
178774.448850	726.860000
178775.927430	726.956000
178848.810973	731.529000
178865.359437	732.597000
178927.121526	736.508000
178938.468603	737.234000
179011.955006	741.883000
179024.686404	742.696000
179082.506073	746.330000
179106.617848	747.857000
179169.605197	751.774000
179187.095292	752.874000
179247.067319	756.568000
179273.902244	758.249000
179326.149300	761.437000
179352.051234	763.056000
179412.155901	766.695000
179442.610683	768.581000
179491.346489	771.533000
179524.904374	773.590000
179575.290885	776.646000
179607.643356	778.612000
179652.709097	781.338000
179695.674746	783.938000
179741.106133	786.666000
179782.552899	789.177000
179824.496291	791.687000
179862.030572	793.950000
179901.508476	796.300000
179955.327039	799.545000
179991.453832	801.682000
180036.275735	804.383000
180075.310097	806.688000
180128.176769	809.887000
180156.834001	811.571000
180202.014882	814.309000
180237.892327	816.435000
180305.365192	820.512000
180332.939254	822.142000
180376.924425	824.789000
180405.913073	826.486000
180469.411278	830.260000
180492.784000	831.612000
180562.079308	835.709000
180590.506362	837.345000
180642.930079	840.422000
180660.866812	841.453000
180733.803492	845.705000
180756.634246	847.005000
180830.688923	851.273000
180846.001278	852.137000
180906.928667	855.657000
180928.841256	856.878000
181008.783155	861.510000
181016.797460	861.959000
181094.549738	866.446000
181112.070849	867.425000
181183.069591	871.471000
181192.997684	872.022000
181276.458955	876.717000
181282.450952	877.046000
181373.930616	882.148000
181381.286382	882.547000
181455.837927	886.678000
181467.727301	887.323000
181553.373002	892.037000
181555.292110	892.142000
181648.101541	897.169000
181652.247018	897.393000
181739.967230	902.187000
181743.172189	902.359000
181831.565904	907.125000
181835.530218	907.335000
181927.263257	912.205000
181930.230448	912.361000
182024.308379	917.323000
182027.118819	917.470000
182117.856078	922.229000
182121.308443	922.408000
182213.717417	927.215000
182221.188238	927.604000
182308.840139	932.097000
182319.039314	932.622000
182412.675789	937.407000
182414.809892	937.516000
182506.450852	942.196000
182515.617674	942.662000
182602.689272	947.085000
182614.901750	947.704000
182703.587486	952.164000
182717.914645	952.884000
182807.563465	957.385000
182808.534583	957.434000
182897.656146	961.932000
182918.311281	962.959000
183008.385774	967.435000
183018.290030	967.924000
183104.365613	972.128000
183110.953879	972.451000
183204.803189	977.004000
183226.755568	978.083000
183312.437815	982.195000
183324.238132	982.771000
183406.673613	986.758000
183430.880600	987.924000
183496.276659	991.076000
183532.534088	992.804000
183580.292198	995.084000
183638.942590	997.855000
183646.402277	998.206000
183702.249751	1000.847000
183715.875074	1001.484000
183730.935153	1002.187000
183731.171139	1002.198000
183732.116308	1002.242000
183734.243203	1002.341000
183735.167570	1002.384000
183736.005693	1002.423000
183736.564813	1002.449000
183737.317503	1002.484000
183740.801977	1002.646000
183741.254006	1002.667000
183742.934505	1002.746000
183745.346291	1002.858000
183746.768116	1002.924000
183747.349809	1002.951000
183775.098814	1004.241000
183818.779289	1006.265000
183860.494326	1008.185000
183863.267628	1008.312000
183923.251502	1011.069000
183961.152334	1012.790000
183981.008253	1013.694000
184042.846887	1016.486000
184082.377352	1018.260000
184100.659488	1019.081000
184168.750707	1022.122000
184188.825190	1023.017000
184234.647865	1025.063000
184301.804593	1028.037000
184312.616775	1028.514000
184420.025830	1033.223000
184422.210013	1033.317000
184528.271932	1037.998000
184536.761102	1038.358000
184643.826666	1042.983000
184655.018843	1043.457000
184763.661253	1047.998000
184780.790146	1048.705000
184892.280199	1053.322000
184898.208081	1053.565000
185010.023437	1058.135000
185012.894175	1058.251000
185146.441734	1063.635000
185148.307562	1063.709000
185268.544714	1068.466000
185276.409739	1068.775000
185393.940080	1073.364000
185406.288336	1073.837000
185530.065006	1078.574000
185535.734265	1078.790000
185672.426455	1083.945000
185687.350468	1084.508000
185797.668781	1088.725000
185801.717695	1088.878000
185933.586045	1093.785000
185948.267763	1094.324000
186080.447124	1099.230000
186092.393379	1099.661000
186212.671402	1103.978000
186227.622922	1104.507000
186359.938669	1109.196000
186374.620551	1109.708000
186512.838203	1114.501000
186533.702950	1115.229000
186643.385904	1119.011000
186670.408035	1119.935000
186810.884903	1124.719000
186829.097994	1125.319000
186955.972700	1129.518000
186991.665344	1130.659000
187106.082966	1134.322000
187138.880489	1135.328000
187297.916708	1140.196000
187325.338455	1140.987000
187435.569538	1144.203000
187502.687677	1146.099000
187643.828427	1150.121000
187672.417648	1150.883000
187817.735266	1154.994000
187884.782909	1156.713000
188001.879897	1159.910000
188060.980734	1161.390000
188199.320586	1165.080000
188267.726234	1166.760000
188416.162531	1170.514000
188474.069519	1171.876000
188606.730943	1175.044000
188709.221655	1177.282000
188852.218524	1180.449000
188935.798705	1182.155000
189109.789853	1185.630000
189209.111731	1187.380000
189381.558844	1190.531000
189515.139085	1192.585000
189678.928838	1195.323000
189842.618731	1197.710000
190052.656534	1201.028000
190169.181022	1202.316000
190366.513777	1205.125000
190698.127943	1207.958000
190956.026851	1210.760000
191399.422594	1212.632000
191672.461923	1215.552000
192120.545644	1210.760000
192784.218119	1207.958000
193044.970297	1205.125000
193373.775166	1202.316000
193464.257397	1201.028000
193764.434611	1197.710000
193915.537756	1195.323000
194103.297675	1192.585000
194226.169900	1190.531000
194431.092656	1187.380000
194526.866203	1185.630000
194724.091075	1182.155000
194809.509463	1180.449000
194964.666811	1177.282000
195065.717330	1175.044000
195210.798016	1171.876000
195267.832378	1170.514000
195427.437981	1166.760000
195493.866585	1165.080000
195644.114704	1161.390000
195699.600606	1159.910000
195827.266401	1156.713000
195890.228466	1154.994000
196050.573352	1150.883000
196077.508897	1150.121000
196228.408957	1146.099000
196294.943731	1144.203000
196408.789689	1140.987000
196435.901874	1140.196000
196604.661754	1135.328000
196637.527497	1134.322000
196756.948298	1130.659000
196792.588622	1129.518000
196923.941306	1125.319000
196942.070580	1124.719000
197087.289625	1119.935000
197114.421863	1119.011000
197225.025434	1115.229000
197246.138388	1114.501000
197383.507528	1109.708000
197398.272277	1109.196000
197532.731934	1104.507000
197547.659430	1103.978000
197669.674004	1099.661000
197681.682303	1099.230000
197817.664502	1094.324000
197832.186450	1093.785000
197965.847286	1088.878000
197969.958935	1088.725000
198081.555470	1084.508000
198096.283762	1083.945000
198232.932585	1078.790000
198238.660133	1078.574000
198362.990134	1073.837000
198375.349510	1073.364000
198495.151088	1068.775000
198503.064986	1068.466000
198624.145633	1063.709000
198626.016045	1063.635000
198761.767635	1058.251000
198764.644960	1058.135000
198877.742133	1053.565000
198883.687676	1053.322000
198996.317434	1048.705000
199013.389876	1047.998000
199123.407279	1043.457000
199134.747623	1042.983000
199243.953985	1038.358000
199252.287737	1037.998000
199362.670528	1033.317000
199364.800376	1033.223000
199474.218668	1028.514000
199485.098710	1028.037000
199552.510509	1025.063000
199598.711808	1023.017000
199618.756429	1022.122000
199686.964812	1019.081000
199705.347874	1018.260000
199744.851540	1016.486000
199807.066341	1013.694000
199827.088592	1012.790000
199864.889517	1011.069000
199925.605725	1008.312000
199928.368856	1008.185000
