0.000000	500.000000
12.495193	500.816000
73.986691	504.993000
87.803428	505.892000
157.572658	510.628000
161.850788	510.905000
222.789082	515.009000
237.272115	515.951000
301.715430	520.310000
316.332126	521.262000
377.404850	525.407000
389.592729	526.200000
448.098574	530.132000
470.901364	531.621000
528.822685	535.482000
546.675076	536.643000
601.475205	540.271000
625.910792	541.860000
676.628443	545.240000
707.078952	547.207000
754.966358	550.396000
790.996915	552.740000
829.401462	555.319000
858.107991	557.222000
907.260424	560.510000
950.571512	563.398000
978.357187	565.259000
1019.015234	567.944000
1056.300798	570.435000
1105.626596	573.708000
1133.407353	575.583000
1175.567045	578.414000
1199.786137	580.041000
1258.739311	584.004000
1279.433283	585.387000
1335.238086	589.133000
1353.100582	590.322000
1407.567634	593.970000
1422.621181	594.976000
1492.913498	599.676000
1500.991455	600.215000
1563.160602	604.365000
1576.844511	605.275000
1643.724811	609.742000
1646.814731	609.946000
1722.153039	614.938000
1723.824442	615.047000
1801.463640	620.125000
1801.945066	620.156000
1871.725334	624.711000
1879.899292	625.251000
1949.056766	629.762000
1960.158421	630.487000
2030.544733	635.066000
2042.287816	635.831000
2097.400219	639.443000
2114.628863	640.576000
2178.650525	644.808000
2194.704996	645.863000
2253.103842	649.733000
2276.880973	651.291000
2325.528010	654.497000
2347.394787	655.922000
2408.793260	659.955000
2427.648204	661.171000
2488.145516	665.158000
2506.921892	666.365000
2566.382839	670.252000
2582.142269	671.262000
2643.834365	675.264000
2658.873502	676.219000
2728.431223	680.725000
2740.030586	681.456000
2805.626137	685.713000
2819.444458	686.579000
2887.178682	690.946000
2893.202916	691.321000
2966.131826	695.965000
2974.584938	696.486000
3054.517981	701.538000
3056.794142	701.679000
3127.552952	706.200000
3132.565341	706.510000
3213.337091	711.622000
3216.161358	711.800000
3294.603695	716.654000
3295.523174	716.712000
3372.858397	721.468000
3381.731173	722.031000
3460.234679	726.860000
3461.746240	726.956000
3536.374308	731.529000
3553.296506	732.597000
3616.509129	736.508000
3628.117084	737.234000
3703.332766	741.883000
3716.358036	742.696000
3775.556820	746.330000
3800.234763	747.857000
3864.757772	751.774000
3882.664465	752.874000
3944.127813	756.568000
3971.607208	758.249000
4025.179053	761.437000
4051.705873	763.056000
4113.359336	766.695000
4144.563055	768.581000
4194.553538	771.533000
4228.954325	773.590000
4280.634484	776.646000
4313.814281	778.612000
4360.043477	781.338000
4404.117450	783.938000
4450.739717	786.666000
4493.253060	789.177000
4536.303684	791.687000
4574.813578	793.950000
4615.345116	796.300000
4670.562387	799.545000
4707.666068	801.682000
4753.654243	804.383000
4793.747911	806.688000
4847.978437	809.887000
4877.421266	811.571000
4923.764137	814.309000
4960.608182	816.435000
5029.826871	820.512000
5058.147578	822.142000
5103.280456	824.789000
5133.070094	826.486000
5198.268472	830.260000
5222.303234	831.612000
5293.474233	835.709000
5322.715082	837.345000
5376.579414	840.422000
5395.030951	841.453000
5470.000445	845.705000
5493.499442	847.005000
5569.667828	851.273000
5585.436939	852.137000
5648.094563	855.657000
5670.678119	856.878000
5752.876537	861.510000
5761.133477	861.959000
5841.098944	866.446000
5859.153472	867.425000
5932.226800	871.471000
5942.461439	872.022000
6028.428140	876.717000
6034.609343	877.046000
6128.884830	882.148000
6136.478844	882.547000
6213.339904	886.678000
6225.614265	887.323000
6313.950607	892.037000
6315.930764	892.142000
6411.755342	897.169000
6416.036173	897.393000
6506.553421	902.187000
6509.864534	902.359000
6601.157529	907.125000
6605.256781	907.335000
6700.097912	912.205000
6703.167709	912.361000
6800.477116	917.323000
6803.385798	917.470000
6897.276740	922.229000
6900.852031	922.408000
6996.528735	927.215000
7004.263198	927.604000
7095.111959	932.097000
7105.679855	932.622000
7202.753690	937.407000
7204.966221	937.516000
7299.975868	942.196000
7309.482926	942.662000
7399.791403	947.085000
7412.459984	947.704000
7504.513133	952.164000
7519.385114	952.884000
7612.449788	957.385000
7613.457523	957.434000
7705.937574	961.932000
7727.396048	962.959000
7820.978137	967.435000
7831.273369	967.924000
7920.825634	972.128000
7927.677877	972.451000
8025.372170	977.004000
8048.199391	978.083000
8137.473608	982.195000
8149.751142	982.771000
8235.586058	986.758000
8260.799969	987.924000
8328.912592	991.076000
8366.712582	992.804000
8416.495197	995.084000
8477.687467	997.855000
8485.473283	998.206000
8543.736430	1000.847000
8557.965653	1001.484000
8573.695403	1002.187000
8573.941914	1002.198000
8574.929356	1002.242000
8577.151404	1002.341000
8578.117179	1002.384000
8578.992822	1002.423000
8579.577008	1002.449000
8580.363444	1002.484000
8584.004197	1002.646000
8584.476533	1002.667000
8586.230645	1002.746000
8588.750865	1002.858000
8590.236672	1002.924000
8590.844544	1002.951000
8619.838316	1004.241000
8665.491912	1006.265000
8709.118470	1008.185000
8712.020238	1008.312000
8774.760976	1011.069000
8814.449506	1012.790000
8835.236711	1013.694000
8900.027953	1016.486000
8941.470558	1018.260000
8960.635741	1019.081000
9032.054884	1022.122000
9053.114122	1023.017000
9101.177465	1025.063000
9171.676579	1028.037000
9183.031282	1028.514000
9295.902777	1033.223000
9298.202565	1033.317000
9409.581758	1037.998000
9418.534781	1038.358000
9531.221616	1042.983000
9543.027088	1043.457000
9657.794782	1047.998000
9675.916138	1048.705000
9793.819850	1053.322000
9800.096368	1053.565000
9918.530644	1058.135000
9921.575591	1058.251000
10063.268032	1063.635000
10065.251801	1063.709000
10193.130246	1068.466000
10201.502828	1068.775000
10326.721696	1073.364000
10339.912509	1073.837000
10472.151616	1078.574000
10478.212310	1078.790000
10624.558337	1083.945000
10640.535613	1084.508000
10758.415750	1088.725000
10762.749355	1088.878000
10904.211202	1093.785000
10919.993581	1094.324000
11061.843888	1099.230000
11074.721247	1099.661000
11204.483211	1103.978000
11220.652198	1104.507000
11363.703243	1109.196000
11379.620229	1109.708000
11529.614093	1114.501000
11552.231978	1115.229000
11671.380550	1119.011000
11700.779281	1119.935000
11853.725693	1124.719000
11873.682764	1125.319000
12012.578473	1129.518000
12051.934136	1130.659000
12178.054247	1134.322000
12214.558319	1135.328000
12391.655711	1140.196000
12422.663780	1140.987000
12546.923536	1144.203000
12623.275056	1146.099000
12783.425704	1150.121000
12816.553495	1150.883000
12981.791926	1154.994000
13060.580330	1156.713000
13195.188548	1159.910000
13265.284708	1161.390000
13425.544952	1165.080000
13507.339354	1166.760000
13682.696134	1170.514000
13753.319956	1171.876000
13913.948752	1175.044000
14044.131216	1177.282000
14224.229989	1180.449000
14335.430911	1182.155000
14570.988124	1185.630000
14724.948215	1187.380000
14980.004548	1190.531000
15256.453624	1192.585000
15532.749063	1195.323000
15958.600827	1197.710000
16360.040947	1201.028000
17050.280818	1195.323000
17538.752593	1192.585000
17746.024629	1190.531000
18170.119584	1187.380000
18311.772577	1185.630000
18617.493329	1182.155000
18733.136669	1180.449000
18939.568861	1177.282000
19066.837903	1175.044000
19251.117637	1171.876000
19320.175851	1170.514000
19514.832111	1166.760000
19593.308241	1165.080000
19772.963803	1161.390000
19837.241625	1159.910000
19988.658804	1156.713000
20061.036510	1154.994000
20249.459505	1150.883000
20280.087499	1150.121000
20454.943110	1146.099000
20530.439288	1144.203000
20659.946931	1140.987000
20690.509576	1140.196000
20881.340527	1135.328000
20917.938714	1134.322000
21050.855630	1130.659000
21090.141201	1129.518000
21234.974181	1125.319000
21254.821151	1124.719000
21413.945525	1119.935000
21443.486178	1119.011000
21563.817348	1115.229000
21586.752345	1114.501000
21735.663776	1109.708000
21751.686488	1109.196000
21897.457480	1104.507000
21913.596102	1103.978000
22045.546042	1099.661000
22058.501197	1099.230000
22205.082003	1094.324000
22220.666454	1093.785000
22364.347597	1088.878000
22368.758370	1088.725000
22488.201587	1084.508000
22503.939438	1083.945000
22650.232258	1078.790000
22656.364313	1078.574000
22789.278696	1073.837000
22802.483065	1073.364000
22930.459057	1068.775000
22938.890661	1068.466000
23067.785075	1063.709000
23069.774355	1063.635000
23214.106956	1058.251000
23217.159765	1058.135000
23337.120161	1053.565000
23343.417651	1053.322000
23462.671501	1048.705000
23480.726066	1047.998000
23597.117969	1043.457000
23609.097684	1042.983000
23724.288207	1038.358000
23733.059507	1037.998000
23849.473669	1033.317000
23851.710294	1033.223000
23966.919879	1028.514000
23978.353242	1028.037000
24049.147555	1025.063000
24097.648291	1023.017000
24118.673067	1022.122000
24190.227417	1019.081000
24209.508941	1018.260000
24250.920676	1016.486000
24316.144889	1013.694000
24337.123142	1012.790000
24376.697014	1011.069000
24440.277070	1008.312000
24443.167194	1008.185000
24487.036439	1006.265000
24533.026102	1004.241000
24562.123503	1002.951000
24562.730349	1002.924000
24564.216259	1002.858000
24566.737629	1002.746000
24568.515284	1002.667000
24568.981567	1002.646000
24572.625300	1002.484000
24573.411882	1002.449000
24573.996092	1002.423000
24574.872371	1002.384000
24575.837823	1002.341000
24578.061351	1002.242000
24579.048928	1002.198000
24579.295789	1002.187000
24595.050096	1001.484000
24609.303084	1000.847000
24668.297399	998.206000
24676.040816	997.855000
24737.506617	995.084000
24787.856085	992.804000
24825.586067	991.076000
24894.536049	987.924000
24919.732533	986.758000
25005.948539	982.771000
25018.349069	982.195000
25105.997020	978.083000
25129.422818	977.004000
25225.745651	972.451000
25232.676302	972.128000
25321.861528	967.924000
25332.278050	967.435000
25426.514162	962.959000
25447.986191	961.932000
25541.968872	957.434000
25542.976325	957.385000
25635.543967	952.884000
25650.431007	952.164000
25742.554663	947.704000
25755.330650	947.085000
25845.852675	942.662000
25855.367427	942.196000
25950.846035	937.516000
25953.058866	937.407000
26050.186915	932.622000
26060.837650	932.097000
26151.278716	927.604000
26159.144322	927.215000
26254.721607	922.408000
26258.284355	922.229000
26353.339141	917.470000
26356.239324	917.323000
26454.422198	912.361000
26457.481502	912.205000
26553.314263	907.335000
26557.403922	907.125000
26650.437406	902.359000
26653.732076	902.187000
26746.019713	897.393000
26750.249138	897.169000
26846.319408	892.142000
26848.320916	892.037000
26937.220524	887.323000
26949.307275	886.678000
27027.920271	882.547000
27035.344034	882.148000
27132.448446	877.046000
27138.527755	876.717000
27226.736722	872.022000
27236.825678	871.471000
27311.978764	867.425000
27329.660126	866.446000
27412.408507	861.959000
27420.410400	861.510000
27505.591130	856.878000
27527.258719	855.657000
27592.364466	852.137000
27607.744064	851.273000
27685.640557	847.005000
27708.840862	845.705000
27785.700659	841.453000
27803.878822	840.422000
27858.947084	837.345000
27887.586034	835.709000
27960.813270	831.612000
27984.299526	830.260000
28051.390644	826.486000
28080.707456	824.789000
28127.173675	822.142000
28154.966116	820.512000
28225.802632	816.435000
28261.897539	814.309000
28309.347676	811.571000
28337.850743	809.887000
28393.781627	806.688000
28432.856764	804.383000
28479.838542	801.682000
28516.223854	799.545000
28572.565194	796.300000
28612.553049	793.950000
28651.584058	791.687000
28694.297196	789.177000
28737.364972	786.666000
28783.552308	783.938000
28827.987020	781.338000
28874.196885	778.612000
28907.537530	776.646000
28959.113045	773.590000
28993.899068	771.533000
29043.267626	768.581000
29075.205990	766.695000
29135.412954	763.056000
29162.842730	761.437000
29215.077136	758.249000
29243.325026	756.568000
29303.711036	752.874000
29322.013603	751.774000
29385.777706	747.857000
29410.931303	746.330000
29469.660603	742.696000
29482.904580	741.883000
29557.387335	737.234000
29569.133213	736.508000
29631.665877	732.597000
29648.927724	731.529000
29721.385787	726.956000
29722.952438	726.860000
29798.987137	722.031000
29808.139647	721.468000
29883.093333	716.712000
29884.036445	716.654000
29960.987296	711.800000
29963.863838	711.622000
30044.974243	706.510000
30049.872373	706.200000
30122.972420	701.679000
30125.179231	701.538000
30206.733610	696.486000
30214.976903	695.965000
30290.324799	691.321000
30296.213762	690.946000
30366.367982	686.579000
30379.800049	685.713000
30447.726830	681.456000
30458.990712	680.725000
30530.491023	676.219000
30545.233061	675.264000
30608.255709	671.262000
30623.825178	670.252000
30684.475579	666.365000
30702.939526	665.158000
30764.962236	661.171000
30783.413386	659.955000
30845.947915	655.922000
30867.642144	654.497000
30916.838556	651.291000
30940.479256	649.733000
30999.540549	645.863000
31015.460648	644.808000
31079.861142	640.576000
31097.001157	639.443000
31151.926011	635.831000
31163.598489	635.066000
31233.888128	630.487000
31245.032500	629.762000
31314.107765	625.251000
31322.386425	624.711000
31391.335281	620.156000
31391.810185	620.125000
31470.670850	615.047000
31472.337387	614.938000
31548.884556	609.946000
31551.963285	609.742000
31619.623449	605.275000
31633.248046	604.365000
31695.652685	600.215000
31703.727184	599.676000
31774.165771	594.976000
31789.211318	593.970000
31843.799131	590.322000
31861.551687	589.133000
31917.828316	585.387000
31938.431103	584.004000
31997.729881	580.041000
32021.932964	578.414000
32064.074482	575.583000
32091.997273	573.708000
32140.491361	570.435000
32178.032016	567.944000
32218.221394	565.259000
32246.401888	563.398000
32289.521193	560.510000
32338.831047	557.222000
32367.279064	555.319000
32406.182973	552.740000
32441.088075	550.396000
32490.107464	547.207000
32519.644788	545.240000
32571.969507	541.860000
32595.812805	540.271000
32651.604062	536.643000
32669.140708	535.482000
32728.510287	531.621000
32750.847724	530.132000
32811.063016	526.200000
32822.862390	525.407000
32886.568263	521.262000
32900.595098	520.310000
32967.521757	515.951000
32981.448254	515.009000
33044.546307	510.905000
33048.659345	510.628000
33121.804562	505.892000
33135.048341	504.993000
33199.244682	500.816000
33207.370923	500.264000
33274.211020	495.899000
33279.484122	495.543000
33351.777376	490.828000
33363.785953	490.016000
33426.719575	485.881000
33438.343672	485.093000
33500.789604	481.018000
33506.454156	480.636000
33580.747742	475.799000
33594.400848	474.886000
33653.760735	471.035000
33665.182387	470.271000
33732.779208	465.863000
33739.928586	465.384000
33807.673663	460.935000
33818.398017	460.219000
33885.149849	455.775000
33894.919816	455.120000
33957.334926	450.952000
33964.549477	450.473000
34034.155947	445.844000
34046.180655	445.054000
34110.748535	440.736000
34117.339235	440.307000
34187.945129	435.603000
34190.536095	435.436000
34259.818682	430.860000
34270.014241	430.208000
34341.220334	425.527000
34346.111641	425.214000
34416.319161	420.606000
34418.512249	420.465000
34495.698428	415.453000
34500.166026	415.167000
34573.217675	410.461000
34574.225380	410.396000
34653.458198	405.327000
34656.581697	405.127000
34728.942193	400.448000
34729.113167	400.437000
34809.105639	395.342000
34815.861767	394.906000
34888.496746	390.217000
34890.674456	390.076000
34959.650654	385.599000
34969.572317	384.951000
35044.299376	380.081000
35046.024446	379.967000
35117.262569	375.273000
35124.682788	374.776000
35193.118886	370.228000
35202.993683	369.562000
35269.404803	365.127000
35277.484402	364.580000
35344.303088	360.144000
35353.691516	359.503000
35422.110580	355.093000
35433.409820	354.326000
35502.360577	349.919000
35512.915661	349.213000
35580.999654	344.932000
35593.892534	344.079000
35661.373136	339.886000
35675.619768	338.969000
35748.459480	334.400000
35759.656078	333.681000
35821.307877	329.779000
35838.709126	328.662000
35906.878998	324.327000
35921.829813	323.373000
35987.445954	319.214000
36002.505863	318.264000
36069.129662	314.026000
36086.179821	312.979000
36148.788288	309.113000
36167.716466	307.959000
36233.673751	303.864000
36256.792084	302.446000
36317.664376	298.680000
36331.687363	297.810000
36395.895334	293.920000
36426.102891	292.052000
36479.063445	288.916000
36507.442777	287.172000
36568.152962	283.681000
36595.232962	282.056000
36650.966742	278.949000
36688.404539	276.755000
36738.826040	274.037000
36782.454010	271.601000
36837.673499	268.793000
36877.352560	266.612000
36930.630524	263.996000
36981.600381	261.292000
37028.190300	259.101000
37083.943943	256.228000
37137.029421	253.907000
37199.060206	250.909000
37241.192987	249.006000
37309.589109	245.758000
37343.196775	244.176000
37420.342215	240.610000
37464.747669	238.619000
37534.556725	235.224000
37563.229007	233.968000
37645.532815	230.037000
37672.135771	228.921000
37758.231256	224.914000
37783.749470	223.869000
37880.845719	219.529000
37902.264781	218.704000
38012.220579	214.047000
38016.374360	213.900000
38141.875256	209.540000
38167.963282	208.688000
38323.187437	203.901000
38339.627649	203.459000
38523.463356	198.715000
38528.402654	198.617000
38718.412296	193.926000
38736.649814	193.538000
38975.382689	198.617000
38979.352194	198.715000
39218.454543	203.459000
39235.582575	203.901000
39413.635276	208.688000
39441.262387	209.540000
39574.764495	213.900000
39578.995832	214.047000
39710.588771	218.704000
39730.067734	219.529000
39842.744983	223.869000
39866.124149	224.914000
39963.972457	228.921000
39987.951135	230.037000
40081.657424	233.968000
40107.954444	235.224000
40185.456354	238.619000
40226.395921	240.610000
40305.928742	244.176000
40340.153107	245.758000
40409.152916	249.006000
40449.226137	250.909000
40515.602426	253.907000
40563.625592	256.228000
40629.336311	259.101000
40671.855013	261.292000
40729.353480	263.996000
40778.664554	266.612000
40823.083224	268.793000
40874.169333	271.601000
40922.073419	274.037000
40970.751917	276.755000
41011.452717	278.949000
41064.469688	282.056000
41093.619154	283.681000
41151.795328	287.172000
41182.124335	288.916000
41233.155061	292.052000
41264.701718	293.920000
41327.607175	297.810000
41341.967312	298.680000
41402.669115	302.446000
41425.589166	303.864000
41492.351911	307.959000
41510.939141	309.113000
41574.350177	312.979000
41591.305962	314.026000
41660.320837	318.264000
41675.255384	319.214000
41741.186081	323.373000
41756.237247	324.327000
41824.174128	328.662000
41841.739467	329.779000
41902.526998	333.681000
41913.887235	334.400000
41985.037799	338.969000
41999.656757	339.886000
42064.799754	344.079000
42078.527623	344.932000
42143.233859	349.213000
42154.461913	349.919000
42220.348957	354.326000
42232.349236	355.093000
42297.316181	359.503000
42307.260993	360.144000
42372.233014	364.580000
42380.472378	365.127000
42445.980649	369.562000
42455.953547	370.228000
42523.386841	374.776000
42530.865456	375.273000
42600.946958	379.967000
42602.677070	380.081000
42676.370845	384.951000
42686.313994	385.599000
42754.862276	390.076000
42757.034633	390.217000
42829.455087	394.906000
42836.208947	395.342000
42915.159566	400.437000
42915.332268	400.448000
42988.058463	405.127000
42991.151452	405.327000
43070.316533	410.396000
43071.332539	410.461000
43144.290340	415.167000
43148.729943	415.453000
43227.022255	420.465000
43229.193693	420.606000
43300.865668	425.214000
43305.634538	425.527000
43378.785357	430.208000
43388.703403	430.860000
43460.259964	435.436000
43462.788415	435.603000
43535.769875	440.307000
43542.209060	440.736000
43608.546222	445.054000
43620.359243	445.844000
43690.817943	450.473000
43698.020687	450.952000
43760.797826	455.120000
43770.606342	455.775000
43836.892957	460.219000
43847.647753	460.935000
43914.285531	465.384000
43921.579281	465.863000
43987.371475	470.271000
43999.087439	471.035000
44056.659144	474.886000
44070.732262	475.799000
44143.065312	480.636000
44148.932616	481.018000
44209.359447	485.093000
44221.434882	485.881000
44282.431893	490.016000
44294.790321	490.828000
44364.519928	495.543000
44369.978337	495.899000
44434.633085	500.264000
44443.085716	500.816000
44504.577214	504.993000
44518.393951	505.892000
44588.163180	510.628000
44592.441311	510.905000
44653.379604	515.009000
44667.862637	515.951000
44732.305952	520.310000
44746.922648	521.262000
44807.995373	525.407000
44820.183251	526.200000
44878.689097	530.132000
44901.491887	531.621000
44959.413207	535.482000
44977.265598	536.643000
45032.065728	540.271000
45056.501314	541.860000
45107.218965	545.240000
45137.669475	547.207000
45185.556880	550.396000
45221.587437	552.740000
45259.991984	555.319000
45288.698513	557.222000
45337.850946	560.510000
45381.162035	563.398000
45408.947709	565.259000
45449.605757	567.944000
45486.891320	570.435000
45536.217119	573.708000
45563.997875	575.583000
45606.157567	578.414000
45630.376659	580.041000
45689.329834	584.004000
45710.023805	585.387000
45765.828608	589.133000
45783.691105	590.322000
45838.158157	593.970000
45853.211704	594.976000
45923.504021	599.676000
45931.581978	600.215000
45993.751125	604.365000
46007.435034	605.275000
46074.315333	609.742000
46077.405253	609.946000
46152.743562	614.938000
46154.414964	615.047000
46232.054162	620.125000
46232.535588	620.156000
46302.315856	624.711000
46310.489815	625.251000
46379.647288	629.762000
46390.748943	630.487000
46461.135256	635.066000
46472.878338	635.831000
46527.990742	639.443000
46545.219385	640.576000
46609.241048	644.808000
46625.295519	645.863000
46683.694365	649.733000
46707.471495	651.291000
46756.118532	654.497000
46777.985310	655.922000
46839.383783	659.955000
46858.238726	661.171000
46918.736038	665.158000
46937.512414	666.365000
46996.973362	670.252000
47012.732792	671.262000
47074.424887	675.264000
47089.464024	676.219000
47159.021746	680.725000
47170.621108	681.456000
47236.216660	685.713000
47250.034981	686.579000
47317.769204	690.946000
47323.793438	691.321000
47396.722348	695.965000
47405.175461	696.486000
47485.108503	701.538000
47487.384665	701.679000
47558.143474	706.200000
47563.155864	706.510000
47643.927613	711.622000
47646.751880	711.800000
47725.194217	716.654000
47726.113696	716.712000
47803.448919	721.468000
47812.321696	722.031000
47890.825201	726.860000
47892.336763	726.956000
47966.964830	731.529000
47983.887028	732.597000
48047.099651	736.508000
48058.707607	737.234000
48133.923289	741.883000
48146.948559	742.696000
48206.147343	746.330000
48230.825285	747.857000
48295.348295	751.774000
48313.254987	752.874000
48374.718335	756.568000
48402.197730	758.249000
48455.769575	761.437000
48482.296396	763.056000
48543.949859	766.695000
48575.153578	768.581000
48625.144060	771.533000
48659.544848	773.590000
48711.225006	776.646000
48744.404804	778.612000
48790.633999	781.338000
48834.707972	783.938000
48881.330240	786.666000
48923.843583	789.177000
48966.894206	791.687000
49005.404100	793.950000
49045.935638	796.300000
49101.152910	799.545000
49138.256590	801.682000
49184.244765	804.383000
49224.338433	806.688000
49278.568960	809.887000
49308.011789	811.571000
49354.354660	814.309000
49391.198704	816.435000
49460.417394	820.512000
49488.738100	822.142000
49533.870978	824.789000
49563.660617	826.486000
49628.858994	830.260000
49652.893757	831.612000
49724.064755	835.709000
49753.305604	837.345000
49807.169937	840.422000
49825.621473	841.453000
49900.590967	845.705000
49924.089964	847.005000
50000.258350	851.273000
50016.027462	852.137000
50078.685085	855.657000
50101.268641	856.878000
50183.467059	861.510000
50191.724000	861.959000
50271.689466	866.446000
50289.743994	867.425000
50362.817322	871.471000
50373.051961	872.022000
50459.018662	876.717000
50465.199866	877.046000
50559.475352	882.148000
50567.069367	882.547000
50643.930427	886.678000
50656.204787	887.323000
50744.541130	892.037000
50746.521286	892.142000
50842.345864	897.169000
50846.626696	897.393000
50937.143943	902.187000
50940.455056	902.359000
51031.748052	907.125000
51035.847303	907.335000
51130.688434	912.205000
51133.758231	912.361000
51231.067638	917.323000
51233.976320	917.470000
51327.867263	922.229000
51331.442553	922.408000
51427.119258	927.215000
51434.853721	927.604000
51525.702481	932.097000
51536.270378	932.622000
51633.344213	937.407000
51635.556743	937.516000
51730.566391	942.196000
51740.073448	942.662000
51830.381925	947.085000
51843.050506	947.704000
51935.103656	952.164000
51949.975636	952.884000
52043.040311	957.385000
52044.048046	957.434000
52136.528097	961.932000
52157.986570	962.959000
52251.568659	967.435000
52261.863891	967.924000
52351.416157	972.128000
52358.268399	972.451000
52455.962692	977.004000
52478.789913	978.083000
52568.064130	982.195000
52580.341664	982.771000
52666.176580	986.758000
52691.390491	987.924000
52759.503115	991.076000
52797.303105	992.804000
52847.085719	995.084000
52908.277989	997.855000
52916.063805	998.206000
52974.326952	1000.847000
52988.556175	1001.484000
53004.285925	1002.187000
53004.532436	1002.198000
53005.519879	1002.242000
53007.741927	1002.341000
53008.707702	1002.384000
53009.583344	1002.423000
53010.167530	1002.449000
53010.953966	1002.484000
53014.594719	1002.646000
53015.067055	1002.667000
53016.821167	1002.746000
53019.341387	1002.858000
53020.827194	1002.924000
53021.435067	1002.951000
53050.428838	1004.241000
53096.082435	1006.265000
53139.708992	1008.185000
53142.610760	1008.312000
53205.351499	1011.069000
53245.040028	1012.790000
53265.827234	1013.694000
53330.618475	1016.486000
53372.061080	1018.260000
53391.226263	1019.081000
53462.645406	1022.122000
53483.704644	1023.017000
53531.767987	1025.063000
53602.267101	1028.037000
53613.621804	1028.514000
53726.493299	1033.223000
53728.793087	1033.317000
53840.172281	1037.998000
53849.125303	1038.358000
53961.812138	1042.983000
53973.617610	1043.457000
54088.385304	1047.998000
54106.506660	1048.705000
54224.410372	1053.322000
54230.686891	1053.565000
54349.121167	1058.135000
54352.166113	1058.251000
54493.858554	1063.635000
54495.842323	1063.709000
54623.720768	1068.466000
54632.093351	1068.775000
54757.312218	1073.364000
54770.503032	1073.837000
54902.742138	1078.574000
54908.802832	1078.790000
55055.148859	1083.945000
55071.126135	1084.508000
55189.006273	1088.725000
55193.339878	1088.878000
55334.801724	1093.785000
55350.584104	1094.324000
55492.434410	1099.230000
55505.311770	1099.661000
55635.073733	1103.978000
55651.242721	1104.507000
55794.293765	1109.196000
55810.210751	1109.708000
55960.204615	1114.501000
55982.822500	1115.229000
56101.971072	1119.011000
56131.369803	1119.935000
56284.316216	1124.719000
56304.273286	1125.319000
56443.168995	1129.518000
56482.524658	1130.659000
56608.644769	1134.322000
56645.148842	1135.328000
56822.246233	1140.196000
56853.254303	1140.987000
56977.514058	1144.203000
57053.865579	1146.099000
57214.016227	1150.121000
57247.144018	1150.883000
57412.382449	1154.994000
57491.170853	1156.713000
57625.779070	1159.910000
57695.875230	1161.390000
57856.135474	1165.080000
57937.929877	1166.760000
58113.286656	1170.514000
58183.910478	1171.876000
58344.539274	1175.044000
58474.721738	1177.282000
58654.820511	1180.449000
58766.021433	1182.155000
59001.578647	1185.630000
59155.538738	1187.380000
59410.595070	1190.531000
59687.044146	1192.585000
59963.339585	1195.323000
60389.191349	1197.710000
60790.631470	1201.028000
61480.871340	1195.323000
61969.343116	1192.585000
62176.615151	1190.531000
62600.710106	1187.380000
62742.363100	1185.630000
63048.083851	1182.155000
63163.727191	1180.449000
63370.159384	1177.282000
63497.428425	1175.044000
63681.708159	1171.876000
63750.766373	1170.514000
63945.422633	1166.760000
64023.898763	1165.080000
64203.554326	1161.390000
64267.832147	1159.910000
64419.249326	1156.713000
64491.627032	1154.994000
64680.050027	1150.883000
64710.678021	1150.121000
64885.533632	1146.099000
64961.029811	1144.203000
65090.537453	1140.987000
65121.100098	1140.196000
65311.931049	1135.328000
65348.529237	1134.322000
65481.446152	1130.659000
65520.731723	1129.518000
65665.564703	1125.319000
65685.411673	1124.719000
65844.536047	1119.935000
65874.076700	1119.011000
65994.407870	1115.229000
66017.342868	1114.501000
66166.254298	1109.708000
66182.277010	1109.196000
66328.048002	1104.507000
66344.186625	1103.978000
66476.136564	1099.661000
66489.091720	1099.230000
66635.672525	1094.324000
66651.256976	1093.785000
66794.938119	1088.878000
66799.348892	1088.725000
66918.792110	1084.508000
66934.529961	1083.945000
67080.822781	1078.790000
67086.954835	1078.574000
67219.869218	1073.837000
67233.073588	1073.364000
67361.049579	1068.775000
67369.481183	1068.466000
67498.375597	1063.709000
67500.364877	1063.635000
67644.697479	1058.251000
67647.750288	1058.135000
67767.710683	1053.565000
67774.008173	1053.322000
67893.262023	1048.705000
67911.316588	1047.998000
68027.708491	1043.457000
68039.688207	1042.983000
68154.878730	1038.358000
68163.650029	1037.998000
68280.064191	1033.317000
68282.300817	1033.223000
68397.510402	1028.514000
68408.943764	1028.037000
68479.738078	1025.063000
68528.238813	1023.017000
68549.263589	1022.122000
68620.817939	1019.081000
68640.099464	1018.260000
68681.511198	1016.486000
68746.735411	1013.694000
68767.713664	1012.790000
68807.287536	1011.069000
68870.867592	1008.312000
68873.757717	1008.185000
68917.626961	1006.265000
68963.616624	1004.241000
68992.714025	1002.951000
68993.320871	1002.924000
68994.806782	1002.858000
68997.328151	1002.746000
68999.105806	1002.667000
68999.572089	1002.646000
69003.215822	1002.484000
69004.002405	1002.449000
69004.586614	1002.423000
69005.462893	1002.384000
69006.428346	1002.341000
69008.651874	1002.242000
69009.639451	1002.198000
69009.886311	1002.187000
69025.640619	1001.484000
69039.893607	1000.847000
69098.887922	998.206000
69106.631339	997.855000
69168.097139	995.084000
69218.446608	992.804000
69256.176589	991.076000
69325.126571	987.924000
69350.323055	986.758000
69436.539062	982.771000
69448.939591	982.195000
69536.587542	978.083000
69560.013340	977.004000
69656.336173	972.451000
69663.266825	972.128000
69752.452051	967.924000
69762.868572	967.435000
69857.104684	962.959000
69878.576714	961.932000
69972.559395	957.434000
69973.566847	957.385000
70066.134489	952.884000
70081.021529	952.164000
70173.145186	947.704000
70185.921172	947.085000
70276.443197	942.662000
70285.957950	942.196000
70381.436557	937.516000
70383.649389	937.407000
70480.777438	932.622000
70491.428172	932.097000
70581.869239	927.604000
70589.734845	927.215000
70685.312129	922.408000
70688.874877	922.229000
70783.929664	917.470000
70786.829846	917.323000
70885.012720	912.361000
70888.072025	912.205000
70983.904785	907.335000
70987.994444	907.125000
71081.027928	902.359000
71084.322598	902.187000
71176.610235	897.393000
71180.839661	897.169000
71276.909930	892.142000
71278.911438	892.037000
71367.811047	887.323000
71379.897797	886.678000
71458.510794	882.547000
71465.934556	882.148000
71563.038968	877.046000
71569.118277	876.717000
71657.327244	872.022000
71667.416201	871.471000
71742.569286	867.425000
71760.250648	866.446000
71842.999029	861.959000
71851.000922	861.510000
71936.181653	856.878000
71957.849241	855.657000
72022.954988	852.137000
72038.334586	851.273000
72116.231079	847.005000
72139.431384	845.705000
72216.291181	841.453000
72234.469344	840.422000
72289.537607	837.345000
72318.176556	835.709000
72391.403792	831.612000
72414.890048	830.260000
72481.981167	826.486000
72511.297978	824.789000
72557.764197	822.142000
72585.556638	820.512000
72656.393154	816.435000
72692.488061	814.309000
72739.938199	811.571000
72768.441265	809.887000
72824.372149	806.688000
72863.447286	804.383000
72910.429064	801.682000
72946.814377	799.545000
73003.155717	796.300000
73043.143571	793.950000
73082.174580	791.687000
73124.887719	789.177000
73167.955494	786.666000
73214.142830	783.938000
73258.577542	781.338000
73304.787408	778.612000
73338.128053	776.646000
73389.703567	773.590000
73424.489590	771.533000
73473.858148	768.581000
73505.796512	766.695000
73566.003476	763.056000
73593.433252	761.437000
73645.667659	758.249000
73673.915548	756.568000
73734.301558	752.874000
73752.604125	751.774000
73816.368229	747.857000
73841.521825	746.330000
73900.251125	742.696000
73913.495102	741.883000
73987.977858	737.234000
73999.723735	736.508000
74062.256400	732.597000
74079.518246	731.529000
74151.976309	726.956000
74153.542960	726.860000
74229.577659	722.031000
74238.730169	721.468000
74313.683855	716.712000
74314.626967	716.654000
74391.577818	711.800000
74394.454360	711.622000
74475.564765	706.510000
74480.462896	706.200000
74553.562943	701.679000
74555.769753	701.538000
74637.324133	696.486000
74645.567425	695.965000
74720.915322	691.321000
74726.804284	690.946000
74796.958504	686.579000
74810.390571	685.713000
74878.317352	681.456000
74889.581235	680.725000
74961.081545	676.219000
74975.823583	675.264000
75038.846231	671.262000
75054.415700	670.252000
75115.066101	666.365000
75133.530049	665.158000
75195.552759	661.171000
75214.003908	659.955000
75276.538438	655.922000
75298.232666	654.497000
75347.429079	651.291000
75371.069779	649.733000
75430.131071	645.863000
75446.051170	644.808000
75510.451664	640.576000
75527.591679	639.443000
75582.516534	635.831000
75594.189011	635.066000
75664.478651	630.487000
75675.623022	629.762000
75744.698287	625.251000
75752.976947	624.711000
75821.925803	620.156000
75822.400707	620.125000
75901.261373	615.047000
75902.927909	614.938000
75979.475078	609.946000
75982.553807	609.742000
76050.213972	605.275000
76063.838568	604.365000
76126.243208	600.215000
76134.317707	599.676000
76204.756293	594.976000
76219.801840	593.970000
76274.389653	590.322000
76292.142209	589.133000
76348.418838	585.387000
76369.021626	584.004000
76428.320404	580.041000
76452.523486	578.414000
76494.665004	575.583000
76522.587795	573.708000
76571.081884	570.435000
76608.622538	567.944000
76648.811916	565.259000
76676.992410	563.398000
76720.111715	560.510000
76769.421570	557.222000
76797.869586	555.319000
76836.773496	552.740000
76871.678597	550.396000
76920.697986	547.207000
76950.235310	545.240000
77002.560029	541.860000
77026.403327	540.271000
77082.194584	536.643000
77099.731230	535.482000
77159.100809	531.621000
77181.438247	530.132000
77241.653539	526.200000
77253.452912	525.407000
77317.158785	521.262000
77331.185620	520.310000
77398.112279	515.951000
77412.038776	515.009000
77475.136829	510.905000
77479.249867	510.628000
77552.395085	505.892000
77565.638864	504.993000
77629.835204	500.816000
77637.961445	500.264000
77704.801542	495.899000
77710.074644	495.543000
77782.367899	490.828000
77794.376476	490.016000
77857.310097	485.881000
77868.934195	485.093000
77931.380126	481.018000
77937.044678	480.636000
78011.338264	475.799000
78024.991371	474.886000
78084.351257	471.035000
78095.772909	470.271000
78163.369730	465.863000
78170.519109	465.384000
78238.264186	460.935000
78248.988539	460.219000
78315.740371	455.775000
78325.510338	455.120000
78387.925448	450.952000
78395.139999	450.473000
78464.746469	445.844000
78476.771177	445.054000
78541.339058	440.736000
78547.929757	440.307000
78618.535651	435.603000
78621.126617	435.436000
78690.409205	430.860000
78700.604764	430.208000
78771.810857	425.527000
78776.702163	425.214000
78846.909684	420.606000
78849.102771	420.465000
78926.288951	415.453000
78930.756549	415.167000
79003.808198	410.461000
79004.815902	410.396000
79084.048721	405.327000
79087.172220	405.127000
79159.532715	400.448000
79159.703689	400.437000
79239.696161	395.342000
79246.452289	394.906000
79319.087268	390.217000
79321.264978	390.076000
79390.241176	385.599000
79400.162839	384.951000
79474.889898	380.081000
79476.614968	379.967000
79547.853092	375.273000
79555.273310	374.776000
79623.709409	370.228000
79633.584205	369.562000
79699.995325	365.127000
79708.074925	364.580000
79774.893610	360.144000
79784.282038	359.503000
79852.701103	355.093000
79864.000342	354.326000
79932.951099	349.919000
79943.506183	349.213000
80011.590177	344.932000
80024.483057	344.079000
80091.963658	339.886000
80106.210291	338.969000
80179.050003	334.400000
80190.246601	333.681000
80251.898399	329.779000
80269.299648	328.662000
80337.469520	324.327000
80352.420335	323.373000
80418.036476	319.214000
80433.096385	318.264000
80499.720184	314.026000
80516.770343	312.979000
80579.378811	309.113000
80598.306989	307.959000
80664.264273	303.864000
80687.382606	302.446000
80748.254899	298.680000
80762.277886	297.810000
80826.485857	293.920000
80856.693413	292.052000
80909.653967	288.916000
80938.033300	287.172000
80998.743484	283.681000
81025.823485	282.056000
81081.557265	278.949000
81118.995061	276.755000
81169.416562	274.037000
81213.044532	271.601000
81268.264021	268.793000
81307.943082	266.612000
81361.221046	263.996000
81412.190903	261.292000
81458.780822	259.101000
81514.534465	256.228000
81567.619943	253.907000
81629.650729	250.909000
81671.783510	249.006000
81740.179632	245.758000
81773.787297	244.176000
81850.932738	240.610000
81895.338191	238.619000
81965.147247	235.224000
81993.819530	233.968000
82076.123338	230.037000
82102.726293	228.921000
82188.821779	224.914000
82214.339992	223.869000
82311.436241	219.529000
82332.855303	218.704000
82442.811101	214.047000
82446.964883	213.900000
82572.465778	209.540000
82598.553804	208.688000
82753.777959	203.901000
82770.218171	203.459000
82954.053878	198.715000
82958.993176	198.617000
83149.002818	193.926000
83167.240336	193.538000
83405.973212	198.617000
83409.942716	198.715000
83649.045065	203.459000
83666.173097	203.901000
83844.225798	208.688000
83871.852909	209.540000
84005.355017	213.900000
84009.586354	214.047000
84141.179293	218.704000
84160.658256	219.529000
84273.335505	223.869000
84296.714671	224.914000
84394.562980	228.921000
84418.541658	230.037000
84512.247947	233.968000
84538.544966	235.224000
84616.046876	238.619000
84656.986443	240.610000
84736.519264	244.176000
84770.743630	245.758000
84839.743439	249.006000
84879.816659	250.909000
84946.192948	253.907000
84994.216114	256.228000
85059.926833	259.101000
85102.445535	261.292000
85159.944002	263.996000
85209.255076	266.612000
85253.673746	268.793000
85304.759855	271.601000
85352.663941	274.037000
85401.342440	276.755000
85442.043240	278.949000
85495.060210	282.056000
85524.209677	283.681000
85582.385851	287.172000
85612.714857	288.916000
85663.745583	292.052000
85695.292240	293.920000
85758.197697	297.810000
85772.557834	298.680000
85833.259637	302.446000
85856.179688	303.864000
85922.942434	307.959000
85941.529664	309.113000
86004.940699	312.979000
86021.896485	314.026000
86090.911359	318.264000
86105.845906	319.214000
86171.776603	323.373000
86186.827769	324.327000
86254.764650	328.662000
86272.329990	329.779000
86333.117520	333.681000
86344.477757	334.400000
86415.628322	338.969000
86430.247279	339.886000
86495.390277	344.079000
86509.118145	344.932000
86573.824381	349.213000
86585.052435	349.919000
86650.939479	354.326000
86662.939759	355.093000
86727.906703	359.503000
86737.851515	360.144000
86802.823536	364.580000
86811.062900	365.127000
86876.571171	369.562000
86886.544070	370.228000
86953.977364	374.776000
86961.455979	375.273000
87031.537481	379.967000
87033.267593	380.081000
87106.961367	384.951000
87116.904516	385.599000
87185.452798	390.076000
87187.625155	390.217000
87260.045609	394.906000
87266.799470	395.342000
87345.750088	400.437000
87345.922790	400.448000
87418.648985	405.127000
87421.741975	405.327000
87500.907056	410.396000
87501.923061	410.461000
87574.880863	415.167000
87579.320466	415.453000
87657.612777	420.465000
87659.784216	420.606000
87731.456190	425.214000
87736.225060	425.527000
87809.375879	430.208000
87819.293925	430.860000
87890.850486	435.436000
87893.378937	435.603000
87966.360397	440.307000
87972.799583	440.736000
88039.136744	445.054000
88050.949765	445.844000
88121.408466	450.473000
88128.611209	450.952000
88191.388348	455.120000
88201.196864	455.775000
88267.483479	460.219000
88278.238275	460.935000
88344.876054	465.384000
88352.169803	465.863000
88417.961997	470.271000
88429.677962	471.035000
88487.249666	474.886000
88501.322784	475.799000
88573.655834	480.636000
88579.523138	481.018000
88639.949970	485.093000
88652.025404	485.881000
88713.022415	490.016000
88725.380843	490.828000
88795.110450	495.543000
88800.568859	495.899000
88865.223607	500.264000
88873.676238	500.816000
88935.167736	504.993000
88948.984473	505.892000
89018.753703	510.628000
89023.031833	510.905000
89083.970127	515.009000
89098.453159	515.951000
89162.896474	520.310000
89177.513171	521.262000
89238.585895	525.407000
89250.773774	526.200000
89309.279619	530.132000
89332.082409	531.621000
89390.003730	535.482000
89407.856120	536.643000
89462.656250	540.271000
89487.091836	541.860000
89537.809487	545.240000
89568.259997	547.207000
89616.147403	550.396000
89652.177960	552.740000
89690.582506	555.319000
89719.289036	557.222000
89768.441468	560.510000
89811.752557	563.398000
89839.538231	565.259000
89880.196279	567.944000
89917.481843	570.435000
89966.807641	573.708000
89994.588397	575.583000
90036.748089	578.414000
90060.967181	580.041000
90119.920356	584.004000
90140.614328	585.387000
90196.419130	589.133000
90214.281627	590.322000
90268.748679	593.970000
90283.802226	594.976000
90354.094543	599.676000
90362.172500	600.215000
90424.341647	604.365000
90438.025556	605.275000
90504.905855	609.742000
90507.995776	609.946000
90583.334084	614.938000
90585.005486	615.047000
90662.644685	620.125000
90663.126110	620.156000
90732.906378	624.711000
90741.080337	625.251000
90810.237810	629.762000
90821.339466	630.487000
90891.725778	635.066000
90903.468860	635.831000
90958.581264	639.443000
90975.809907	640.576000
91039.831570	644.808000
91055.886041	645.863000
91114.284887	649.733000
91138.062017	651.291000
91186.709055	654.497000
91208.575832	655.922000
91269.974305	659.955000
91288.829249	661.171000
91349.326561	665.158000
91368.102937	666.365000
91427.563884	670.252000
91443.323314	671.262000
91505.015409	675.264000
91520.054547	676.219000
91589.612268	680.725000
91601.211630	681.456000
91666.807182	685.713000
91680.625503	686.579000
91748.359726	690.946000
91754.383961	691.321000
91827.312871	695.965000
91835.765983	696.486000
91915.699025	701.538000
91917.975187	701.679000
91988.733996	706.200000
91993.746386	706.510000
92074.518136	711.622000
92077.342402	711.800000
92155.784740	716.654000
92156.704218	716.712000
92234.039441	721.468000
92242.912218	722.031000
92321.415723	726.860000
92322.927285	726.956000
92397.555353	731.529000
92414.477551	732.597000
92477.690173	736.508000
92489.298129	737.234000
92564.513811	741.883000
92577.539081	742.696000
92636.737865	746.330000
92661.415807	747.857000
92725.938817	751.774000
92743.845509	752.874000
92805.308858	756.568000
92832.788252	758.249000
92886.360097	761.437000
92912.886918	763.056000
92974.540381	766.695000
93005.744100	768.581000
93055.734582	771.533000
93090.135370	773.590000
93141.815528	776.646000
93174.995326	778.612000
93221.224522	781.338000
93265.298494	783.938000
93311.920762	786.666000
93354.434105	789.177000
93397.484729	791.687000
93435.994622	793.950000
93476.526160	796.300000
93531.743432	799.545000
93568.847113	801.682000
93614.835287	804.383000
93654.928955	806.688000
93709.159482	809.887000
93738.602311	811.571000
93784.945182	814.309000
93821.789226	816.435000
93891.007916	820.512000
93919.328623	822.142000
93964.461500	824.789000
93994.251139	826.486000
94059.449517	830.260000
94083.484279	831.612000
94154.655277	835.709000
94183.896126	837.345000
94237.760459	840.422000
94256.211996	841.453000
94331.181489	845.705000
94354.680487	847.005000
94430.848872	851.273000
94446.617984	852.137000
94509.275607	855.657000
94531.859163	856.878000
94614.057582	861.510000
94622.314522	861.959000
94702.279989	866.446000
94720.334516	867.425000
94793.407845	871.471000
94803.642484	872.022000
94889.609185	876.717000
94895.790388	877.046000
94990.065875	882.148000
94997.659889	882.547000
95074.520949	886.678000
95086.795309	887.323000
95175.131652	892.037000
95177.111809	892.142000
95272.936386	897.169000
95277.217218	897.393000
95367.734466	902.187000
95371.045578	902.359000
95462.338574	907.125000
95466.437825	907.335000
95561.278956	912.205000
95564.348753	912.361000
95661.658160	917.323000
95664.566843	917.470000
95758.457785	922.229000
95762.033075	922.408000
95857.709780	927.215000
95865.444243	927.604000
95956.293003	932.097000
95966.860900	932.622000
96063.934735	937.407000
96066.147265	937.516000
96161.156913	942.196000
96170.663971	942.662000
96260.972447	947.085000
96273.641028	947.704000
96365.694178	952.164000
96380.566158	952.884000
96473.630833	957.385000
96474.638568	957.434000
96567.118619	961.932000
96588.577092	962.959000
96682.159181	967.435000
96692.454413	967.924000
96782.006679	972.128000
96788.858921	972.451000
96886.553215	977.004000
96909.380435	978.083000
96998.654652	982.195000
97010.932186	982.771000
97096.767102	986.758000
97121.981013	987.924000
97190.093637	991.076000
97227.893627	992.804000
97277.676241	995.084000
97338.868512	997.855000
97346.654328	998.206000
97404.917474	1000.847000
97419.146697	1001.484000
97434.876447	1002.187000
97435.122958	1002.198000
97436.110401	1002.242000
97438.332449	1002.341000
97439.298224	1002.384000
97440.173867	1002.423000
97440.758053	1002.449000
97441.544489	1002.484000
97445.185242	1002.646000
97445.657577	1002.667000
97447.411689	1002.746000
97449.931910	1002.858000
97451.417717	1002.924000
97452.025589	1002.951000
97481.019360	1004.241000
97526.672957	1006.265000
97570.299514	1008.185000
97573.201282	1008.312000
97635.942021	1011.069000
97675.630551	1012.790000
97696.417756	1013.694000
97761.208998	1016.486000
97802.651603	1018.260000
97821.816785	1019.081000
97893.235928	1022.122000
97914.295167	1023.017000
97962.358510	1025.063000
98032.857623	1028.037000
98044.212327	1028.514000
98157.083822	1033.223000
98159.383609	1033.317000
98270.762803	1037.998000
98279.715826	1038.358000
98392.402660	1042.983000
98404.208132	1043.457000
98518.975827	1047.998000
98537.097182	1048.705000
98655.000894	1053.322000
98661.277413	1053.565000
98779.711689	1058.135000
98782.756636	1058.251000
98924.449076	1063.635000
98926.432845	1063.709000
99054.311291	1068.466000
99062.683873	1068.775000
99187.902740	1073.364000
99201.093554	1073.837000
99333.332660	1078.574000
99339.393354	1078.790000
99485.739382	1083.945000
99501.716658	1084.508000
99619.596795	1088.725000
99623.930400	1088.878000
99765.392246	1093.785000
99781.174626	1094.324000
99923.024932	1099.230000
99935.902292	1099.661000
100065.664256	1103.978000
100081.833243	1104.507000
100224.884288	1109.196000
100240.801274	1109.708000
100390.795138	1114.501000
100413.413022	1115.229000
100532.561594	1119.011000
100561.960325	1119.935000
100714.906738	1124.719000
100734.863808	1125.319000
100873.759517	1129.518000
100913.115181	1130.659000
101039.235291	1134.322000
101075.739364	1135.328000
101252.836755	1140.196000
101283.844825	1140.987000
101408.104580	1144.203000
101484.456101	1146.099000
101644.606749	1150.121000
101677.734540	1150.883000
101842.972971	1154.994000
101921.761375	1156.713000
102056.369592	1159.910000
102126.465753	1161.390000
102286.725996	1165.080000
102368.520399	1166.760000
102543.877178	1170.514000
102614.501000	1171.876000
102775.129796	1175.044000
102905.312260	1177.282000
103085.411033	1180.449000
103196.611955	1182.155000
103432.169169	1185.630000
103586.129260	1187.380000
103841.185592	1190.531000
104117.634668	1192.585000
104393.930108	1195.323000
104819.781871	1197.710000
105221.221992	1201.028000
105911.461862	1195.323000
106399.933638	1192.585000
106607.205673	1190.531000
107031.300629	1187.380000
107172.953622	1185.630000
107478.674374	1182.155000
107594.317714	1180.449000
107800.749906	1177.282000
107928.018947	1175.044000
108112.298682	1171.876000
108181.356895	1170.514000
108376.013156	1166.760000
108454.489285	1165.080000
108634.144848	1161.390000
108698.422669	1159.910000
108849.839848	1156.713000
108922.217554	1154.994000
109110.640550	1150.883000
109141.268544	1150.121000
109316.124155	1146.099000
109391.620333	1144.203000
109521.127975	1140.987000
109551.690620	1140.196000
109742.521571	1135.328000
109779.119759	1134.322000
109912.036675	1130.659000
109951.322246	1129.518000
110096.155226	1125.319000
110116.002195	1124.719000
110275.126569	1119.935000
110304.667223	1119.011000
110424.998393	1115.229000
110447.933390	1114.501000
110596.844821	1109.708000
110612.867532	1109.196000
110758.638524	1104.507000
110774.777147	1103.978000
110906.727087	1099.661000
110919.682242	1099.230000
111066.263047	1094.324000
111081.847498	1093.785000
111225.528641	1088.878000
111229.939414	1088.725000
111349.382632	1084.508000
111365.120483	1083.945000
111511.413303	1078.790000
111517.545358	1078.574000
111650.459741	1073.837000
111663.664110	1073.364000
111791.640102	1068.775000
111800.071706	1068.466000
111928.966119	1063.709000
111930.955399	1063.635000
112075.288001	1058.251000
112078.340810	1058.135000
112198.301206	1053.565000
112204.598696	1053.322000
112323.852546	1048.705000
112341.907110	1047.998000
112458.299014	1043.457000
112470.278729	1042.983000
112585.469252	1038.358000
112594.240551	1037.998000
112710.654713	1033.317000
112712.891339	1033.223000
112828.100924	1028.514000
112839.534286	1028.037000
112910.328600	1025.063000
112958.829335	1023.017000
112979.854111	1022.122000
113051.408461	1019.081000
113070.689986	1018.260000
113112.101720	1016.486000
113177.325933	1013.694000
113198.304186	1012.790000
113237.878059	1011.069000
113301.458114	1008.312000
113304.348239	1008.185000
113348.217484	1006.265000
113394.207146	1004.241000
113423.304547	1002.951000
113423.911394	1002.924000
113425.397304	1002.858000
113427.918673	1002.746000
113429.696329	1002.667000
113430.162612	1002.646000
113433.806345	1002.484000
113434.592927	1002.449000
113435.177137	1002.423000
113436.053415	1002.384000
113437.018868	1002.341000
113439.242396	1002.242000
113440.229973	1002.198000
113440.476834	1002.187000
113456.231141	1001.484000
113470.484129	1000.847000
113529.478444	998.206000
113537.221861	997.855000
113598.687662	995.084000
113649.037130	992.804000
113686.767111	991.076000
113755.717093	987.924000
113780.913578	986.758000
113867.129584	982.771000
113879.530114	982.195000
113967.178065	978.083000
113990.603862	977.004000
114086.926695	972.451000
114093.857347	972.128000
114183.042573	967.924000
114193.459095	967.435000
114287.695206	962.959000
114309.167236	961.932000
114403.149917	957.434000
114404.157370	957.385000
114496.725012	952.884000
114511.612051	952.164000
114603.735708	947.704000
114616.511694	947.085000
114707.033719	942.662000
114716.548472	942.196000
114812.027079	937.516000
114814.239911	937.407000
114911.367960	932.622000
114922.018694	932.097000
115012.459761	927.604000
115020.325367	927.215000
115115.902651	922.408000
115119.465399	922.229000
115214.520186	917.470000
115217.420368	917.323000
115315.603243	912.361000
115318.662547	912.205000
115414.495308	907.335000
115418.584966	907.125000
115511.618451	902.359000
115514.913120	902.187000
115607.200758	897.393000
115611.430183	897.169000
115707.500453	892.142000
115709.501961	892.037000
115798.401569	887.323000
115810.488319	886.678000
115889.101316	882.547000
115896.525079	882.148000
115993.629491	877.046000
115999.708800	876.717000
116087.917766	872.022000
116098.006723	871.471000
116173.159809	867.425000
116190.841170	866.446000
116273.589551	861.959000
116281.591444	861.510000
116366.772175	856.878000
116388.439763	855.657000
116453.545510	852.137000
116468.925109	851.273000
116546.821601	847.005000
116570.021906	845.705000
116646.881704	841.453000
116665.059866	840.422000
116720.128129	837.345000
116748.767079	835.709000
116821.994314	831.612000
116845.480570	830.260000
116912.571689	826.486000
116941.888501	824.789000
116988.354720	822.142000
117016.147160	820.512000
117086.983677	816.435000
117123.078583	814.309000
117170.528721	811.571000
117199.031787	809.887000
117254.962671	806.688000
117294.037809	804.383000
117341.019586	801.682000
117377.404899	799.545000
117433.746239	796.300000
117473.734094	793.950000
117512.765102	791.687000
117555.478241	789.177000
117598.546016	786.666000
117644.733352	783.938000
117689.168065	781.338000
117735.377930	778.612000
117768.718575	776.646000
117820.294089	773.590000
117855.080112	771.533000
117904.448671	768.581000
117936.387034	766.695000
117996.593998	763.056000
118024.023775	761.437000
118076.258181	758.249000
118104.506070	756.568000
118164.892081	752.874000
118183.194648	751.774000
118246.958751	747.857000
118272.112347	746.330000
118330.841648	742.696000
118344.085624	741.883000
118418.568380	737.234000
118430.314258	736.508000
118492.846922	732.597000
118510.108768	731.529000
118582.566832	726.956000
118584.133482	726.860000
118660.168181	722.031000
118669.320692	721.468000
118744.274377	716.712000
118745.217490	716.654000
118822.168340	711.800000
118825.044883	711.622000
118906.155288	706.510000
118911.053418	706.200000
118984.153465	701.679000
118986.360276	701.538000
119067.914655	696.486000
119076.157948	695.965000
119151.505844	691.321000
119157.394806	690.946000
119227.549026	686.579000
119240.981093	685.713000
119308.907874	681.456000
119320.171757	680.725000
119391.672068	676.219000
119406.414106	675.264000
119469.436753	671.262000
119485.006223	670.252000
119545.656624	666.365000
119564.120571	665.158000
119626.143281	661.171000
119644.594430	659.955000
119707.128960	655.922000
119728.823188	654.497000
119778.019601	651.291000
119801.660301	649.733000
119860.721594	645.863000
119876.641693	644.808000
119941.042187	640.576000
119958.182202	639.443000
120013.107056	635.831000
120024.779533	635.066000
120095.069173	630.487000
120106.213544	629.762000
120175.288810	625.251000
120183.567470	624.711000
120252.516326	620.156000
120252.991230	620.125000
120331.851895	615.047000
120333.518432	614.938000
120410.065601	609.946000
120413.144330	609.742000
120480.804494	605.275000
120494.429090	604.365000
120556.833730	600.215000
120564.908229	599.676000
120635.346815	594.976000
120650.392362	593.970000
120704.980175	590.322000
120722.732731	589.133000
120779.009360	585.387000
120799.612148	584.004000
120858.910926	580.041000
120883.114008	578.414000
120925.255526	575.583000
120953.178318	573.708000
121001.672406	570.435000
121039.213061	567.944000
121079.402438	565.259000
121107.582932	563.398000
121150.702238	560.510000
121200.012092	557.222000
121228.460109	555.319000
121267.364018	552.740000
121302.269120	550.396000
121351.288508	547.207000
121380.825832	545.240000
121433.150551	541.860000
121456.993850	540.271000
121512.785107	536.643000
121530.321752	535.482000
121589.691331	531.621000
121612.028769	530.132000
121672.244061	526.200000
121684.043434	525.407000
121747.749307	521.262000
121761.776143	520.310000
121828.702801	515.951000
121842.629299	515.009000
121905.727352	510.905000
121909.840390	510.628000
121982.985607	505.892000
121996.229386	504.993000
122060.425726	500.816000
122068.551967	500.264000
122135.392064	495.899000
122140.665166	495.543000
122212.958421	490.828000
122224.966998	490.016000
122287.900619	485.881000
122299.524717	485.093000
122361.970649	481.018000
122367.635201	480.636000
122441.928787	475.799000
122455.581893	474.886000
122514.941779	471.035000
122526.363432	470.271000
122593.960252	465.863000
122601.109631	465.384000
122668.854708	460.935000
122679.579061	460.219000
122746.330893	455.775000
122756.100860	455.120000
122818.515970	450.952000
122825.730522	450.473000
122895.336992	445.844000
122907.361700	445.054000
122971.929580	440.736000
122978.520280	440.307000
123049.126173	435.603000
123051.717139	435.436000
123120.999727	430.860000
123131.195286	430.208000
123202.401379	425.527000
123207.292685	425.214000
123277.500206	420.606000
123279.693294	420.465000
123356.879473	415.453000
123361.347071	415.167000
123434.398720	410.461000
123435.406424	410.396000
123514.639243	405.327000
123517.762742	405.127000
123590.123237	400.448000
123590.294211	400.437000
123670.286684	395.342000
123677.042811	394.906000
123749.677790	390.217000
123751.855501	390.076000
123820.831698	385.599000
123830.753362	384.951000
123905.480420	380.081000
123907.205490	379.967000
123978.443614	375.273000
123985.863832	374.776000
124054.299931	370.228000
124064.174727	369.562000
124130.585847	365.127000
124138.665447	364.580000
124205.484133	360.144000
124214.872560	359.503000
124283.291625	355.093000
124294.590864	354.326000
124363.541622	349.919000
124374.096705	349.213000
124442.180699	344.932000
124455.073579	344.079000
124522.554181	339.886000
124536.800813	338.969000
124609.640525	334.400000
124620.837123	333.681000
124682.488922	329.779000
124699.890170	328.662000
124768.060042	324.327000
124783.010858	323.373000
124848.626998	319.214000
124863.686908	318.264000
124930.310706	314.026000
124947.360865	312.979000
125009.969333	309.113000
125028.897511	307.959000
125094.854796	303.864000
125117.973129	302.446000
125178.845421	298.680000
125192.868408	297.810000
125257.076379	293.920000
125287.283935	292.052000
125340.244490	288.916000
125368.623822	287.172000
125429.334006	283.681000
125456.414007	282.056000
125512.147787	278.949000
125549.585583	276.755000
125600.007085	274.037000
125643.635055	271.601000
125698.854544	268.793000
125738.533604	266.612000
125791.811569	263.996000
125842.781426	261.292000
125889.371344	259.101000
125945.124987	256.228000
125998.210465	253.907000
126060.241251	250.909000
126102.374032	249.006000
126170.770154	245.758000
126204.377819	244.176000
126281.523260	240.610000
126325.928713	238.619000
126395.737769	235.224000
126424.410052	233.968000
126506.713860	230.037000
126533.316815	228.921000
126619.412301	224.914000
126644.930515	223.869000
126742.026763	219.529000
126763.445826	218.704000
126873.401623	214.047000
126877.555405	213.900000
127003.056300	209.540000
127029.144327	208.688000
127184.368482	203.901000
127200.808694	203.459000
127384.644400	198.715000
127389.583698	198.617000
127579.593340	193.926000
127597.830859	193.538000
127836.563734	198.617000
127840.533238	198.715000
128079.635587	203.459000
128096.763619	203.901000
128274.816321	208.688000
128302.443431	209.540000
128435.945539	213.900000
128440.176877	214.047000
128571.769815	218.704000
128591.248779	219.529000
128703.926028	223.869000
128727.305194	224.914000
128825.153502	228.921000
128849.132180	230.037000
128942.838469	233.968000
128969.135488	235.224000
129046.637398	238.619000
129087.576966	240.610000
129167.109787	244.176000
129201.334152	245.758000
129270.333961	249.006000
129310.407181	250.909000
129376.783470	253.907000
129424.806637	256.228000
129490.517355	259.101000
129533.036058	261.292000
129590.534524	263.996000
129639.845599	266.612000
129684.264269	268.793000
129735.350377	271.601000
129783.254464	274.037000
129831.932962	276.755000
129872.633762	278.949000
129925.650733	282.056000
129954.800199	283.681000
130012.976373	287.172000
130043.305379	288.916000
130094.336105	292.052000
130125.882762	293.920000
130188.788219	297.810000
130203.148357	298.680000
130263.850160	302.446000
130286.770210	303.864000
130353.532956	307.959000
130372.120186	309.113000
130435.531222	312.979000
130452.487007	314.026000
130521.501882	318.264000
130536.436428	319.214000
130602.367126	323.373000
130617.418291	324.327000
130685.355172	328.662000
130702.920512	329.779000
130763.708043	333.681000
130775.068279	334.400000
130846.218844	338.969000
130860.837801	339.886000
130925.980799	344.079000
130939.708668	344.932000
131004.414903	349.213000
131015.642958	349.919000
131081.530002	354.326000
131093.530281	355.093000
131158.497225	359.503000
131168.442037	360.144000
131233.414058	364.580000
131241.653423	365.127000
131307.161693	369.562000
131317.134592	370.228000
131384.567886	374.776000
131392.046501	375.273000
131462.128003	379.967000
131463.858115	380.081000
131537.551890	384.951000
131547.495038	385.599000
131616.043320	390.076000
131618.215678	390.217000
131690.636132	394.906000
131697.389992	395.342000
131776.340610	400.437000
131776.513313	400.448000
131849.239507	405.127000
131852.332497	405.327000
131931.497578	410.396000
131932.513584	410.461000
132005.471385	415.167000
132009.910988	415.453000
132088.203299	420.465000
132090.374738	420.606000
132162.046712	425.214000
132166.815583	425.527000
132239.966401	430.208000
132249.884447	430.860000
132321.441009	435.436000
132323.969460	435.603000
132396.950920	440.307000
132403.390105	440.736000
132469.727266	445.054000
132481.540288	445.844000
132551.998988	450.473000
132559.201731	450.952000
132621.978870	455.120000
132631.787387	455.775000
132698.074002	460.219000
132708.828797	460.935000
132775.466576	465.384000
132782.760325	465.863000
132848.552520	470.271000
132860.268484	471.035000
132917.840189	474.886000
132931.913306	475.799000
133004.246356	480.636000
133010.113660	481.018000
133070.540492	485.093000
133082.615926	485.881000
133143.612938	490.016000
133155.971366	490.828000
133225.700972	495.543000
133231.159381	495.899000
133295.814129	500.264000
133304.266760	500.816000
133365.758258	504.993000
133379.574995	505.892000
133449.344225	510.628000
133453.622355	510.905000
133514.560649	515.009000
133529.043682	515.951000
133593.486997	520.310000
133608.103693	521.262000
133669.176417	525.407000
133681.364296	526.200000
133739.870141	530.132000
133762.672931	531.621000
133820.594252	535.482000
133838.446643	536.643000
133893.246772	540.271000
133917.682359	541.860000
133968.400010	545.240000
133998.850519	547.207000
134046.737925	550.396000
134082.768482	552.740000
134121.173029	555.319000
134149.879558	557.222000
134199.031991	560.510000
134242.343079	563.398000
134270.128753	565.259000
134310.786801	567.944000
134348.072365	570.435000
134397.398163	573.708000
134425.178919	575.583000
134467.338612	578.414000
134491.557704	580.041000
134550.510878	584.004000
134571.204850	585.387000
134627.009653	589.133000
134644.872149	590.322000
134699.339201	593.970000
134714.392748	594.976000
134784.685065	599.676000
134792.763022	600.215000
134854.932169	604.365000
134868.616078	605.275000
134935.496378	609.742000
134938.586298	609.946000
135013.924606	614.938000
135015.596009	615.047000
135093.235207	620.125000
135093.716633	620.156000
135163.496900	624.711000
135171.670859	625.251000
135240.828333	629.762000
135251.929988	630.487000
135322.316300	635.066000
135334.059383	635.831000
135389.171786	639.443000
135406.400430	640.576000
135470.422092	644.808000
135486.476563	645.863000
135544.875409	649.733000
135568.652540	651.291000
135617.299577	654.497000
135639.166354	655.922000
135700.564827	659.955000
135719.419771	661.171000
135779.917083	665.158000
135798.693459	666.365000
135858.154406	670.252000
135873.913836	671.262000
135935.605932	675.264000
135950.645069	676.219000
136020.202790	680.725000
136031.802153	681.456000
136097.397704	685.713000
136111.216025	686.579000
136178.950248	690.946000
136184.974483	691.321000
136257.903393	695.965000
136266.356505	696.486000
136346.289548	701.538000
136348.565709	701.679000
136419.324518	706.200000
136424.336908	706.510000
136505.108658	711.622000
136507.932925	711.800000
136586.375262	716.654000
136587.294741	716.712000
136664.629964	721.468000
136673.502740	722.031000
136752.006246	726.860000
136753.517807	726.956000
136828.145875	731.529000
136845.068073	732.597000
136908.280696	736.508000
136919.888651	737.234000
136995.104333	741.883000
137008.129603	742.696000
137067.328387	746.330000
137092.006329	747.857000
137156.529339	751.774000
137174.436032	752.874000
137235.899380	756.568000
137263.378774	758.249000
137316.950620	761.437000
137343.477440	763.056000
137405.130903	766.695000
137436.334622	768.581000
137486.325105	771.533000
137520.725892	773.590000
137572.406051	776.646000
137605.585848	778.612000
137651.815044	781.338000
137695.889017	783.938000
137742.511284	786.666000
137785.024627	789.177000
137828.075251	791.687000
137866.585145	793.950000
137907.116682	796.300000
137962.333954	799.545000
137999.437635	801.682000
138045.425810	804.383000
138085.519478	806.688000
138139.750004	809.887000
138169.192833	811.571000
138215.535704	814.309000
138252.379748	816.435000
138321.598438	820.512000
138349.919145	822.142000
138395.052022	824.789000
138424.841661	826.486000
138490.040039	830.260000
138514.074801	831.612000
138585.245800	835.709000
138614.486648	837.345000
138668.350981	840.422000
138686.802518	841.453000
138761.772012	845.705000
138785.271009	847.005000
138861.439394	851.273000
138877.208506	852.137000
138939.866130	855.657000
138962.449686	856.878000
139044.648104	861.510000
139052.905044	861.959000
139132.870511	866.446000
139150.925038	867.425000
139223.998367	871.471000
139234.233006	872.022000
139320.199707	876.717000
139326.380910	877.046000
139420.656397	882.148000
139428.250411	882.547000
139505.111471	886.678000
139517.385832	887.323000
139605.722174	892.037000
139607.702331	892.142000
139703.526909	897.169000
139707.807740	897.393000
139798.324988	902.187000
139801.636101	902.359000
139892.929096	907.125000
139897.028348	907.335000
139991.869479	912.205000
139994.939275	912.361000
140092.248682	917.323000
140095.157365	917.470000
140189.048307	922.229000
140192.623597	922.408000
140288.300302	927.215000
140296.034765	927.604000
140386.883525	932.097000
140397.451422	932.622000
140494.525257	937.407000
140496.737788	937.516000
140591.747435	942.196000
140601.254493	942.662000
140691.562970	947.085000
140704.231551	947.704000
140796.284700	952.164000
140811.156681	952.884000
140904.221355	957.385000
140905.229090	957.434000
140997.709141	961.932000
141019.167614	962.959000
141112.749703	967.435000
141123.044935	967.924000
141212.597201	972.128000
141219.449444	972.451000
141317.143737	977.004000
141339.970958	978.083000
141429.245175	982.195000
141441.522709	982.771000
141527.357625	986.758000
141552.571536	987.924000
141620.684159	991.076000
141658.484149	992.804000
141708.266764	995.084000
141769.459034	997.855000
141777.244850	998.206000
141835.507996	1000.847000
141849.737220	1001.484000
141865.466969	1002.187000
141865.713481	1002.198000
141866.700923	1002.242000
141868.922971	1002.341000
141869.888746	1002.384000
141870.764389	1002.423000
141871.348575	1002.449000
141872.135011	1002.484000
141875.775764	1002.646000
141876.248100	1002.667000
141878.002212	1002.746000
141880.522432	1002.858000
141882.008239	1002.924000
141882.616111	1002.951000
141911.609883	1004.241000
141957.263479	1006.265000
142000.890037	1008.185000
142003.791804	1008.312000
142066.532543	1011.069000
142106.221073	1012.790000
142127.008278	1013.694000
142191.799520	1016.486000
142233.242125	1018.260000
142252.407308	1019.081000
142323.826451	1022.122000
142344.885689	1023.017000
142392.949032	1025.063000
142463.448146	1028.037000
142474.802849	1028.514000
142587.674344	1033.223000
142589.974132	1033.317000
142701.353325	1037.998000
142710.306348	1038.358000
142822.993183	1042.983000
142834.798655	1043.457000
142949.566349	1047.998000
142967.687704	1048.705000
143085.591417	1053.322000
143091.867935	1053.565000
143210.302211	1058.135000
143213.347158	1058.251000
143355.039599	1063.635000
143357.023368	1063.709000
143484.901813	1068.466000
143493.274395	1068.775000
143618.493263	1073.364000
143631.684076	1073.837000
143763.923183	1078.574000
143769.983877	1078.790000
143916.329904	1083.945000
143932.307180	1084.508000
144050.187317	1088.725000
144054.520922	1088.878000
144195.982769	1093.785000
144211.765148	1094.324000
144353.615455	1099.230000
144366.492814	1099.661000
144496.254778	1103.978000
144512.423765	1104.507000
144655.474810	1109.196000
144671.391796	1109.708000
144821.385660	1114.501000
144844.003545	1115.229000
144963.152117	1119.011000
144992.550848	1119.935000
145145.497260	1124.719000
145165.454331	1125.319000
145304.350040	1129.518000
145343.705703	1130.659000
145469.825814	1134.322000
145506.329886	1135.328000
145683.427278	1140.196000
145714.435347	1140.987000
145838.695103	1144.203000
145915.046623	1146.099000
146075.197271	1150.121000
146108.325062	1150.883000
146273.563493	1154.994000
146352.351897	1156.713000
146486.960114	1159.910000
146557.056275	1161.390000
146717.316519	1165.080000
146799.110921	1166.760000
146974.467701	1170.514000
147045.091523	1171.876000
147205.720319	1175.044000
147335.902782	1177.282000
147516.001555	1180.449000
147627.202477	1182.155000
147862.759691	1185.630000
148016.719782	1187.380000
148271.776115	1190.531000
148548.225191	1192.585000
148824.520630	1195.323000
149250.372393	1197.710000
149651.812514	1201.028000
150342.052385	1195.323000
150830.524160	1192.585000
151037.796195	1190.531000
151461.891151	1187.380000
151603.544144	1185.630000
151909.264896	1182.155000
152024.908236	1180.449000
152231.340428	1177.282000
152358.609470	1175.044000
152542.889204	1171.876000
152611.947417	1170.514000
152806.603678	1166.760000
152885.079807	1165.080000
153064.735370	1161.390000
153129.013192	1159.910000
153280.430371	1156.713000
153352.808077	1154.994000
153541.231072	1150.883000
153571.859066	1150.121000
153746.714677	1146.099000
153822.210855	1144.203000
153951.718498	1140.987000
153982.281143	1140.196000
154173.112094	1135.328000
154209.710281	1134.322000
154342.627197	1130.659000
154381.912768	1129.518000
154526.745748	1125.319000
154546.592718	1124.719000
154705.717092	1119.935000
154735.257745	1119.011000
154855.588915	1115.229000
154878.523912	1114.501000
155027.435343	1109.708000
155043.458055	1109.196000
155189.229046	1104.507000
155205.367669	1103.978000
155337.317609	1099.661000
155350.272764	1099.230000
155496.853570	1094.324000
155512.438020	1093.785000
155656.119164	1088.878000
155660.529936	1088.725000
155779.973154	1084.508000
155795.711005	1083.945000
155942.003825	1078.790000
155948.135880	1078.574000
156081.050263	1073.837000
156094.254632	1073.364000
156222.230624	1068.775000
156230.662228	1068.466000
156359.556641	1063.709000
156361.545921	1063.635000
156505.878523	1058.251000
156508.931332	1058.135000
156628.891728	1053.565000
156635.189218	1053.322000
156754.443068	1048.705000
156772.497633	1047.998000
156888.889536	1043.457000
156900.869251	1042.983000
157016.059774	1038.358000
157024.831074	1037.998000
157141.245236	1033.317000
157143.481861	1033.223000
157258.691446	1028.514000
157270.124808	1028.037000
157340.919122	1025.063000
157389.419857	1023.017000
157410.444634	1022.122000
157481.998984	1019.081000
157501.280508	1018.260000
157542.692243	1016.486000
157607.916455	1013.694000
157628.894708	1012.790000
157668.468581	1011.069000
157732.048637	1008.312000
157734.938761	1008.185000
157778.808006	1006.265000
157824.797669	1004.241000
157853.895070	1002.951000
157854.501916	1002.924000
157855.987826	1002.858000
157858.509196	1002.746000
157860.286851	1002.667000
157860.753134	1002.646000
157864.396867	1002.484000
157865.183449	1002.449000
157865.767659	1002.423000
157866.643938	1002.384000
157867.609390	1002.341000
157869.832918	1002.242000
157870.820495	1002.198000
157871.067356	1002.187000
157886.821663	1001.484000
157901.074651	1000.847000
157960.068966	998.206000
157967.812383	997.855000
158029.278184	995.084000
158079.627652	992.804000
158117.357634	991.076000
158186.307615	987.924000
158211.504100	986.758000
158297.720106	982.771000
158310.120636	982.195000
158397.768587	978.083000
158421.194385	977.004000
158517.517218	972.451000
158524.447869	972.128000
158613.633095	967.924000
158624.049617	967.435000
158718.285728	962.959000
158739.757758	961.932000
158833.740439	957.434000
158834.747892	957.385000
158927.315534	952.884000
158942.202574	952.164000
159034.326230	947.704000
159047.102217	947.085000
159137.624242	942.662000
159147.138994	942.196000
159242.617602	937.516000
159244.830433	937.407000
159341.958482	932.622000
159352.609216	932.097000
159443.050283	927.604000
159450.915889	927.215000
159546.493173	922.408000
159550.055922	922.229000
159645.110708	917.470000
159648.010891	917.323000
159746.193765	912.361000
159749.253069	912.205000
159845.085830	907.335000
159849.175489	907.125000
159942.208973	902.359000
159945.503642	902.187000
160037.791280	897.393000
160042.020705	897.169000
160138.090975	892.142000
160140.092483	892.037000
160228.992091	887.323000
160241.078841	886.678000
160319.691838	882.547000
160327.115601	882.148000
160424.220013	877.046000
160430.299322	876.717000
160518.508288	872.022000
160528.597245	871.471000
160603.750331	867.425000
160621.431692	866.446000
160704.180073	861.959000
160712.181967	861.510000
160797.362697	856.878000
160819.030286	855.657000
160884.136032	852.137000
160899.515631	851.273000
160977.412124	847.005000
161000.612429	845.705000
161077.472226	841.453000
161095.650389	840.422000
161150.718651	837.345000
161179.357601	835.709000
161252.584837	831.612000
161276.071092	830.260000
161343.162211	826.486000
161372.479023	824.789000
161418.945242	822.142000
161446.737683	820.512000
161517.574199	816.435000
161553.669106	814.309000
161601.119243	811.571000
161629.622309	809.887000
161685.553194	806.688000
161724.628331	804.383000
161771.610109	801.682000
161807.995421	799.545000
161864.336761	796.300000
161904.324616	793.950000
161943.355625	791.687000
161986.068763	789.177000
162029.136539	786.666000
162075.323874	783.938000
162119.758587	781.338000
162165.968452	778.612000
162199.309097	776.646000
162250.884611	773.590000
162285.670635	771.533000
162335.039193	768.581000
162366.977557	766.695000
162427.184520	763.056000
162454.614297	761.437000
162506.848703	758.249000
162535.096593	756.568000
162595.482603	752.874000
162613.785170	751.774000
162677.549273	747.857000
162702.702869	746.330000
162761.432170	742.696000
162774.676147	741.883000
162849.158902	737.234000
162860.904780	736.508000
162923.437444	732.597000
162940.699291	731.529000
163013.157354	726.956000
163014.724005	726.860000
163090.758703	722.031000
163099.911214	721.468000
163174.864900	716.712000
163175.808012	716.654000
163252.758863	711.800000
163255.635405	711.622000
163336.745810	706.510000
163341.643940	706.200000
163414.743987	701.679000
163416.950798	701.538000
163498.505177	696.486000
163506.748470	695.965000
163582.096366	691.321000
163587.985329	690.946000
163658.139548	686.579000
163671.571616	685.713000
163739.498397	681.456000
163750.762279	680.725000
163822.262590	676.219000
163837.004628	675.264000
163900.027276	671.262000
163915.596745	670.252000
163976.247146	666.365000
163994.711093	665.158000
164056.733803	661.171000
164075.184952	659.955000
164137.719482	655.922000
164159.413711	654.497000
164208.610123	651.291000
164232.250823	649.733000
164291.312116	645.863000
164307.232215	644.808000
164371.632709	640.576000
164388.772724	639.443000
164443.697578	635.831000
164455.370056	635.066000
164525.659695	630.487000
164536.804067	629.762000
164605.879332	625.251000
164614.157992	624.711000
164683.106848	620.156000
164683.581752	620.125000
164762.442417	615.047000
164764.108954	614.938000
164840.656123	609.946000
164843.734852	609.742000
164911.395016	605.275000
164925.019613	604.365000
164987.424252	600.215000
164995.498751	599.676000
165065.937337	594.976000
165080.982884	593.970000
165135.570697	590.322000
165153.323254	589.133000
165209.599883	585.387000
165230.202670	584.004000
165289.501448	580.041000
165313.704531	578.414000
165355.846048	575.583000
165383.768840	573.708000
165432.262928	570.435000
165469.803583	567.944000
165509.992960	565.259000
165538.173454	563.398000
165581.292760	560.510000
165630.602614	557.222000
165659.050631	555.319000
165697.954540	552.740000
165732.859642	550.396000
165781.879031	547.207000
165811.416355	545.240000
165863.741074	541.860000
165887.584372	540.271000
165943.375629	536.643000
165960.912274	535.482000
166020.281854	531.621000
166042.619291	530.132000
166102.834583	526.200000
166114.633956	525.407000
166178.339829	521.262000
166192.366665	520.310000
166259.293323	515.951000
166273.219821	515.009000
166336.317874	510.905000
166340.430912	510.628000
166413.576129	505.892000
166426.819908	504.993000
166491.016249	500.816000
166499.142489	500.264000
166565.982587	495.899000
166571.255689	495.543000
166643.548943	490.828000
166655.557520	490.016000
166718.491141	485.881000
166730.115239	485.093000
166792.561171	481.018000
166798.225723	480.636000
166872.519309	475.799000
166886.172415	474.886000
166945.532302	471.035000
166956.953954	470.271000
167024.550775	465.863000
167031.700153	465.384000
167099.445230	460.935000
167110.169584	460.219000
167176.921416	455.775000
167186.691382	455.120000
167249.106493	450.952000
167256.321044	450.473000
167325.927514	445.844000
167337.952222	445.054000
167402.520102	440.736000
167409.110802	440.307000
167479.716696	435.603000
167482.307662	435.436000
167551.590249	430.860000
167561.785808	430.208000
167632.991901	425.527000
167637.883208	425.214000
167708.090728	420.606000
167710.283816	420.465000
167787.469995	415.453000
167791.937593	415.167000
167864.989242	410.461000
167865.996947	410.396000
167945.229765	405.327000
167948.353264	405.127000
168020.713759	400.448000
168020.884734	400.437000
168100.877206	395.342000
168107.633334	394.906000
168180.268312	390.217000
168182.446023	390.076000
168251.422220	385.599000
168261.343884	384.951000
168336.070942	380.081000
168337.796012	379.967000
168409.034136	375.273000
168416.454355	374.776000
168484.890453	370.228000
168494.765250	369.562000
168561.176370	365.127000
168569.255969	364.580000
168636.074655	360.144000
168645.463083	359.503000
168713.882147	355.093000
168725.181387	354.326000
168794.132144	349.919000
168804.687228	349.213000
168872.771221	344.932000
168885.664101	344.079000
168953.144703	339.886000
168967.391335	338.969000
169040.231047	334.400000
169051.427645	333.681000
169113.079444	329.779000
169130.480693	328.662000
169198.650565	324.327000
169213.601380	323.373000
169279.217521	319.214000
169294.277430	318.264000
169360.901228	314.026000
169377.951387	312.979000
169440.559855	309.113000
169459.488033	307.959000
169525.445318	303.864000
169548.563651	302.446000
169609.435943	298.680000
169623.458930	297.810000
169687.666901	293.920000
169717.874457	292.052000
169770.835012	288.916000
169799.214344	287.172000
169859.924528	283.681000
169887.004529	282.056000
169942.738309	278.949000
169980.176106	276.755000
170030.597607	274.037000
170074.225577	271.601000
170129.445066	268.793000
170169.124126	266.612000
170222.402091	263.996000
170273.371948	261.292000
170319.961867	259.101000
170375.715510	256.228000
170428.800988	253.907000
170490.831773	250.909000
170532.964554	249.006000
170601.360676	245.758000
170634.968342	244.176000
170712.113782	240.610000
170756.519236	238.619000
170826.328292	235.224000
170855.000574	233.968000
170937.304382	230.037000
170963.907338	228.921000
171050.002823	224.914000
171075.521037	223.869000
171172.617286	219.529000
171194.036348	218.704000
171303.992146	214.047000
171308.145927	213.900000
171433.646822	209.540000
171459.734849	208.688000
171614.959004	203.901000
171631.399216	203.459000
171815.234922	198.715000
171820.174220	198.617000
172010.183862	193.926000
172028.421381	193.538000
172267.154256	198.617000
172271.123761	198.715000
172510.226110	203.459000
172527.354141	203.901000
172705.406843	208.688000
172733.033954	209.540000
172866.536061	213.900000
172870.767399	214.047000
173002.360337	218.704000
173021.839301	219.529000
173134.516550	223.869000
173157.895716	224.914000
173255.744024	228.921000
173279.722702	230.037000
173373.428991	233.968000
173399.726010	235.224000
173477.227921	238.619000
173518.167488	240.610000
173597.700309	244.176000
173631.924674	245.758000
173700.924483	249.006000
173740.997704	250.909000
173807.373992	253.907000
173855.397159	256.228000
173921.107878	259.101000
173963.626580	261.292000
174021.125046	263.996000
174070.436121	266.612000
174114.854791	268.793000
174165.940899	271.601000
174213.844986	274.037000
174262.523484	276.755000
174303.224284	278.949000
174356.241255	282.056000
174385.390721	283.681000
174443.566895	287.172000
174473.895902	288.916000
174524.926628	292.052000
174556.473284	293.920000
174619.378741	297.810000
174633.738879	298.680000
174694.440682	302.446000
174717.360733	303.864000
174784.123478	307.959000
174802.710708	309.113000
174866.121744	312.979000
174883.077529	314.026000
174952.092404	318.264000
174967.026951	319.214000
175032.957648	323.373000
175048.008814	324.327000
175115.945694	328.662000
175133.511034	329.779000
175194.298565	333.681000
175205.658801	334.400000
175276.809366	338.969000
175291.428323	339.886000
175356.571321	344.079000
175370.299190	344.932000
175435.005426	349.213000
175446.233480	349.919000
175512.120524	354.326000
175524.120803	355.093000
175589.087748	359.503000
175599.032559	360.144000
175664.004580	364.580000
175672.243945	365.127000
175737.752216	369.562000
175747.725114	370.228000
175815.158408	374.776000
175822.637023	375.273000
175892.718525	379.967000
175894.448637	380.081000
175968.142412	384.951000
175978.085561	385.599000
176046.633843	390.076000
176048.806200	390.217000
176121.226654	394.906000
176127.980514	395.342000
176206.931133	400.437000
176207.103835	400.448000
176279.830029	405.127000
176282.923019	405.327000
176362.088100	410.396000
176363.104106	410.461000
176436.061907	415.167000
176440.501510	415.453000
176518.793821	420.465000
176520.965260	420.606000
176592.637235	425.214000
176597.406105	425.527000
176670.556924	430.208000
176680.474969	430.860000
176752.031531	435.436000
176754.559982	435.603000
176827.541442	440.307000
176833.980627	440.736000
176900.317789	445.054000
176912.130810	445.844000
176982.589510	450.473000
176989.792254	450.952000
177052.569392	455.120000
177062.377909	455.775000
177128.664524	460.219000
177139.419319	460.935000
177206.057098	465.384000
177213.350848	465.863000
177279.143042	470.271000
177290.859006	471.035000
177348.430711	474.886000
177362.503829	475.799000
177434.836878	480.636000
177440.704183	481.018000
177501.131014	485.093000
177513.206448	485.881000
177574.203460	490.016000
177586.561888	490.828000
177656.291495	495.543000
177661.749904	495.899000
177726.404652	500.264000
177734.857283	500.816000
177796.348781	504.993000
177810.165518	505.892000
177879.934747	510.628000
177884.212877	510.905000
177945.151171	515.009000
177959.634204	515.951000
178024.077519	520.310000
178038.694215	521.262000
178099.766939	525.407000
178111.954818	526.200000
178170.460663	530.132000
178193.263453	531.621000
178251.184774	535.482000
178269.037165	536.643000
178323.837295	540.271000
178348.272881	541.860000
178398.990532	545.240000
178429.441042	547.207000
178477.328447	550.396000
178513.359004	552.740000
178551.763551	555.319000
178580.470080	557.222000
178629.622513	560.510000
178672.933601	563.398000
178700.719276	565.259000
178741.377323	567.944000
178778.662887	570.435000
178827.988685	573.708000
178855.769442	575.583000
178897.929134	578.414000
178922.148226	580.041000
178981.101401	584.004000
179001.795372	585.387000
179057.600175	589.133000
179075.462671	590.322000
179129.929723	593.970000
179144.983271	594.976000
179215.275588	599.676000
179223.353545	600.215000
179285.522692	604.365000
179299.206600	605.275000
179366.086900	609.742000
179369.176820	609.946000
179444.515128	614.938000
179446.186531	615.047000
179523.825729	620.125000
179524.307155	620.156000
179594.087423	624.711000
179602.261381	625.251000
179671.418855	629.762000
179682.520510	630.487000
179752.906823	635.066000
179764.649905	635.831000
179819.762309	639.443000
179836.990952	640.576000
179901.012615	644.808000
179917.067086	645.863000
179975.465932	649.733000
179999.243062	651.291000
180047.890099	654.497000
180069.756876	655.922000
180131.155349	659.955000
180150.010293	661.171000
180210.507605	665.158000
180229.283981	666.365000
180288.744928	670.252000
180304.504359	671.262000
180366.196454	675.264000
180381.235591	676.219000
180450.793313	680.725000
180462.392675	681.456000
180527.988227	685.713000
180541.806548	686.579000
180609.540771	690.946000
180615.565005	691.321000
180688.493915	695.965000
180696.947028	696.486000
180776.880070	701.538000
180779.156231	701.679000
180849.915041	706.200000
180854.927431	706.510000
180935.699180	711.622000
180938.523447	711.800000
181016.965784	716.654000
181017.885263	716.712000
181095.220486	721.468000
181104.093262	722.031000
181182.596768	726.860000
181184.108330	726.956000
181258.736397	731.529000
181275.658595	732.597000
181338.871218	736.508000
181350.479173	737.234000
181425.694856	741.883000
181438.720126	742.696000
181497.918910	746.330000
181522.596852	747.857000
181587.119862	751.774000
181605.026554	752.874000
181666.489902	756.568000
181693.969297	758.249000
181747.541142	761.437000
181774.067962	763.056000
181835.721425	766.695000
181866.925145	768.581000
181916.915627	771.533000
181951.316414	773.590000
182002.996573	776.646000
182036.176370	778.612000
182082.405566	781.338000
182126.479539	783.938000
182173.101806	786.666000
182215.615150	789.177000
182258.665773	791.687000
182297.175667	793.950000
182337.707205	796.300000
182392.924477	799.545000
182430.028157	801.682000
182476.016332	804.383000
182516.110000	806.688000
182570.340527	809.887000
182599.783355	811.571000
182646.126227	814.309000
182682.970271	816.435000
182752.188960	820.512000
182780.509667	822.142000
182825.642545	824.789000
182855.432183	826.486000
182920.630561	830.260000
182944.665324	831.612000
183015.836322	835.709000
183045.077171	837.345000
183098.941503	840.422000
183117.393040	841.453000
183192.362534	845.705000
183215.861531	847.005000
183292.029917	851.273000
183307.799029	852.137000
183370.456652	855.657000
183393.040208	856.878000
183475.238626	861.510000
183483.495567	861.959000
183563.461033	866.446000
183581.515561	867.425000
183654.588889	871.471000
183664.823528	872.022000
183750.790229	876.717000
183756.971433	877.046000
183851.246919	882.148000
183858.840933	882.547000
183935.701994	886.678000
183947.976354	887.323000
184036.312697	892.037000
184038.292853	892.142000
184134.117431	897.169000
184138.398262	897.393000
184228.915510	902.187000
184232.226623	902.359000
184323.519619	907.125000
184327.618870	907.335000
184422.460001	912.205000
184425.529798	912.361000
184522.839205	917.323000
184525.747887	917.470000
184619.638829	922.229000
184623.214120	922.408000
184718.890824	927.215000
184726.625287	927.604000
184817.474048	932.097000
184828.041945	932.622000
184925.115780	937.407000
184927.328310	937.516000
185022.337957	942.196000
185031.845015	942.662000
185122.153492	947.085000
185134.822073	947.704000
185226.875222	952.164000
185241.747203	952.884000
185334.811878	957.385000
185335.819612	957.434000
185428.299663	961.932000
185449.758137	962.959000
185543.340226	967.435000
185553.635458	967.924000
185643.187723	972.128000
185650.039966	972.451000
185747.734259	977.004000
185770.561480	978.083000
185859.835697	982.195000
185872.113231	982.771000
185957.948147	986.758000
185983.162058	987.924000
186051.274682	991.076000
186089.074672	992.804000
186138.857286	995.084000
186200.049556	997.855000
186207.835372	998.206000
186266.098519	1000.847000
186280.327742	1001.484000
186296.057492	1002.187000
186296.304003	1002.198000
186297.291445	1002.242000
186299.513494	1002.341000
186300.479269	1002.384000
186301.354911	1002.423000
186301.939097	1002.449000
186302.725533	1002.484000
186306.366286	1002.646000
186306.838622	1002.667000
186308.592734	1002.746000
186311.112954	1002.858000
186312.598761	1002.924000
186313.206634	1002.951000
186342.200405	1004.241000
186387.854001	1006.265000
186431.480559	1008.185000
186434.382327	1008.312000
186497.123066	1011.069000
186536.811595	1012.790000
186557.598801	1013.694000
186622.390042	1016.486000
186663.832647	1018.260000
186682.997830	1019.081000
186754.416973	1022.122000
186775.476211	1023.017000
186823.539554	1025.063000
186894.038668	1028.037000
186905.393371	1028.514000
187018.264866	1033.223000
187020.564654	1033.317000
187131.943848	1037.998000
187140.896870	1038.358000
187253.583705	1042.983000
187265.389177	1043.457000
187380.156871	1047.998000
187398.278227	1048.705000
187516.181939	1053.322000
187522.458457	1053.565000
187640.892733	1058.135000
187643.937680	1058.251000
187785.630121	1063.635000
187787.613890	1063.709000
187915.492335	1068.466000
187923.864917	1068.775000
188049.083785	1073.364000
188062.274599	1073.837000
188194.513705	1078.574000
188200.574399	1078.790000
188346.920426	1083.945000
188362.897702	1084.508000
188480.777840	1088.725000
188485.111445	1088.878000
188626.573291	1093.785000
188642.355670	1094.324000
188784.205977	1099.230000
188797.083337	1099.661000
188926.845300	1103.978000
188943.014288	1104.507000
189086.065332	1109.196000
189101.982318	1109.708000
189251.976182	1114.501000
189274.594067	1115.229000
189393.742639	1119.011000
189423.141370	1119.935000
189576.087783	1124.719000
189596.044853	1125.319000
189734.940562	1129.518000
189774.296225	1130.659000
189900.416336	1134.322000
189936.920408	1135.328000
190114.017800	1140.196000
190145.025869	1140.987000
190269.285625	1144.203000
190345.637146	1146.099000
190505.787794	1150.121000
190538.915585	1150.883000
190704.154015	1154.994000
190782.942419	1156.713000
190917.550637	1159.910000
190987.646797	1161.390000
191147.907041	1165.080000
191229.701443	1166.760000
191405.058223	1170.514000
191475.682045	1171.876000
191636.310841	1175.044000
191766.493305	1177.282000
191946.592078	1180.449000
192057.793000	1182.155000
192293.350214	1185.630000
192447.310304	1187.380000
192702.366637	1190.531000
192978.815713	1192.585000
193255.111152	1195.323000
193680.962916	1197.710000
194082.403037	1201.028000
194772.642907	1195.323000
195261.114682	1192.585000
195468.386718	1190.531000
195892.481673	1187.380000
196034.134666	1185.630000
196339.855418	1182.155000
196455.498758	1180.449000
196661.930951	1177.282000
196789.199992	1175.044000
196973.479726	1171.876000
197042.537940	1170.514000
197237.194200	1166.760000
197315.670330	1165.080000
197495.325893	1161.390000
197559.603714	1159.910000
197711.020893	1156.713000
197783.398599	1154.994000
197971.821594	1150.883000
198002.449588	1150.121000
198177.305199	1146.099000
198252.801378	1144.203000
198382.309020	1140.987000
198412.871665	1140.196000
198603.702616	1135.328000
198640.300803	1134.322000
198773.217719	1130.659000
198812.503290	1129.518000
198957.336270	1125.319000
198977.183240	1124.719000
199136.307614	1119.935000
199165.848267	1119.011000
199286.179437	1115.229000
199309.114435	1114.501000
199458.025865	1109.708000
199474.048577	1109.196000
199619.819569	1104.507000
199635.958192	1103.978000
199767.908131	1099.661000
199780.863287	1099.230000
199927.444092	1094.324000
