0.000000	500.000000
13.045960	500.816000
77.030880	504.993000
91.461402	505.892000
164.063865	510.628000
168.534035	510.905000
231.988638	515.009000
247.115568	515.951000
314.195515	520.310000
329.460157	521.262000
393.013812	525.407000
405.743141	526.200000
466.675505	530.132000
490.483601	531.621000
550.849180	535.482000
569.495482	536.643000
626.641992	540.271000
652.164434	541.860000
705.023434	545.240000
736.847653	547.207000
786.760115	550.396000
824.391798	552.740000
864.391851	555.319000
894.324078	557.222000
945.535348	560.510000
990.672930	563.398000
1019.619404	565.259000
1062.027585	567.944000
1100.879146	570.435000
1152.306784	573.708000
1181.229442	575.583000
1225.140871	578.414000
1250.365349	580.041000
1311.762373	584.004000
1333.324877	585.387000
1391.450024	589.133000
1410.068602	590.322000
1466.811168	593.970000
1482.496577	594.976000
1555.736040	599.676000
1564.154176	600.215000
1628.939019	604.365000
1643.203294	605.275000
1712.894150	609.742000
1716.117151	609.946000
1794.675354	614.938000
1796.420646	615.047000
1877.470939	620.125000
1877.974231	620.156000
1950.833175	624.711000
1959.358703	625.251000
2031.572188	629.762000
2043.163178	630.487000
2116.677381	635.066000
2128.940791	635.831000
2186.464089	639.443000
2204.440965	640.576000
2271.212792	644.808000
2287.965601	645.863000
2348.859779	649.733000
2373.677501	651.291000
2424.427693	654.497000
2447.262656	655.922000
2511.334269	659.955000
2531.042742	661.171000
2594.155492	665.158000
2613.787750	666.365000
2675.864054	670.252000
2692.346493	671.262000
2756.796746	675.264000
2772.539533	676.219000
2845.216252	680.725000
2857.367194	681.456000
2925.892812	685.713000
2940.376104	686.579000
3011.178538	690.946000
3017.496893	691.321000
3093.817737	695.965000
3102.692419	696.486000
3186.403114	701.538000
3188.791568	701.679000
3262.817847	706.200000
3268.078373	706.510000
3352.656275	711.622000
3355.614822	711.800000
3437.935973	716.654000
3438.899089	716.712000
3520.109393	721.468000
3529.397985	722.031000
3611.833100	726.860000
3613.415362	726.956000
3691.811892	731.529000
3709.536289	732.597000
3775.875653	736.508000
3788.044643	737.234000
3866.988738	741.883000
3880.646269	742.696000
3942.822993	746.330000
3968.721325	747.857000
4036.568604	751.774000
4055.374719	752.874000
4120.073802	756.568000
4148.945886	758.249000
4205.398819	761.437000
4233.276706	763.056000
4298.305017	766.695000
4331.131596	768.581000
4383.855725	771.533000
4420.087542	773.590000
4474.585321	776.646000
4509.566195	778.612000
4558.331159	781.338000
4604.820498	783.938000
4654.043202	786.666000
4698.880249	789.177000
4744.350790	791.687000
4784.988826	793.950000
4827.826334	796.300000
4886.094617	799.545000
4925.339891	801.682000
4973.872434	804.383000
5016.289455	806.688000
5073.492259	809.887000
5104.660393	811.571000
5153.534659	814.309000
5192.496742	816.435000
5265.521528	820.512000
5295.479367	822.142000
5343.116979	824.789000
5374.667561	826.486000
5443.588443	830.260000
5469.083519	831.612000
5544.367060	835.709000
5575.405562	837.345000
5632.434742	840.422000
5652.023869	841.453000
5731.467547	845.705000
5756.447236	847.005000
5837.282850	851.273000
5854.066776	852.137000
5920.542245	855.657000
5944.622237	856.878000
6031.795690	861.510000
6040.592872	861.959000
6125.443399	866.446000
6144.686581	867.425000
6222.355684	871.471000
6233.274851	872.022000
6324.813154	876.717000
6331.418296	877.046000
6431.927478	882.148000
6440.057425	882.547000
6522.078266	886.678000
6535.218603	887.323000
6629.578949	892.037000
6631.696046	892.142000
6734.306339	897.169000
6738.892035	897.393000
6835.685769	902.187000
6839.236523	902.359000
6937.064385	907.125000
6941.469623	907.335000
7043.353330	912.205000
7046.656417	912.361000
7151.304707	917.323000
7154.437169	917.470000
7255.504619	922.229000
7259.360806	922.408000
7362.495650	927.215000
7370.831627	927.604000
7469.016735	932.097000
7480.429463	932.622000
7585.400797	937.407000
7587.793555	937.516000
7690.544830	942.196000
7700.835166	942.662000
7798.597625	947.085000
7812.317431	947.704000
7912.155726	952.164000
7928.287638	952.884000
8029.254637	957.385000
8030.346913	957.434000
8130.580497	961.932000
8153.904736	962.959000
8255.635216	967.435000
8266.841134	967.924000
8364.528544	972.128000
8371.997474	972.451000
8478.714782	977.004000
8503.583560	978.083000
8601.327392	982.195000
8614.721854	982.771000
8708.544925	986.758000
8736.129214	987.924000
8810.635046	991.076000
8852.083698	992.804000
8906.651218	995.084000
8973.880001	997.855000
8982.441803	998.206000
9046.439296	1000.847000
9062.109821	1001.484000
9079.439016	1002.187000
9079.710684	1002.198000
9080.799226	1002.242000
9083.248850	1002.341000
9084.313689	1002.384000
9085.279082	1002.423000
9085.923245	1002.449000
9086.790431	1002.484000
9090.805169	1002.646000
9091.326116	1002.667000
9093.255457	1002.746000
9096.035312	1002.858000
9097.674349	1002.924000
9098.344921	1002.951000
9130.317609	1004.241000
9180.700721	1006.265000
9228.924355	1008.185000
9232.135861	1008.312000
9301.511298	1011.069000
9345.528748	1012.790000
9368.568006	1013.694000
9440.530265	1016.486000
9486.631821	1018.260000
9507.947778	1019.081000
9587.496481	1022.122000
9610.963551	1023.017000
9664.501151	1025.063000
9743.202984	1028.037000
9755.891925	1028.514000
9882.244767	1033.223000
9884.832966	1033.317000
10009.286146	1037.998000
10019.406849	1038.358000
10146.086548	1042.983000
10159.437174	1043.457000
10289.766891	1047.998000
10310.430752	1048.705000
10444.728814	1053.322000
10451.902652	1053.565000
10587.407631	1058.135000
10590.905492	1058.251000
10753.808171	1063.635000
10756.102804	1063.709000
10904.159308	1068.466000
10913.879405	1068.775000
11059.609966	1073.364000
11075.083939	1073.837000
11230.271867	1078.574000
11237.398092	1078.790000
11410.257178	1083.945000
11429.126301	1084.508000
11567.533204	1088.725000
11572.647306	1088.878000
11740.775622	1093.785000
11759.656495	1094.324000
11928.452137	1099.230000
11943.996168	1099.661000
12101.064635	1103.978000
12120.792631	1104.507000
12295.171477	1109.196000
12314.757597	1109.708000
12499.962638	1114.501000
12527.785440	1115.229000
12675.425512	1119.011000
12712.050170	1119.935000
12903.099851	1124.719000
12928.624536	1125.319000
13105.651725	1129.518000
13157.236558	1130.659000
13322.335934	1134.322000
13372.127411	1135.328000
13614.225862	1140.196000
13659.931640	1140.987000
13840.103551	1144.203000
13956.477076	1146.099000
14197.057486	1150.121000
14254.187413	1150.883000
14505.418594	1154.994000
14659.257387	1156.713000
14878.369906	1159.910000
15030.501383	1161.390000
15306.327425	1165.080000
15506.102630	1166.760000
15868.784518	1170.514000
16167.455937	1171.876000
16682.430712	1175.044000
17418.805626	1170.514000
18242.015985	1166.760000
18404.324342	1165.080000
18843.116311	1161.390000
18953.745726	1159.910000
19282.370275	1156.713000
19400.185232	1154.994000
19768.091737	1150.883000
19814.659034	1150.121000
20116.203085	1146.099000
20229.614437	1144.203000
20427.007504	1140.987000
20471.322175	1140.196000
20752.606279	1135.328000
20802.637306	1134.322000
20983.935699	1130.659000
21035.363051	1129.518000
21225.200663	1125.319000
21250.496284	1124.719000
21454.013107	1119.935000
21490.913171	1119.011000
21640.820590	1115.229000
21669.239937	1114.501000
21852.419455	1109.708000
21872.203511	1109.196000
22051.577173	1104.507000
22071.250112	1103.978000
22232.243987	1099.661000
22247.925365	1099.230000
22424.860440	1094.324000
22443.405252	1093.785000
22615.294766	1088.878000
22620.536998	1088.725000
22761.492351	1084.508000
22779.970673	1083.945000
22952.742128	1078.790000
22959.985108	1078.574000
23116.267196	1073.837000
23131.763056	1073.364000
23281.890029	1068.775000
23291.702786	1068.466000
23441.341948	1063.709000
23443.645118	1063.635000
23610.595131	1058.251000
23614.104922	1058.135000
23751.908593	1053.565000
23759.113781	1053.322000
23895.416700	1048.705000
23915.981727	1047.998000
24048.703927	1043.457000
24062.308042	1042.983000
24192.575225	1038.358000
24202.435699	1037.998000
24334.032948	1033.317000
24336.532115	1033.223000
24466.189879	1028.514000
24478.988840	1028.037000
24558.101860	1025.063000
24612.245757	1023.017000
24635.665186	1022.122000
24715.400784	1019.081000
24736.877103	1018.260000
24782.936188	1016.486000
24855.492864	1013.694000
24878.792965	1012.790000
24922.654208	1011.069000
24993.169089	1008.312000
24996.364838	1008.185000
25044.916738	1006.265000
25095.752486	1004.241000
25127.864252	1002.951000
25128.533448	1002.924000
25130.172624	1002.858000
25132.954020	1002.746000
25134.914810	1002.667000
25135.427673	1002.646000
25139.446407	1002.484000
25140.313789	1002.449000
25140.957984	1002.423000
25141.924229	1002.384000
25142.988636	1002.341000
25145.440243	1002.242000
25146.528965	1002.198000
25146.801100	1002.187000
25164.163137	1001.484000
25179.865410	1000.847000
25244.835355	998.206000
25253.340891	997.855000
25320.932780	995.084000
25376.249137	992.804000
25417.605573	991.076000
25493.210986	987.924000
25520.772470	986.758000
25615.093708	982.771000
25628.648283	982.195000
25724.269860	978.083000
25749.918108	977.004000
25854.855594	972.451000
25862.426358	972.128000
25959.638059	967.924000
25971.000843	967.435000
26073.572803	962.959000
26096.914448	961.932000
26199.068711	957.434000
26200.160628	957.385000
26300.494044	952.884000
26316.645174	952.164000
26416.573408	947.704000
26430.429888	947.085000
26528.463329	942.662000
26538.763421	942.196000
26642.108424	937.516000
26644.501563	937.407000
26749.541434	932.622000
26761.058665	932.097000
26858.729880	927.604000
26867.230661	927.215000
26970.241049	922.408000
26974.081519	922.229000
27076.604399	917.470000
27079.726255	917.323000
27185.462830	912.361000
27188.752861	912.205000
27291.868461	907.335000
27296.261804	907.125000
27396.239710	902.359000
27399.770216	902.187000
27498.737170	897.393000
27503.259864	897.169000
27606.171893	892.142000
27608.315136	892.037000
27703.362704	887.323000
27716.273697	886.678000
27800.432972	882.547000
27808.355101	882.148000
27912.312461	877.046000
27918.793747	876.717000
28013.052536	872.022000
28023.795370	871.471000
28103.974957	867.425000
28122.768345	866.446000
28210.964627	861.959000
28219.455352	861.510000
28310.209353	856.878000
28333.188366	855.657000
28402.608161	852.137000
28418.924868	851.273000
28501.834355	847.005000
28526.456262	845.705000
28608.159058	841.453000
28627.422094	840.422000
28685.885473	837.345000
28716.207130	835.709000
28793.936190	831.612000
28818.779574	830.260000
28889.947043	826.486000
28920.937699	824.789000
28970.150658	822.142000
28999.485493	820.512000
29074.416848	816.435000
29112.496488	814.309000
29162.674373	811.571000
29192.734367	809.887000
29251.942716	806.688000
29293.159492	804.383000
29342.863774	801.682000
29381.262162	799.545000
29440.855477	796.300000
29483.052847	793.950000
29524.304455	791.687000
29569.378017	789.177000
29614.866674	786.666000
29663.578528	783.938000
29710.491662	781.338000
29759.233946	778.612000
29794.403395	776.646000
29848.778548	773.590000
29885.461117	771.533000
29937.457386	768.581000
29971.142246	766.695000
30034.480486	763.056000
30063.411740	761.437000
30118.306555	758.249000
30148.073613	756.568000
30211.520059	752.874000
30230.786164	751.774000
30297.753030	747.857000
30324.202557	746.330000
30385.836176	742.696000
30399.746378	741.883000
30477.844608	737.234000
30490.172724	736.508000
30555.727706	732.597000
30573.843390	731.529000
30649.736336	726.956000
30651.382098	726.860000
30730.973165	722.031000
30740.584052	721.468000
30819.050382	716.712000
30820.040751	716.654000
30900.643561	711.800000
30903.662343	711.622000
30988.629165	706.510000
30993.758106	706.200000
31070.476948	701.679000
31072.785664	701.538000
31158.363465	696.486000
31166.996338	695.965000
31246.101946	691.321000
31252.264804	690.946000
31325.844151	686.579000
31339.884661	685.713000
31411.080243	681.456000
31422.847268	680.725000
31497.747600	676.219000
31513.150677	675.264000
31579.122022	671.262000
31595.387578	670.252000
31658.820488	666.365000
31678.096562	665.158000
31742.946447	661.171000
31762.195282	659.955000
31827.560638	655.922000
31850.199380	654.497000
31901.574040	651.291000
31926.236798	649.733000
31987.882872	645.863000
32004.483223	644.808000
32071.685012	640.576000
32089.561307	639.443000
32146.871523	635.831000
32159.054613	635.066000
32232.458734	630.487000
32244.098349	629.762000
32316.218287	625.251000
32324.862774	624.711000
32396.777177	620.156000
32397.273034	620.125000
32479.715433	615.047000
32481.455189	614.938000
32561.386376	609.946000
32564.596688	609.742000
32635.170932	605.275000
32649.368085	604.365000
32714.419448	600.215000
32722.833672	599.676000
32796.238571	594.976000
32811.914933	593.970000
32868.794028	590.322000
32887.288247	589.133000
32945.946944	585.387000
32967.406388	584.004000
33029.193954	580.041000
33054.400353	578.414000
33098.291255	575.583000
33127.374240	573.708000
33177.861632	570.435000
33217.001945	567.944000
33258.879280	565.259000
33288.272809	563.398000
33333.193506	560.510000
33384.582830	557.222000
33414.222442	555.319000
33454.787453	552.740000
33491.142678	550.396000
33542.340390	547.207000
33573.126784	545.240000
33627.812020	541.860000
33652.662006	540.271000
33710.934767	536.643000
33729.222280	535.482000
33791.232073	531.621000
33814.512142	530.132000
33877.382147	526.200000
33889.670897	525.407000
33956.206921	521.262000
33970.803563	520.310000
34040.697021	515.951000
34055.193307	515.009000
34121.096618	510.905000
34125.379495	510.628000
34201.808113	505.892000
34215.589704	504.993000
34282.637858	500.816000
34291.093610	500.264000
34360.879904	495.899000
34366.369618	495.543000
34441.858230	490.828000
34454.358472	490.016000
34520.030434	485.881000
34532.127907	485.093000
34597.330712	481.018000
34603.228508	480.636000
34680.818091	475.799000
34695.043494	474.886000
34757.056841	471.035000
34768.956962	470.271000
34839.542562	465.863000
34846.990413	465.384000
34917.686186	460.935000
34928.861603	460.219000
34998.437914	455.775000
35008.615200	455.120000
35073.654244	450.952000
35081.175836	450.473000
35153.734385	445.844000
35166.282410	445.054000
35233.556423	440.736000
35240.439658	440.307000
35314.028512	435.603000
35316.736912	435.436000
35389.000849	430.860000
35399.666330	430.208000
35473.967251	425.527000
35479.083690	425.214000
35552.352988	420.606000
35554.646010	420.465000
35635.275906	415.453000
35639.948960	415.167000
35716.315422	410.461000
35717.368727	410.396000
35800.250223	405.327000
35803.517298	405.127000
35879.135121	400.448000
35879.313875	400.437000
35963.024934	395.342000
35970.086480	394.906000
36046.002654	390.217000
36048.278122	390.076000
36120.334512	385.599000
36130.693412	384.951000
36208.728788	380.081000
36210.528005	379.967000
36284.847114	375.273000
36292.577305	374.776000
36363.920132	370.228000
36374.201438	369.562000
36443.404283	365.127000
36451.813826	364.580000
36521.476668	360.144000
36531.241706	359.503000
36602.761729	355.093000
36614.519819	354.326000
36686.652210	349.919000
36697.649507	349.213000
36768.986764	344.932000
36782.432453	344.079000
36853.220396	339.886000
36868.114645	338.969000
36944.452851	334.400000
36956.160957	333.681000
37020.717786	329.779000
37038.914661	328.662000
37110.264417	324.327000
37125.907561	323.373000
37194.605870	319.214000
37210.380445	318.264000
37280.109949	314.026000
37298.017182	312.979000
37363.735604	309.113000
37383.630051	307.959000
37452.825677	303.864000
37477.108983	302.446000
37540.992602	298.680000
37555.705145	297.810000
37623.235567	293.920000
37654.938949	292.052000
37710.778418	288.916000
37740.582020	287.172000
37804.808608	283.681000
37833.319020	282.056000
37892.506317	278.949000
37932.025258	276.755000
37985.809672	274.037000
38032.131676	271.601000
38091.541353	268.793000
38133.756136	266.612000
38191.406608	263.996000
38245.897704	261.292000
38296.703052	259.101000
38356.564491	256.228000
38415.329805	253.907000
38482.635972	250.909000
38528.949856	249.006000
38603.398884	245.758000
38640.040707	244.176000
38724.445802	240.610000
38773.333002	238.619000
38848.996171	235.224000
38880.722640	233.968000
38970.215799	230.037000
38999.955105	228.921000
39094.027003	224.914000
39122.730904	223.869000
39229.697353	219.529000
39254.217395	218.704000
39376.847186	214.047000
39381.744530	213.900000
39530.809566	209.540000
39562.667709	208.688000
39758.140005	203.901000
39781.069907	203.459000
40048.490611	198.715000
40063.518498	198.617000
40355.398709	193.926000
40393.917910	193.538000
40898.142196	198.617000
40904.239885	198.715000
41631.712291	203.459000
41656.627964	203.901000
41904.966070	208.688000
41939.756627	209.540000
42102.786562	213.900000
42107.812378	214.047000
42262.961553	218.704000
42284.685748	219.529000
42413.676029	223.869000
42439.431775	224.914000
42549.495444	228.921000
42575.695654	230.037000
42680.449427	233.968000
42709.043527	235.224000
42794.800981	238.619000
42839.173696	240.610000
42926.733594	244.176000
42964.178591	245.758000
43039.407821	249.006000
43083.027434	250.909000
43155.990662	253.907000
43208.097938	256.228000
43280.839320	259.101000
43326.490700	261.292000
43389.191594	263.996000
43441.909312	266.612000
43489.973409	268.793000
43544.324216	271.601000
43595.863381	274.037000
43647.547784	276.755000
43690.963164	278.949000
43746.927317	282.056000
43777.883017	283.681000
43839.132154	287.172000
43871.217851	288.916000
43924.809651	292.052000
43958.071171	293.920000
44024.091597	297.810000
44039.194802	298.680000
44102.881510	302.446000
44126.935406	303.864000
44197.062442	307.959000
44216.562259	309.113000
44283.210382	312.979000
44301.008413	314.026000
44373.492513	318.264000
44389.123241	319.214000
44458.182671	323.373000
44473.940831	324.327000
44545.023670	328.662000
44563.408371	329.779000
44626.975250	333.681000
44638.870781	334.400000
44713.271804	338.969000
44728.592910	339.886000
44796.697148	344.079000
44811.097843	344.932000
44878.578491	349.213000
44890.343056	349.919000
44958.990486	354.326000
44971.544501	355.093000
45039.149685	359.503000
45049.545226	360.144000
45117.123554	364.580000
45125.713629	365.127000
45193.897038	369.562000
45204.289168	370.228000
45274.498448	374.776000
45282.294707	375.273000
45355.303794	379.967000
45357.108732	380.081000
45433.970019	384.951000
45444.353370	385.599000
45515.922502	390.076000
45518.191868	390.217000
45593.863297	394.906000
45600.922254	395.342000
45683.441918	400.437000
45683.622649	400.448000
45759.657958	405.127000
45762.890180	405.327000
45845.694180	410.396000
45846.756973	410.461000
45923.016280	415.167000
45927.657335	415.453000
46009.550156	420.465000
46011.818475	420.606000
46086.756383	425.214000
46091.733225	425.527000
46168.250955	430.208000
46178.600068	430.860000
46253.454738	435.436000
46256.091993	435.603000
46332.381302	440.307000
46339.092530	440.736000
46408.374133	445.054000
46420.682255	445.844000
46494.207328	450.473000
46501.715547	450.952000
46567.164387	455.120000
46577.385254	455.775000
46646.435417	460.219000
46657.645281	460.935000
46727.085828	465.384000
46734.697264	465.863000
46803.236153	470.271000
46815.470136	471.035000
46875.453598	474.886000
46890.155801	475.799000
46965.520830	480.636000
46971.648434	481.018000
47034.563406	485.093000
47047.171949	485.881000
47110.652978	490.016000
47123.549140	490.828000
47196.133671	495.543000
47201.833341	495.899000
47269.144023	500.264000
47277.969232	500.816000
47341.954152	504.993000
47356.384674	505.892000
47428.987136	510.628000
47433.457307	510.905000
47496.911910	515.009000
47512.038840	515.951000
47579.118787	520.310000
47594.383428	521.262000
47657.937083	525.407000
47670.666412	526.200000
47731.598776	530.132000
47755.406873	531.621000
47815.772452	535.482000
47834.418753	536.643000
47891.565264	540.271000
47917.087705	541.860000
47969.946706	545.240000
48001.770924	547.207000
48051.683387	550.396000
48089.315069	552.740000
48129.315122	555.319000
48159.247350	557.222000
48210.458620	560.510000
48255.596201	563.398000
48284.542675	565.259000
48326.950857	567.944000
48365.802417	570.435000
48417.230055	573.708000
48446.152714	575.583000
48490.064142	578.414000
48515.288621	580.041000
48576.685644	584.004000
48598.248148	585.387000
48656.373296	589.133000
48674.991873	590.322000
48731.734440	593.970000
48747.419848	594.976000
48820.659312	599.676000
48829.077448	600.215000
48893.862290	604.365000
48908.126565	605.275000
48977.817422	609.742000
48981.040423	609.946000
49059.598626	614.938000
49061.343918	615.047000
49142.394211	620.125000
49142.897502	620.156000
49215.756447	624.711000
49224.281974	625.251000
49296.495459	629.762000
49308.086449	630.487000
49381.600653	635.066000
49393.864062	635.831000
49451.387361	639.443000
49469.364236	640.576000
49536.136064	644.808000
49552.888873	645.863000
49613.783050	649.733000
49638.600772	651.291000
49689.350964	654.497000
49712.185927	655.922000
49776.257541	659.955000
49795.966014	661.171000
49859.078764	665.158000
49878.711022	666.365000
49940.787326	670.252000
49957.269764	671.262000
50021.720017	675.264000
50037.462805	676.219000
50110.139524	680.725000
50122.290465	681.456000
50190.816084	685.713000
50205.299375	686.579000
50276.101810	690.946000
50282.420165	691.321000
50358.741008	695.965000
50367.615690	696.486000
50451.326386	701.538000
50453.714840	701.679000
50527.741118	706.200000
50533.001645	706.510000
50617.579546	711.622000
50620.538094	711.800000
50702.859244	716.654000
50703.822360	716.712000
50785.032665	721.468000
50794.321257	722.031000
50876.756371	726.860000
50878.338633	726.956000
50956.735164	731.529000
50974.459561	732.597000
51040.798925	736.508000
51052.967914	737.234000
51131.912010	741.883000
51145.569541	742.696000
51207.746265	746.330000
51233.644596	747.857000
51301.491876	751.774000
51320.297991	752.874000
51384.997074	756.568000
51413.869157	758.249000
51470.322091	761.437000
51498.199978	763.056000
51563.228289	766.695000
51596.054867	768.581000
51648.778997	771.533000
51685.010814	773.590000
51739.508593	776.646000
51774.489467	778.612000
51823.254430	781.338000
51869.743770	783.938000
51918.966473	786.666000
51963.803521	789.177000
52009.274062	791.687000
52049.912098	793.950000
52092.749606	796.300000
52151.017889	799.545000
52190.263163	801.682000
52238.795706	804.383000
52281.212726	806.688000
52338.415531	809.887000
52369.583665	811.571000
52418.457931	814.309000
52457.420013	816.435000
52530.444800	820.512000
52560.402638	822.142000
52608.040250	824.789000
52639.590833	826.486000
52708.511715	830.260000
52734.006791	831.612000
52809.290332	835.709000
52840.328833	837.345000
52897.358013	840.422000
52916.947140	841.453000
52996.390819	845.705000
53021.370507	847.005000
53102.206121	851.273000
53118.990047	852.137000
53185.465517	855.657000
53209.545509	856.878000
53296.718962	861.510000
53305.516144	861.959000
53390.366671	866.446000
53409.609853	867.425000
53487.278955	871.471000
53498.198123	872.022000
53589.736425	876.717000
53596.341567	877.046000
53696.850750	882.148000
53704.980696	882.547000
53787.001537	886.678000
53800.141874	887.323000
53894.502220	892.037000
53896.619317	892.142000
53999.229611	897.169000
54003.815307	897.393000
54100.609040	902.187000
54104.159794	902.359000
54201.987657	907.125000
54206.392894	907.335000
54308.276602	912.205000
54311.579689	912.361000
54416.227979	917.323000
54419.360441	917.470000
54520.427890	922.229000
54524.284078	922.408000
54627.418921	927.215000
54635.754898	927.604000
54733.940006	932.097000
54745.352735	932.622000
54850.324068	937.407000
54852.716826	937.516000
54955.468102	942.196000
54965.758438	942.662000
55063.520897	947.085000
55077.240702	947.704000
55177.078998	952.164000
55193.210910	952.884000
55294.177908	957.385000
55295.270185	957.434000
55395.503768	961.932000
55418.828008	962.959000
55520.558488	967.435000
55531.764406	967.924000
55629.451816	972.128000
55636.920745	972.451000
55743.638054	977.004000
55768.506832	978.083000
55866.250664	982.195000
55879.645126	982.771000
55973.468196	986.758000
56001.052486	987.924000
56075.558317	991.076000
56117.006970	992.804000
56171.574489	995.084000
56238.803273	997.855000
56247.365075	998.206000
56311.362568	1000.847000
56327.033092	1001.484000
56344.362288	1002.187000
56344.633956	1002.198000
56345.722497	1002.242000
56348.172122	1002.341000
56349.236961	1002.384000
56350.202353	1002.423000
56350.846517	1002.449000
56351.713702	1002.484000
56355.728441	1002.646000
56356.249388	1002.667000
56358.178729	1002.746000
56360.958583	1002.858000
56362.597621	1002.924000
56363.268193	1002.951000
56395.240881	1004.241000
56445.623992	1006.265000
56493.847627	1008.185000
56497.059133	1008.312000
56566.434569	1011.069000
56610.452019	1012.790000
56633.491278	1013.694000
56705.453537	1016.486000
56751.555092	1018.260000
56772.871050	1019.081000
56852.419753	1022.122000
56875.886823	1023.017000
56929.424423	1025.063000
57008.126256	1028.037000
57020.815197	1028.514000
57147.168038	1033.223000
57149.756237	1033.317000
57274.209418	1037.998000
57284.330120	1038.358000
57411.009820	1042.983000
57424.360446	1043.457000
57554.690162	1047.998000
57575.354024	1048.705000
57709.652086	1053.322000
57716.825923	1053.565000
57852.330903	1058.135000
57855.828764	1058.251000
58018.731443	1063.635000
58021.026075	1063.709000
58169.082580	1068.466000
58178.802677	1068.775000
58324.533238	1073.364000
58340.007210	1073.837000
58495.195138	1078.574000
58502.321364	1078.790000
58675.180449	1083.945000
58694.049572	1084.508000
58832.456475	1088.725000
58837.570577	1088.878000
59005.698893	1093.785000
59024.579767	1094.324000
59193.375408	1099.230000
59208.919440	1099.661000
59365.987906	1103.978000
59385.715903	1104.507000
59560.094749	1109.196000
59579.680869	1109.708000
59764.885910	1114.501000
59792.708712	1115.229000
59940.348784	1119.011000
59976.973441	1119.935000
60168.023123	1124.719000
60193.547808	1125.319000
60370.574996	1129.518000
60422.159830	1130.659000
60587.259205	1134.322000
60637.050683	1135.328000
60879.149134	1140.196000
60924.854911	1140.987000
61105.026823	1144.203000
61221.400347	1146.099000
61461.980757	1150.121000
61519.110684	1150.883000
61770.341865	1154.994000
61924.180659	1156.713000
62143.293177	1159.910000
62295.424654	1161.390000
62571.250696	1165.080000
62771.025902	1166.760000
63133.707789	1170.514000
63432.379209	1171.876000
63947.353983	1175.044000
64683.728898	1170.514000
65506.939257	1166.760000
65669.247613	1165.080000
66108.039582	1161.390000
66218.668998	1159.910000
66547.293547	1156.713000
66665.108504	1154.994000
67033.015009	1150.883000
67079.582306	1150.121000
67381.126357	1146.099000
67494.537708	1144.203000
67691.930776	1140.987000
67736.245447	1140.196000
68017.529551	1135.328000
68067.560578	1134.322000
68248.858971	1130.659000
68300.286322	1129.518000
68490.123935	1125.319000
68515.419556	1124.719000
68718.936379	1119.935000
68755.836443	1119.011000
68905.743862	1115.229000
68934.163209	1114.501000
69117.342727	1109.708000
69137.126783	1109.196000
69316.500445	1104.507000
69336.173384	1103.978000
69497.167258	1099.661000
69512.848637	1099.230000
69689.783711	1094.324000
69708.328524	1093.785000
69880.218038	1088.878000
69885.460270	1088.725000
70026.415623	1084.508000
70044.893945	1083.945000
70217.665399	1078.790000
70224.908379	1078.574000
70381.190467	1073.837000
70396.686328	1073.364000
70546.813300	1068.775000
70556.626058	1068.466000
70706.265220	1063.709000
70708.568390	1063.635000
70875.518403	1058.251000
70879.028193	1058.135000
71016.831865	1053.565000
71024.037053	1053.322000
71160.339971	1048.705000
71180.904998	1047.998000
71313.627199	1043.457000
71327.231314	1042.983000
71457.498497	1038.358000
71467.358970	1037.998000
71598.956220	1033.317000
71601.455386	1033.223000
71731.113151	1028.514000
71743.912112	1028.037000
71823.025132	1025.063000
71877.169029	1023.017000
71900.588458	1022.122000
71980.324056	1019.081000
72001.800375	1018.260000
72047.859460	1016.486000
72120.416135	1013.694000
72143.716236	1012.790000
72187.577480	1011.069000
72258.092360	1008.312000
72261.288110	1008.185000
72309.840010	1006.265000
72360.675758	1004.241000
72392.787524	1002.951000
72393.456720	1002.924000
72395.095896	1002.858000
72397.877292	1002.746000
72399.838082	1002.667000
72400.350945	1002.646000
72404.369679	1002.484000
72405.237061	1002.449000
72405.881256	1002.423000
72406.847501	1002.384000
72407.911908	1002.341000
72410.363515	1002.242000
72411.452237	1002.198000
72411.724372	1002.187000
72429.086409	1001.484000
72444.788682	1000.847000
72509.758627	998.206000
72518.264162	997.855000
72585.856051	995.084000
72641.172409	992.804000
72682.528845	991.076000
72758.134257	987.924000
72785.695742	986.758000
72880.016980	982.771000
72893.571555	982.195000
72989.193132	978.083000
73014.841380	977.004000
73119.778865	972.451000
73127.349630	972.128000
73224.561330	967.924000
73235.924114	967.435000
73338.496074	962.959000
73361.837719	961.932000
73463.991983	957.434000
73465.083900	957.385000
73565.417315	952.884000
73581.568446	952.164000
73681.496679	947.704000
73695.353160	947.085000
73793.386601	942.662000
73803.686692	942.196000
73907.031696	937.516000
73909.424834	937.407000
74014.464705	932.622000
74025.981936	932.097000
74123.653152	927.604000
74132.153933	927.215000
74235.164321	922.408000
74239.004791	922.229000
74341.527670	917.470000
74344.649527	917.323000
74450.386102	912.361000
74453.676133	912.205000
74556.791733	907.335000
74561.185076	907.125000
74661.162981	902.359000
74664.693487	902.187000
74763.660442	897.393000
74768.183136	897.169000
74871.095165	892.142000
74873.238407	892.037000
74968.285975	887.323000
74981.196969	886.678000
75065.356243	882.547000
75073.278373	882.148000
75177.235733	877.046000
75183.717019	876.717000
75277.975808	872.022000
75288.718641	871.471000
75368.898228	867.425000
75387.691617	866.446000
75475.887898	861.959000
75484.378624	861.510000
75575.132625	856.878000
75598.111638	855.657000
75667.531433	852.137000
75683.848139	851.273000
75766.757627	847.005000
75791.379533	845.705000
75873.082329	841.453000
75892.345366	840.422000
75950.808745	837.345000
75981.130402	835.709000
76058.859461	831.612000
76083.702846	830.260000
76154.870315	826.486000
76185.860971	824.789000
76235.073930	822.142000
76264.408765	820.512000
76339.340119	816.435000
76377.419760	814.309000
76427.597645	811.571000
76457.657639	809.887000
76516.865988	806.688000
76558.082763	804.383000
76607.787046	801.682000
76646.185433	799.545000
76705.778748	796.300000
76747.976118	793.950000
76789.227727	791.687000
76834.301289	789.177000
76879.789946	786.666000
76928.501800	783.938000
76975.414934	781.338000
77024.157218	778.612000
77059.326667	776.646000
77113.701820	773.590000
77150.384389	771.533000
77202.380657	768.581000
77236.065518	766.695000
77299.403758	763.056000
77328.335012	761.437000
77383.229827	758.249000
77412.996885	756.568000
77476.443331	752.874000
77495.709436	751.774000
77562.676302	747.857000
77589.125828	746.330000
77650.759447	742.696000
77664.669650	741.883000
77742.767879	737.234000
77755.095996	736.508000
77820.650978	732.597000
77838.766662	731.529000
77914.659608	726.956000
77916.305369	726.860000
77995.896437	722.031000
78005.507323	721.468000
78083.973653	716.712000
78084.964023	716.654000
78165.566833	711.800000
78168.585614	711.622000
78253.552436	706.510000
78258.681378	706.200000
78335.400220	701.679000
78337.708936	701.538000
78423.286737	696.486000
78431.919609	695.965000
78511.025217	691.321000
78517.188076	690.946000
78590.767423	686.579000
78604.807933	685.713000
78676.003515	681.456000
78687.770540	680.725000
78762.670872	676.219000
78778.073949	675.264000
78844.045294	671.262000
78860.310850	670.252000
78923.743760	666.365000
78943.019833	665.158000
79007.869719	661.171000
79027.118553	659.955000
79092.483909	655.922000
79115.122652	654.497000
79166.497312	651.291000
79191.160069	649.733000
79252.806144	645.863000
79269.406495	644.808000
79336.608284	640.576000
79354.484579	639.443000
79411.794794	635.831000
79423.977885	635.066000
79497.382006	630.487000
79509.021621	629.762000
79581.141559	625.251000
79589.786046	624.711000
79661.700449	620.156000
79662.196306	620.125000
79744.638705	615.047000
79746.378461	614.938000
79826.309648	609.946000
79829.519959	609.742000
79900.094204	605.275000
79914.291356	604.365000
79979.342720	600.215000
79987.756944	599.676000
80061.161843	594.976000
80076.838205	593.970000
80133.717300	590.322000
80152.211519	589.133000
80210.870216	585.387000
80232.329660	584.004000
80294.117226	580.041000
80319.323625	578.414000
80363.214527	575.583000
80392.297511	573.708000
80442.784904	570.435000
80481.925217	567.944000
80523.802551	565.259000
80553.196081	563.398000
80598.116777	560.510000
80649.506101	557.222000
80679.145714	555.319000
80719.710725	552.740000
80756.065949	550.396000
80807.263661	547.207000
80838.050056	545.240000
80892.735291	541.860000
80917.585277	540.271000
80975.858039	536.643000
80994.145552	535.482000
81056.155345	531.621000
81079.435414	530.132000
81142.305418	526.200000
81154.594168	525.407000
81221.130193	521.262000
81235.726834	520.310000
81305.620293	515.951000
81320.116578	515.009000
81386.019890	510.905000
81390.302767	510.628000
81466.731385	505.892000
81480.512976	504.993000
81547.561129	500.816000
81556.016881	500.264000
81625.803175	495.899000
81631.292890	495.543000
81706.781502	490.828000
81719.281744	490.016000
81784.953706	485.881000
81797.051179	485.093000
81862.253984	481.018000
81868.151780	480.636000
81945.741363	475.799000
81959.966765	474.886000
82021.980113	471.035000
82033.880234	470.271000
82104.465833	465.863000
82111.913685	465.384000
82182.609458	460.935000
82193.784875	460.219000
82263.361186	455.775000
82273.538472	455.120000
82338.577516	450.952000
82346.099108	450.473000
82418.657656	445.844000
82431.205681	445.054000
82498.479695	440.736000
82505.362929	440.307000
82578.951784	435.603000
82581.660184	435.436000
82653.924120	430.860000
82664.589602	430.208000
82738.890523	425.527000
82744.006961	425.214000
82817.276260	420.606000
82819.569281	420.465000
82900.199178	415.453000
82904.872231	415.167000
82981.238694	410.461000
82982.291999	410.396000
83065.173495	405.327000
83068.440569	405.127000
83144.058393	400.448000
83144.237146	400.437000
83227.948206	395.342000
83235.009751	394.906000
83310.925926	390.217000
83313.201394	390.076000
83385.257784	385.599000
83395.616684	384.951000
83473.652060	380.081000
83475.451277	379.967000
83549.770386	375.273000
83557.500577	374.776000
83628.843404	370.228000
83639.124710	369.562000
83708.327554	365.127000
83716.737098	364.580000
83786.399939	360.144000
83796.164977	359.503000
83867.685001	355.093000
83879.443091	354.326000
83951.575482	349.919000
83962.572779	349.213000
84033.910036	344.932000
84047.355725	344.079000
84118.143668	339.886000
84133.037917	338.969000
84209.376123	334.400000
84221.084229	333.681000
84285.641058	329.779000
84303.837932	328.662000
84375.187689	324.327000
84390.830832	323.373000
84459.529141	319.214000
84475.303717	318.264000
84545.033221	314.026000
84562.940454	312.979000
84628.658876	309.113000
84648.553323	307.959000
84717.748949	303.864000
84742.032255	302.446000
84805.915874	298.680000
84820.628416	297.810000
84888.158838	293.920000
84919.862220	292.052000
84975.701689	288.916000
85005.505292	287.172000
85069.731880	283.681000
85098.242292	282.056000
85157.429588	278.949000
85196.948530	276.755000
85250.732943	274.037000
85297.054947	271.601000
85356.464625	268.793000
85398.679407	266.612000
85456.329879	263.996000
85510.820976	261.292000
85561.626323	259.101000
85621.487763	256.228000
85680.253077	253.907000
85747.559244	250.909000
85793.873128	249.006000
85868.322156	245.758000
85904.963979	244.176000
85989.369073	240.610000
86038.256274	238.619000
86113.919443	235.224000
86145.645911	233.968000
86235.139071	230.037000
86264.878377	228.921000
86358.950274	224.914000
86387.654176	223.869000
86494.620625	219.529000
86519.140667	218.704000
86641.770458	214.047000
86646.667801	213.900000
86795.732838	209.540000
86827.590981	208.688000
87023.063277	203.901000
87045.993179	203.459000
87313.413883	198.715000
87328.441770	198.617000
87620.321981	193.926000
87658.841182	193.538000
88163.065468	198.617000
88169.163157	198.715000
88896.635563	203.459000
88921.551236	203.901000
89169.889342	208.688000
89204.679899	209.540000
89367.709833	213.900000
89372.735650	214.047000
89527.884824	218.704000
89549.609020	219.529000
89678.599301	223.869000
89704.355047	224.914000
89814.418716	228.921000
89840.618925	230.037000
89945.372699	233.968000
89973.966799	235.224000
90059.724253	238.619000
90104.096968	240.610000
90191.656866	244.176000
90229.101863	245.758000
90304.331093	249.006000
90347.950705	250.909000
90420.913934	253.907000
90473.021210	256.228000
90545.762592	259.101000
90591.413972	261.292000
90654.114866	263.996000
90706.832584	266.612000
90754.896681	268.793000
90809.247488	271.601000
90860.786652	274.037000
90912.471056	276.755000
90955.886436	278.949000
91011.850589	282.056000
91042.806288	283.681000
91104.055426	287.172000
91136.141123	288.916000
91189.732922	292.052000
91222.994443	293.920000
91289.014869	297.810000
91304.118074	298.680000
91367.804782	302.446000
91391.858677	303.864000
91461.985714	307.959000
91481.485531	309.113000
91548.133654	312.979000
91565.931685	314.026000
91638.415784	318.264000
91654.046513	319.214000
91723.105943	323.373000
91738.864102	324.327000
91809.946942	328.662000
91828.331642	329.779000
91891.898522	333.681000
91903.794053	334.400000
91978.195076	338.969000
91993.516182	339.886000
92061.620420	344.079000
92076.021115	344.932000
92143.501763	349.213000
92155.266328	349.919000
92223.913758	354.326000
92236.467773	355.093000
92304.072956	359.503000
92314.468497	360.144000
92382.046826	364.580000
92390.636901	365.127000
92458.820310	369.562000
92469.212440	370.228000
92539.421720	374.776000
92547.217979	375.273000
92620.227065	379.967000
92622.032003	380.081000
92698.893290	384.951000
92709.276642	385.599000
92780.845774	390.076000
92783.115140	390.217000
92858.786569	394.906000
92865.845526	395.342000
92948.365190	400.437000
92948.545921	400.448000
93024.581230	405.127000
93027.813452	405.327000
93110.617451	410.396000
93111.680244	410.461000
93187.939551	415.167000
93192.580607	415.453000
93274.473427	420.465000
93276.741746	420.606000
93351.679654	425.214000
93356.656497	425.527000
93433.174227	430.208000
93443.523340	430.860000
93518.378010	435.436000
93521.015264	435.603000
93597.304574	440.307000
93604.015802	440.736000
93673.297405	445.054000
93685.605527	445.844000
93759.130600	450.473000
93766.638819	450.952000
93832.087659	455.120000
93842.308526	455.775000
93911.358688	460.219000
93922.568553	460.935000
93992.009100	465.384000
93999.620535	465.863000
94068.159425	470.271000
94080.393408	471.035000
94140.376869	474.886000
94155.079073	475.799000
94230.444102	480.636000
94236.571706	481.018000
94299.486678	485.093000
94312.095220	485.881000
94375.576249	490.016000
94388.472412	490.828000
94461.056942	495.543000
94466.756613	495.899000
94534.067295	500.264000
94542.892503	500.816000
94606.877424	504.993000
94621.307946	505.892000
94693.910408	510.628000
94698.380578	510.905000
94761.835182	515.009000
94776.962111	515.951000
94844.042058	520.310000
94859.306700	521.262000
94922.860355	525.407000
94935.589684	526.200000
94996.522048	530.132000
95020.330145	531.621000
95080.695724	535.482000
95099.342025	536.643000
95156.488535	540.271000
95182.010977	541.860000
95234.869978	545.240000
95266.694196	547.207000
95316.606658	550.396000
95354.238341	552.740000
95394.238394	555.319000
95424.170622	557.222000
95475.381892	560.510000
95520.519473	563.398000
95549.465947	565.259000
95591.874129	567.944000
95630.725689	570.435000
95682.153327	573.708000
95711.075985	575.583000
95754.987414	578.414000
95780.211892	580.041000
95841.608916	584.004000
95863.171420	585.387000
95921.296568	589.133000
95939.915145	590.322000
95996.657712	593.970000
96012.343120	594.976000
96085.582583	599.676000
96094.000720	600.215000
96158.785562	604.365000
96173.049837	605.275000
96242.740694	609.742000
96245.963695	609.946000
96324.521897	614.938000
96326.267190	615.047000
96407.317482	620.125000
96407.820774	620.156000
96480.679718	624.711000
96489.205246	625.251000
96561.418731	629.762000
96573.009721	630.487000
96646.523924	635.066000
96658.787334	635.831000
96716.310633	639.443000
96734.287508	640.576000
96801.059335	644.808000
96817.812144	645.863000
96878.706322	649.733000
96903.524044	651.291000
96954.274236	654.497000
96977.109199	655.922000
97041.180812	659.955000
97060.889286	661.171000
97124.002036	665.158000
97143.634293	666.365000
97205.710597	670.252000
97222.193036	671.262000
97286.643289	675.264000
97302.386076	676.219000
97375.062795	680.725000
97387.213737	681.456000
97455.739355	685.713000
97470.222647	686.579000
97541.025082	690.946000
97547.343436	691.321000
97623.664280	695.965000
97632.538962	696.486000
97716.249657	701.538000
97718.638111	701.679000
97792.664390	706.200000
97797.924917	706.510000
97882.502818	711.622000
97885.461365	711.800000
97967.782516	716.654000
97968.745632	716.712000
98049.955937	721.468000
98059.244529	722.031000
98141.679643	726.860000
98143.261905	726.956000
98221.658436	731.529000
98239.382832	732.597000
98305.722197	736.508000
98317.891186	737.234000
98396.835282	741.883000
98410.492812	742.696000
98472.669537	746.330000
98498.567868	747.857000
98566.415147	751.774000
98585.221262	752.874000
98649.920346	756.568000
98678.792429	758.249000
98735.245362	761.437000
98763.123250	763.056000
98828.151560	766.695000
98860.978139	768.581000
98913.702269	771.533000
98949.934086	773.590000
99004.431864	776.646000
99039.412738	778.612000
99088.177702	781.338000
99134.667041	783.938000
99183.889745	786.666000
99228.726792	789.177000
99274.197333	791.687000
99314.835370	793.950000
99357.672877	796.300000
99415.941161	799.545000
99455.186435	801.682000
99503.718978	804.383000
99546.135998	806.688000
99603.338803	809.887000
99634.506936	811.571000
99683.381202	814.309000
99722.343285	816.435000
99795.368071	820.512000
99825.325910	822.142000
99872.963522	824.789000
99904.514104	826.486000
99973.434987	830.260000
99998.930063	831.612000
100074.213603	835.709000
100105.252105	837.345000
100162.281285	840.422000
100181.870412	841.453000
100261.314091	845.705000
100286.293779	847.005000
100367.129393	851.273000
100383.913319	852.137000
100450.388789	855.657000
100474.468780	856.878000
100561.642233	861.510000
100570.439415	861.959000
100655.289942	866.446000
100674.533125	867.425000
100752.202227	871.471000
100763.121395	872.022000
100854.659697	876.717000
100861.264839	877.046000
100961.774022	882.148000
100969.903968	882.547000
101051.924809	886.678000
101065.065146	887.323000
101159.425492	892.037000
101161.542589	892.142000
101264.152882	897.169000
101268.738579	897.393000
101365.532312	902.187000
101369.083066	902.359000
101466.910929	907.125000
101471.316166	907.335000
101573.199874	912.205000
101576.502961	912.361000
101681.151250	917.323000
101684.283712	917.470000
101785.351162	922.229000
101789.207350	922.408000
101892.342193	927.215000
101900.678170	927.604000
101998.863278	932.097000
102010.276006	932.622000
102115.247340	937.407000
102117.640098	937.516000
102220.391374	942.196000
102230.681710	942.662000
102328.444169	947.085000
102342.163974	947.704000
102442.002269	952.164000
102458.134182	952.884000
102559.101180	957.385000
102560.193457	957.434000
102660.427040	961.932000
102683.751279	962.959000
102785.481760	967.435000
102796.687677	967.924000
102894.375087	972.128000
102901.844017	972.451000
103008.561326	977.004000
103033.430104	978.083000
103131.173935	982.195000
103144.568398	982.771000
103238.391468	986.758000
103265.975758	987.924000
103340.481589	991.076000
103381.930242	992.804000
103436.497761	995.084000
103503.726545	997.855000
103512.288347	998.206000
103576.285840	1000.847000
103591.956364	1001.484000
103609.285560	1002.187000
103609.557227	1002.198000
103610.645769	1002.242000
103613.095393	1002.341000
103614.160233	1002.384000
103615.125625	1002.423000
103615.769788	1002.449000
103616.636974	1002.484000
103620.651713	1002.646000
103621.172660	1002.667000
103623.102000	1002.746000
103625.881855	1002.858000
103627.520892	1002.924000
103628.191464	1002.951000
103660.164152	1004.241000
103710.547264	1006.265000
103758.770898	1008.185000
103761.982404	1008.312000
103831.357841	1011.069000
103875.375291	1012.790000
103898.414550	1013.694000
103970.376809	1016.486000
104016.478364	1018.260000
104037.794322	1019.081000
104117.343024	1022.122000
104140.810095	1023.017000
104194.347695	1025.063000
104273.049528	1028.037000
104285.738469	1028.514000
104412.091310	1033.223000
104414.679509	1033.317000
104539.132689	1037.998000
104549.253392	1038.358000
104675.933092	1042.983000
104689.283717	1043.457000
104819.613434	1047.998000
104840.277296	1048.705000
104974.575357	1053.322000
104981.749195	1053.565000
105117.254175	1058.135000
105120.752036	1058.251000
105283.654715	1063.635000
105285.949347	1063.709000
105434.005852	1068.466000
105443.725948	1068.775000
105589.456510	1073.364000
105604.930482	1073.837000
105760.118410	1078.574000
105767.244636	1078.790000
105940.103721	1083.945000
105958.972844	1084.508000
106097.379747	1088.725000
106102.493849	1088.878000
106270.622165	1093.785000
106289.503039	1094.324000
106458.298680	1099.230000
106473.842711	1099.661000
106630.911178	1103.978000
106650.639174	1104.507000
106825.018021	1109.196000
106844.604140	1109.708000
107029.809182	1114.501000
107057.631983	1115.229000
107205.272055	1119.011000
107241.896713	1119.935000
107432.946395	1124.719000
107458.471080	1125.319000
107635.498268	1129.518000
107687.083102	1130.659000
107852.182477	1134.322000
107901.973955	1135.328000
108144.072405	1140.196000
108189.778183	1140.987000
108369.950094	1144.203000
108486.323619	1146.099000
108726.904029	1150.121000
108784.033956	1150.883000
109035.265137	1154.994000
109189.103931	1156.713000
109408.216449	1159.910000
109560.347926	1161.390000
109836.173968	1165.080000
110035.949174	1166.760000
110398.631061	1170.514000
110697.302480	1171.876000
111212.277255	1175.044000
111948.652170	1170.514000
112771.862528	1166.760000
112934.170885	1165.080000
113372.962854	1161.390000
113483.592269	1159.910000
113812.216819	1156.713000
113930.031776	1154.994000
114297.938280	1150.883000
114344.505578	1150.121000
114646.049628	1146.099000
114759.460980	1144.203000
114956.854048	1140.987000
115001.168719	1140.196000
115282.452822	1135.328000
115332.483850	1134.322000
115513.782243	1130.659000
115565.209594	1129.518000
115755.047206	1125.319000
115780.342827	1124.719000
115983.859651	1119.935000
116020.759715	1119.011000
116170.667133	1115.229000
116199.086481	1114.501000
116382.265999	1109.708000
116402.050055	1109.196000
116581.423717	1104.507000
116601.096655	1103.978000
116762.090530	1099.661000
116777.771908	1099.230000
116954.706983	1094.324000
116973.251796	1093.785000
117145.141310	1088.878000
117150.383542	1088.725000
117291.338894	1084.508000
117309.817217	1083.945000
117482.588671	1078.790000
117489.831651	1078.574000
117646.113739	1073.837000
117661.609599	1073.364000
117811.736572	1068.775000
117821.549329	1068.466000
117971.188491	1063.709000
117973.491662	1063.635000
118140.441675	1058.251000
118143.951465	1058.135000
118281.755137	1053.565000
118288.960325	1053.322000
118425.263243	1048.705000
118445.828270	1047.998000
118578.550471	1043.457000
118592.154586	1042.983000
118722.421768	1038.358000
118732.282242	1037.998000
118863.879492	1033.317000
118866.378658	1033.223000
118996.036423	1028.514000
119008.835383	1028.037000
119087.948404	1025.063000
119142.092301	1023.017000
119165.511730	1022.122000
119245.247328	1019.081000
119266.723646	1018.260000
119312.782732	1016.486000
119385.339407	1013.694000
119408.639508	1012.790000
119452.500752	1011.069000
119523.015632	1008.312000
119526.211381	1008.185000
119574.763282	1006.265000
119625.599030	1004.241000
119657.710795	1002.951000
119658.379991	1002.924000
119660.019167	1002.858000
119662.800564	1002.746000
119664.761354	1002.667000
119665.274217	1002.646000
119669.292951	1002.484000
119670.160333	1002.449000
119670.804528	1002.423000
119671.770773	1002.384000
119672.835180	1002.341000
119675.286787	1002.242000
119676.375508	1002.198000
119676.647644	1002.187000
119694.009681	1001.484000
119709.711953	1000.847000
119774.681898	998.206000
119783.187434	997.855000
119850.779323	995.084000
119906.095681	992.804000
119947.452116	991.076000
120023.057529	987.924000
120050.619014	986.758000
120144.940252	982.771000
120158.494826	982.195000
120254.116404	978.083000
120279.764651	977.004000
120384.702137	972.451000
120392.272902	972.128000
120489.484602	967.924000
120500.847386	967.435000
120603.419346	962.959000
120626.760991	961.932000
120728.915254	957.434000
120730.007172	957.385000
120830.340587	952.884000
120846.491718	952.164000
120946.419951	947.704000
120960.276432	947.085000
121058.309872	942.662000
121068.609964	942.196000
121171.954968	937.516000
121174.348106	937.407000
121279.387977	932.622000
121290.905208	932.097000
121388.576424	927.604000
121397.077204	927.215000
121500.087593	922.408000
121503.928062	922.229000
121606.450942	917.470000
121609.572799	917.323000
121715.309374	912.361000
121718.599405	912.205000
121821.715005	907.335000
121826.108348	907.125000
121926.086253	902.359000
121929.616759	902.187000
122028.583714	897.393000
122033.106408	897.169000
122136.018436	892.142000
122138.161679	892.037000
122233.209247	887.323000
122246.120241	886.678000
122330.279515	882.547000
122338.201644	882.148000
122442.159004	877.046000
122448.640290	876.717000
122542.899079	872.022000
122553.641913	871.471000
122633.821500	867.425000
122652.614889	866.446000
122740.811170	861.959000
122749.301896	861.510000
122840.055897	856.878000
122863.034909	855.657000
122932.454705	852.137000
122948.771411	851.273000
123031.680898	847.005000
123056.302805	845.705000
123138.005601	841.453000
123157.268638	840.422000
123215.732017	837.345000
123246.053674	835.709000
123323.782733	831.612000
123348.626118	830.260000
123419.793586	826.486000
123450.784243	824.789000
123499.997202	822.142000
123529.332036	820.512000
123604.263391	816.435000
123642.343032	814.309000
123692.520916	811.571000
123722.580910	809.887000
123781.789260	806.688000
123823.006035	804.383000
123872.710318	801.682000
123911.108705	799.545000
123970.702020	796.300000
124012.899390	793.950000
124054.150999	791.687000
124099.224561	789.177000
124144.713217	786.666000
124193.425072	783.938000
124240.338206	781.338000
124289.080490	778.612000
124324.249939	776.646000
124378.625092	773.590000
124415.307661	771.533000
124467.303929	768.581000
124500.988790	766.695000
124564.327029	763.056000
124593.258284	761.437000
124648.153098	758.249000
124677.920156	756.568000
124741.366603	752.874000
124760.632708	751.774000
124827.599573	747.857000
124854.049100	746.330000
124915.682719	742.696000
124929.592922	741.883000
125007.691151	737.234000
125020.019268	736.508000
125085.574249	732.597000
125103.689934	731.529000
125179.582880	726.956000
125181.228641	726.860000
125260.819709	722.031000
125270.430595	721.468000
125348.896925	716.712000
125349.887295	716.654000
125430.490105	711.800000
125433.508886	711.622000
125518.475708	706.510000
125523.604650	706.200000
125600.323492	701.679000
125602.632208	701.538000
125688.210009	696.486000
125696.842881	695.965000
125775.948489	691.321000
125782.111348	690.946000
125855.690694	686.579000
125869.731205	685.713000
125940.926786	681.456000
125952.693812	680.725000
126027.594143	676.219000
126042.997221	675.264000
126108.968566	671.262000
126125.234122	670.252000
126188.667031	666.365000
126207.943105	665.158000
126272.792990	661.171000
126292.041825	659.955000
126357.407181	655.922000
126380.045924	654.497000
126431.420584	651.291000
126456.083341	649.733000
126517.729416	645.863000
126534.329766	644.808000
126601.531556	640.576000
126619.407851	639.443000
126676.718066	635.831000
126688.901157	635.066000
126762.305277	630.487000
126773.944892	629.762000
126846.064830	625.251000
126854.709318	624.711000
126926.623721	620.156000
126927.119578	620.125000
127009.561977	615.047000
127011.301733	614.938000
127091.232920	609.946000
127094.443231	609.742000
127165.017476	605.275000
127179.214628	604.365000
127244.265992	600.215000
127252.680216	599.676000
127326.085115	594.976000
127341.761476	593.970000
127398.640571	590.322000
127417.134791	589.133000
127475.793487	585.387000
127497.252932	584.004000
127559.040498	580.041000
127584.246896	578.414000
127628.137799	575.583000
127657.220783	573.708000
127707.708175	570.435000
127746.848489	567.944000
127788.725823	565.259000
127818.119352	563.398000
127863.040049	560.510000
127914.429373	557.222000
127944.068986	555.319000
127984.633997	552.740000
128020.989221	550.396000
128072.186933	547.207000
128102.973328	545.240000
128157.658563	541.860000
128182.508549	540.271000
128240.781311	536.643000
128259.068824	535.482000
128321.078617	531.621000
128344.358686	530.132000
128407.228690	526.200000
128419.517440	525.407000
128486.053465	521.262000
128500.650106	520.310000
128570.543564	515.951000
128585.039850	515.009000
128650.943162	510.905000
128655.226038	510.628000
128731.654657	505.892000
128745.436248	504.993000
128812.484401	500.816000
128820.940153	500.264000
128890.726447	495.899000
128896.216161	495.543000
128971.704774	490.828000
128984.205015	490.016000
129049.876978	485.881000
129061.974451	485.093000
129127.177255	481.018000
129133.075051	480.636000
129210.664635	475.799000
129224.890037	474.886000
129286.903385	471.035000
129298.803505	470.271000
129369.389105	465.863000
129376.836956	465.384000
129447.532730	460.935000
129458.708147	460.219000
129528.284458	455.775000
129538.461743	455.120000
129603.500788	450.952000
129611.022379	450.473000
129683.580928	445.844000
129696.128953	445.054000
129763.402966	440.736000
129770.286201	440.307000
129843.875055	435.603000
129846.583456	435.436000
129918.847392	430.860000
129929.512874	430.208000
130003.813794	425.527000
130008.930233	425.214000
130082.199531	420.606000
130084.492553	420.465000
130165.122449	415.453000
130169.795503	415.167000
130246.161965	410.461000
130247.215271	410.396000
130330.096767	405.327000
130333.363841	405.127000
130408.981664	400.448000
130409.160418	400.437000
130492.871478	395.342000
130499.933023	394.906000
130575.849197	390.217000
130578.124666	390.076000
130650.181055	385.599000
130660.539956	384.951000
130738.575332	380.081000
130740.374549	379.967000
130814.693658	375.273000
130822.423849	374.776000
130893.766676	370.228000
130904.047982	369.562000
130973.250826	365.127000
130981.660369	364.580000
131051.323211	360.144000
131061.088249	359.503000
131132.608273	355.093000
131144.366363	354.326000
131216.498754	349.919000
131227.496050	349.213000
131298.833308	344.932000
131312.278996	344.079000
131383.066940	339.886000
131397.961189	338.969000
131474.299395	334.400000
131486.007500	333.681000
131550.564330	329.779000
131568.761204	328.662000
131640.110960	324.327000
131655.754104	323.373000
131724.452413	319.214000
131740.226988	318.264000
131809.956493	314.026000
131827.863725	312.979000
131893.582147	309.113000
131913.476595	307.959000
131982.672221	303.864000
132006.955526	302.446000
132070.839145	298.680000
132085.551688	297.810000
132153.082110	293.920000
132184.785492	292.052000
132240.624961	288.916000
132270.428564	287.172000
132334.655151	283.681000
132363.165563	282.056000
132422.352860	278.949000
132461.871802	276.755000
132515.656215	274.037000
132561.978219	271.601000
132621.387897	268.793000
132663.602679	266.612000
132721.253151	263.996000
132775.744248	261.292000
132826.549595	259.101000
132886.411035	256.228000
132945.176349	253.907000
133012.482516	250.909000
133058.796400	249.006000
133133.245428	245.758000
133169.887251	244.176000
133254.292345	240.610000
133303.179546	238.619000
133378.842714	235.224000
133410.569183	233.968000
133500.062342	230.037000
133529.801648	228.921000
133623.873546	224.914000
133652.577448	223.869000
133759.543897	219.529000
133784.063938	218.704000
133906.693730	214.047000
133911.591073	213.900000
134060.656109	209.540000
134092.514253	208.688000
134287.986549	203.901000
134310.916451	203.459000
134578.337155	198.715000
134593.365042	198.617000
134885.245253	193.926000
134923.764454	193.538000
135427.988739	198.617000
135434.086429	198.715000
136161.558835	203.459000
136186.474508	203.901000
136434.812614	208.688000
136469.603171	209.540000
136632.633105	213.900000
136637.658922	214.047000
136792.808096	218.704000
136814.532292	219.529000
136943.522573	223.869000
136969.278319	224.914000
137079.341988	228.921000
137105.542197	230.037000
137210.295971	233.968000
137238.890071	235.224000
137324.647524	238.619000
137369.020240	240.610000
137456.580138	244.176000
137494.025135	245.758000
137569.254365	249.006000
137612.873977	250.909000
137685.837206	253.907000
137737.944482	256.228000
137810.685864	259.101000
137856.337243	261.292000
137919.038138	263.996000
137971.755855	266.612000
138019.819953	268.793000
138074.170760	271.601000
138125.709924	274.037000
138177.394328	276.755000
138220.809708	278.949000
138276.773861	282.056000
138307.729560	283.681000
138368.978698	287.172000
138401.064395	288.916000
138454.656194	292.052000
138487.917715	293.920000
138553.938141	297.810000
138569.041345	298.680000
138632.728053	302.446000
138656.781949	303.864000
138726.908985	307.959000
138746.408803	309.113000
138813.056925	312.979000
138830.854956	314.026000
138903.339056	318.264000
138918.969785	319.214000
138988.029214	323.373000
139003.787374	324.327000
139074.870214	328.662000
139093.254914	329.779000
139156.821794	333.681000
139168.717324	334.400000
139243.118348	338.969000
139258.439454	339.886000
139326.543691	344.079000
139340.944387	344.932000
139408.425035	349.213000
139420.189600	349.919000
139488.837030	354.326000
139501.391045	355.093000
139568.996228	359.503000
139579.391769	360.144000
139646.970097	364.580000
139655.560173	365.127000
139723.743582	369.562000
139734.135711	370.228000
139804.344991	374.776000
139812.141250	375.273000
139885.150337	379.967000
139886.955275	380.081000
139963.816562	384.951000
139974.199914	385.599000
140045.769046	390.076000
140048.038411	390.217000
140123.709840	394.906000
140130.768798	395.342000
140213.288462	400.437000
140213.469192	400.448000
140289.504502	405.127000
140292.736723	405.327000
140375.540723	410.396000
140376.603516	410.461000
140452.862823	415.167000
140457.503879	415.453000
140539.396699	420.465000
140541.665018	420.606000
140616.602926	425.214000
140621.579769	425.527000
140698.097498	430.208000
140708.446612	430.860000
140783.301281	435.436000
140785.938536	435.603000
140862.227845	440.307000
140868.939074	440.736000
140938.220677	445.054000
140950.528799	445.844000
141024.053872	450.473000
141031.562091	450.952000
141097.010930	455.120000
141107.231797	455.775000
141176.281960	460.219000
141187.491825	460.935000
141256.932372	465.384000
141264.543807	465.863000
141333.082696	470.271000
141345.316680	471.035000
141405.300141	474.886000
141420.002345	475.799000
141495.367373	480.636000
141501.494977	481.018000
141564.409950	485.093000
141577.018492	485.881000
141640.499521	490.016000
141653.395684	490.828000
141725.980214	495.543000
141731.679884	495.899000
141798.990567	500.264000
141807.815775	500.816000
141871.800695	504.993000
141886.231217	505.892000
141958.833680	510.628000
141963.303850	510.905000
142026.758453	515.009000
142041.885383	515.951000
142108.965330	520.310000
142124.229972	521.262000
142187.783627	525.407000
142200.512956	526.200000
142261.445320	530.132000
142285.253416	531.621000
142345.618995	535.482000
142364.265297	536.643000
142421.411807	540.271000
142446.934249	541.860000
142499.793249	545.240000
142531.617468	547.207000
142581.529930	550.396000
142619.161613	552.740000
142659.161666	555.319000
142689.093894	557.222000
142740.305164	560.510000
142785.442745	563.398000
142814.389219	565.259000
142856.797401	567.944000
142895.648961	570.435000
142947.076599	573.708000
142975.999257	575.583000
143019.910686	578.414000
143045.135164	580.041000
143106.532188	584.004000
143128.094692	585.387000
143186.219839	589.133000
143204.838417	590.322000
143261.580984	593.970000
143277.266392	594.976000
143350.505855	599.676000
143358.923991	600.215000
143423.708834	604.365000
143437.973109	605.275000
143507.663965	609.742000
143510.886966	609.946000
143589.445169	614.938000
143591.190462	615.047000
143672.240754	620.125000
143672.744046	620.156000
143745.602990	624.711000
143754.128518	625.251000
143826.342003	629.762000
143837.932993	630.487000
143911.447196	635.066000
143923.710606	635.831000
143981.233904	639.443000
143999.210780	640.576000
144065.982607	644.808000
144082.735416	645.863000
144143.629594	649.733000
144168.447316	651.291000
144219.197508	654.497000
144242.032471	655.922000
144306.104084	659.955000
144325.812557	661.171000
144388.925307	665.158000
144408.557565	666.365000
144470.633869	670.252000
144487.116308	671.262000
144551.566561	675.264000
144567.309348	676.219000
144639.986067	680.725000
144652.137009	681.456000
144720.662627	685.713000
144735.145919	686.579000
144805.948354	690.946000
144812.266708	691.321000
144888.587552	695.965000
144897.462234	696.486000
144981.172929	701.538000
144983.561383	701.679000
145057.587662	706.200000
145062.848188	706.510000
145147.426090	711.622000
145150.384637	711.800000
145232.705788	716.654000
145233.668904	716.712000
145314.879208	721.468000
145324.167800	722.031000
145406.602915	726.860000
145408.185177	726.956000
145486.581707	731.529000
145504.306104	732.597000
145570.645468	736.508000
145582.814458	737.234000
145661.758553	741.883000
145675.416084	742.696000
145737.592808	746.330000
145763.491140	747.857000
145831.338419	751.774000
145850.144534	752.874000
145914.843617	756.568000
145943.715701	758.249000
146000.168634	761.437000
146028.046521	763.056000
146093.074832	766.695000
146125.901411	768.581000
146178.625540	771.533000
146214.857358	773.590000
146269.355136	776.646000
146304.336010	778.612000
146353.100974	781.338000
146399.590313	783.938000
146448.813017	786.666000
146493.650064	789.177000
146539.120605	791.687000
146579.758641	793.950000
146622.596149	796.300000
146680.864432	799.545000
146720.109706	801.682000
146768.642249	804.383000
146811.059270	806.688000
146868.262074	809.887000
146899.430208	811.571000
146948.304474	814.309000
146987.266557	816.435000
147060.291343	820.512000
147090.249182	822.142000
147137.886794	824.789000
147169.437376	826.486000
147238.358258	830.260000
147263.853335	831.612000
147339.136875	835.709000
147370.175377	837.345000
147427.204557	840.422000
147446.793684	841.453000
147526.237362	845.705000
147551.217051	847.005000
147632.052665	851.273000
147648.836591	852.137000
147715.312060	855.657000
147739.392052	856.878000
147826.565505	861.510000
147835.362687	861.959000
147920.213214	866.446000
147939.456396	867.425000
148017.125499	871.471000
148028.044666	872.022000
148119.582969	876.717000
148126.188111	877.046000
148226.697293	882.148000
148234.827240	882.547000
148316.848081	886.678000
148329.988418	887.323000
148424.348764	892.037000
148426.465861	892.142000
148529.076154	897.169000
148533.661850	897.393000
148630.455584	902.187000
148634.006338	902.359000
148731.834200	907.125000
148736.239438	907.335000
148838.123145	912.205000
148841.426232	912.361000
148946.074522	917.323000
148949.206984	917.470000
149050.274434	922.229000
149054.130621	922.408000
149157.265465	927.215000
149165.601442	927.604000
149263.786550	932.097000
149275.199278	932.622000
149380.170612	937.407000
149382.563370	937.516000
149485.314646	942.196000
149495.604981	942.662000
149593.367441	947.085000
149607.087246	947.704000
149706.925541	952.164000
149723.057453	952.884000
149824.024452	957.385000
149825.116728	957.434000
149925.350312	961.932000
149948.674551	962.959000
150050.405031	967.435000
150061.610949	967.924000
150159.298359	972.128000
150166.767289	972.451000
150273.484597	977.004000
150298.353375	978.083000
150396.097207	982.195000
150409.491669	982.771000
150503.314740	986.758000
150530.899029	987.924000
150605.404861	991.076000
150646.853514	992.804000
150701.421033	995.084000
150768.649816	997.855000
150777.211618	998.206000
150841.209111	1000.847000
150856.879636	1001.484000
150874.208831	1002.187000
150874.480499	1002.198000
150875.569041	1002.242000
150878.018665	1002.341000
150879.083504	1002.384000
150880.048897	1002.423000
150880.693060	1002.449000
150881.560246	1002.484000
150885.574984	1002.646000
150886.095931	1002.667000
150888.025272	1002.746000
150890.805127	1002.858000
150892.444164	1002.924000
150893.114736	1002.951000
150925.087424	1004.241000
150975.470536	1006.265000
151023.694170	1008.185000
151026.905676	1008.312000
151096.281113	1011.069000
151140.298563	1012.790000
151163.337821	1013.694000
151235.300080	1016.486000
151281.401636	1018.260000
151302.717593	1019.081000
151382.266296	1022.122000
151405.733366	1023.017000
151459.270966	1025.063000
151537.972799	1028.037000
151550.661740	1028.514000
151677.014582	1033.223000
151679.602781	1033.317000
151804.055961	1037.998000
151814.176664	1038.358000
151940.856363	1042.983000
151954.206989	1043.457000
152084.536706	1047.998000
152105.200567	1048.705000
152239.498629	1053.322000
152246.672467	1053.565000
152382.177446	1058.135000
152385.675308	1058.251000
152548.577986	1063.635000
152550.872619	1063.709000
152698.929123	1068.466000
152708.649220	1068.775000
152854.379781	1073.364000
152869.853754	1073.837000
153025.041682	1078.574000
153032.167907	1078.790000
153205.026993	1083.945000
153223.896116	1084.508000
153362.303019	1088.725000
153367.417121	1088.878000
153535.545437	1093.785000
153554.426311	1094.324000
153723.221952	1099.230000
153738.765983	1099.661000
153895.834450	1103.978000
153915.562446	1104.507000
154089.941292	1109.196000
154109.527412	1109.708000
154294.732453	1114.501000
154322.555255	1115.229000
154470.195327	1119.011000
154506.819985	1119.935000
154697.869666	1124.719000
154723.394352	1125.319000
154900.421540	1129.518000
154952.006373	1130.659000
155117.105749	1134.322000
155166.897226	1135.328000
155408.995677	1140.196000
155454.701455	1140.987000
155634.873366	1144.203000
155751.246891	1146.099000
155991.827301	1150.121000
156048.957228	1150.883000
156300.188409	1154.994000
156454.027202	1156.713000
156673.139721	1159.910000
156825.271198	1161.390000
157101.097240	1165.080000
157300.872445	1166.760000
157663.554333	1170.514000
157962.225752	1171.876000
158477.200527	1175.044000
159213.575442	1170.514000
160036.785800	1166.760000
160199.094157	1165.080000
160637.886126	1161.390000
160748.515541	1159.910000
161077.140090	1156.713000
161194.955048	1154.994000
161562.861552	1150.883000
161609.428850	1150.121000
161910.972900	1146.099000
162024.384252	1144.203000
162221.777319	1140.987000
162266.091990	1140.196000
162547.376094	1135.328000
162597.407122	1134.322000
162778.705515	1130.659000
162830.132866	1129.518000
163019.970478	1125.319000
163045.266099	1124.719000
163248.782922	1119.935000
163285.682986	1119.011000
163435.590405	1115.229000
163464.009753	1114.501000
163647.189270	1109.708000
163666.973327	1109.196000
163846.346988	1104.507000
163866.019927	1103.978000
164027.013802	1099.661000
164042.695180	1099.230000
164219.630255	1094.324000
164238.175068	1093.785000
164410.064582	1088.878000
164415.306814	1088.725000
164556.262166	1084.508000
164574.740489	1083.945000
164747.511943	1078.790000
164754.754923	1078.574000
164911.037011	1073.837000
164926.532871	1073.364000
165076.659844	1068.775000
165086.472601	1068.466000
165236.111763	1063.709000
165238.414934	1063.635000
165405.364947	1058.251000
165408.874737	1058.135000
165546.678408	1053.565000
165553.883597	1053.322000
165690.186515	1048.705000
165710.751542	1047.998000
165843.473743	1043.457000
165857.077858	1042.983000
165987.345040	1038.358000
165997.205514	1037.998000
166128.802763	1033.317000
166131.301930	1033.223000
166260.959695	1028.514000
166273.758655	1028.037000
166352.871675	1025.063000
166407.015572	1023.017000
166430.435002	1022.122000
166510.170600	1019.081000
166531.646918	1018.260000
166577.706003	1016.486000
166650.262679	1013.694000
166673.562780	1012.790000
166717.424024	1011.069000
166787.938904	1008.312000
166791.134653	1008.185000
166839.686553	1006.265000
166890.522301	1004.241000
166922.634067	1002.951000
166923.303263	1002.924000
166924.942439	1002.858000
166927.723835	1002.746000
166929.684626	1002.667000
166930.197488	1002.646000
166934.216223	1002.484000
166935.083605	1002.449000
166935.727800	1002.423000
166936.694044	1002.384000
166937.758452	1002.341000
166940.210058	1002.242000
166941.298780	1002.198000
166941.570916	1002.187000
166958.932953	1001.484000
166974.635225	1000.847000
167039.605170	998.206000
167048.110706	997.855000
167115.702595	995.084000
167171.018953	992.804000
167212.375388	991.076000
167287.980801	987.924000
167315.542285	986.758000
167409.863524	982.771000
167423.418098	982.195000
167519.039675	978.083000
167544.687923	977.004000
167649.625409	972.451000
167657.196173	972.128000
167754.407874	967.924000
167765.770658	967.435000
167868.342618	962.959000
167891.684263	961.932000
167993.838526	957.434000
167994.930444	957.385000
168095.263859	952.884000
168111.414990	952.164000
168211.343223	947.704000
168225.199704	947.085000
168323.233144	942.662000
168333.533236	942.196000
168436.878239	937.516000
168439.271378	937.407000
168544.311249	932.622000
168555.828480	932.097000
168653.499696	927.604000
168662.000476	927.215000
168765.010865	922.408000
168768.851334	922.229000
168871.374214	917.470000
168874.496070	917.323000
168980.232646	912.361000
168983.522677	912.205000
169086.638277	907.335000
169091.031619	907.125000
169191.009525	902.359000
169194.540031	902.187000
169293.506985	897.393000
169298.029680	897.169000
169400.941708	892.142000
169403.084951	892.037000
169498.132519	887.323000
169511.043512	886.678000
169595.202787	882.547000
169603.124916	882.148000
169707.082276	877.046000
169713.563562	876.717000
169807.822351	872.022000
169818.565185	871.471000
169898.744772	867.425000
169917.538161	866.446000
170005.734442	861.959000
170014.225168	861.510000
170104.979168	856.878000
170127.958181	855.657000
170197.377977	852.137000
170213.694683	851.273000
170296.604170	847.005000
170321.226077	845.705000
170402.928873	841.453000
170422.191910	840.422000
170480.655288	837.345000
170510.976945	835.709000
170588.706005	831.612000
170613.549389	830.260000
170684.716858	826.486000
170715.707514	824.789000
170764.920473	822.142000
170794.255308	820.512000
170869.186663	816.435000
170907.266304	814.309000
170957.444188	811.571000
170987.504182	809.887000
171046.712531	806.688000
171087.929307	804.383000
171137.633590	801.682000
171176.031977	799.545000
171235.625292	796.300000
171277.822662	793.950000
171319.074271	791.687000
171364.147832	789.177000
171409.636489	786.666000
171458.348343	783.938000
171505.261477	781.338000
171554.003761	778.612000
171589.173211	776.646000
171643.548364	773.590000
171680.230933	771.533000
171732.227201	768.581000
171765.912062	766.695000
171829.250301	763.056000
171858.181555	761.437000
171913.076370	758.249000
171942.843428	756.568000
172006.289874	752.874000
172025.555979	751.774000
172092.522845	747.857000
172118.972372	746.330000
172180.605991	742.696000
172194.516194	741.883000
172272.614423	737.234000
172284.942539	736.508000
172350.497521	732.597000
172368.613205	731.529000
172444.506152	726.956000
172446.151913	726.860000
172525.742981	722.031000
172535.353867	721.468000
172613.820197	716.712000
172614.810566	716.654000
172695.413377	711.800000
172698.432158	711.622000
172783.398980	706.510000
172788.527921	706.200000
172865.246763	701.679000
172867.555479	701.538000
172953.133280	696.486000
172961.766153	695.965000
173040.871761	691.321000
173047.034620	690.946000
173120.613966	686.579000
173134.654476	685.713000
173205.850058	681.456000
173217.617084	680.725000
173292.517415	676.219000
173307.920493	675.264000
173373.891838	671.262000
173390.157394	670.252000
173453.590303	666.365000
173472.866377	665.158000
173537.716262	661.171000
173556.965097	659.955000
173622.330453	655.922000
173644.969195	654.497000
173696.343856	651.291000
173721.006613	649.733000
173782.652687	645.863000
173799.253038	644.808000
173866.454827	640.576000
173884.331122	639.443000
173941.641338	635.831000
173953.824428	635.066000
174027.228549	630.487000
174038.868164	629.762000
174110.988102	625.251000
174119.632589	624.711000
174191.546993	620.156000
174192.042849	620.125000
174274.485248	615.047000
174276.225004	614.938000
174356.156192	609.946000
174359.366503	609.742000
174429.940748	605.275000
174444.137900	604.365000
174509.189264	600.215000
174517.603488	599.676000
174591.008386	594.976000
174606.684748	593.970000
174663.563843	590.322000
174682.058062	589.133000
174740.716759	585.387000
174762.176204	584.004000
174823.963770	580.041000
174849.170168	578.414000
174893.061070	575.583000
174922.144055	573.708000
174972.631447	570.435000
175011.771761	567.944000
175053.649095	565.259000
175083.042624	563.398000
175127.963321	560.510000
175179.352645	557.222000
175208.992258	555.319000
175249.557269	552.740000
175285.912493	550.396000
175337.110205	547.207000
175367.896600	545.240000
175422.581835	541.860000
175447.431821	540.271000
175505.704582	536.643000
175523.992096	535.482000
175586.001889	531.621000
175609.281958	530.132000
175672.151962	526.200000
175684.440712	525.407000
175750.976736	521.262000
175765.573378	520.310000
175835.466836	515.951000
175849.963122	515.009000
175915.866434	510.905000
175920.149310	510.628000
175996.577929	505.892000
176010.359519	504.993000
176077.407673	500.816000
176085.863425	500.264000
176155.649719	495.899000
176161.139433	495.543000
176236.628046	490.828000
176249.128287	490.016000
176314.800249	485.881000
176326.897722	485.093000
176392.100527	481.018000
176397.998323	480.636000
176475.587906	475.799000
176489.813309	474.886000
176551.826656	471.035000
176563.726777	470.271000
176634.312377	465.863000
176641.760228	465.384000
176712.456001	460.935000
176723.631419	460.219000
176793.207730	455.775000
176803.385015	455.120000
176868.424059	450.952000
176875.945651	450.473000
176948.504200	445.844000
176961.052225	445.054000
177028.326238	440.736000
177035.209473	440.307000
177108.798327	435.603000
177111.506727	435.436000
177183.770664	430.860000
177194.436146	430.208000
177268.737066	425.527000
177273.853505	425.214000
177347.122803	420.606000
177349.415825	420.465000
177430.045721	415.453000
177434.718775	415.167000
177511.085237	410.461000
177512.138542	410.396000
177595.020039	405.327000
177598.287113	405.127000
177673.904936	400.448000
177674.083690	400.437000
177757.794750	395.342000
177764.856295	394.906000
177840.772469	390.217000
177843.047937	390.076000
177915.104327	385.599000
177925.463228	384.951000
178003.498603	380.081000
178005.297820	379.967000
178079.616929	375.273000
178087.347120	374.776000
178158.689948	370.228000
178168.971254	369.562000
178238.174098	365.127000
178246.583641	364.580000
178316.246483	360.144000
178326.011521	359.503000
178397.531545	355.093000
178409.289634	354.326000
178481.422026	349.919000
178492.419322	349.213000
178563.756580	344.932000
178577.202268	344.079000
178647.990212	339.886000
178662.884461	338.969000
178739.222666	334.400000
178750.930772	333.681000
178815.487601	329.779000
178833.684476	328.662000
178905.034232	324.327000
178920.677376	323.373000
178989.375685	319.214000
179005.150260	318.264000
179074.879764	314.026000
179092.786997	312.979000
179158.505419	309.113000
179178.399866	307.959000
179247.595492	303.864000
179271.878798	302.446000
179335.762417	298.680000
179350.474960	297.810000
179418.005382	293.920000
179449.708764	292.052000
179505.548233	288.916000
179535.351836	287.172000
179599.578423	283.681000
179628.088835	282.056000
179687.276132	278.949000
179726.795074	276.755000
179780.579487	274.037000
179826.901491	271.601000
179886.311168	268.793000
179928.525951	266.612000
179986.176423	263.996000
180040.667520	261.292000
180091.472867	259.101000
180151.334306	256.228000
180210.099621	253.907000
180277.405787	250.909000
180323.719671	249.006000
180398.168699	245.758000
180434.810523	244.176000
180519.215617	240.610000
180568.102817	238.619000
180643.765986	235.224000
180675.492455	233.968000
180764.985614	230.037000
180794.724920	228.921000
180888.796818	224.914000
180917.500720	223.869000
181024.467168	219.529000
181048.987210	218.704000
181171.617001	214.047000
181176.514345	213.900000
181325.579381	209.540000
181357.437524	208.688000
181552.909820	203.901000
181575.839723	203.459000
181843.260427	198.715000
181858.288314	198.617000
182150.168524	193.926000
182188.687726	193.538000
182692.912011	198.617000
182699.009700	198.715000
183426.482107	203.459000
183451.397779	203.901000
183699.735885	208.688000
183734.526442	209.540000
183897.556377	213.900000
183902.582193	214.047000
184057.731368	218.704000
184079.455563	219.529000
184208.445844	223.869000
184234.201591	224.914000
184344.265260	228.921000
184370.465469	230.037000
184475.219242	233.968000
184503.813343	235.224000
184589.570796	238.619000
184633.943511	240.610000
184721.503410	244.176000
184758.948407	245.758000
184834.177637	249.006000
184877.797249	250.909000
184950.760477	253.907000
185002.867753	256.228000
185075.609135	259.101000
185121.260515	261.292000
185183.961409	263.996000
185236.679127	266.612000
185284.743225	268.793000
185339.094031	271.601000
185390.633196	274.037000
185442.317600	276.755000
185485.732979	278.949000
185541.697133	282.056000
185572.652832	283.681000
185633.901969	287.172000
185665.987666	288.916000
185719.579466	292.052000
185752.840986	293.920000
185818.861412	297.810000
185833.964617	298.680000
185897.651325	302.446000
185921.705221	303.864000
185991.832257	307.959000
186011.332075	309.113000
186077.980197	312.979000
186095.778228	314.026000
186168.262328	318.264000
186183.893057	319.214000
186252.952486	323.373000
186268.710646	324.327000
186339.793485	328.662000
186358.178186	329.779000
186421.745066	333.681000
186433.640596	334.400000
186508.041619	338.969000
186523.362726	339.886000
186591.466963	344.079000
186605.867658	344.932000
186673.348306	349.213000
186685.112872	349.919000
186753.760301	354.326000
186766.314316	355.093000
186833.919500	359.503000
186844.315041	360.144000
186911.893369	364.580000
186920.483445	365.127000
186988.666854	369.562000
186999.058983	370.228000
187069.268263	374.776000
187077.064522	375.273000
187150.073609	379.967000
187151.878547	380.081000
187228.739834	384.951000
187239.123186	385.599000
187310.692317	390.076000
187312.961683	390.217000
187388.633112	394.906000
187395.692070	395.342000
187478.211734	400.437000
187478.392464	400.448000
187554.427774	405.127000
187557.659995	405.327000
187640.463995	410.396000
187641.526788	410.461000
187717.786095	415.167000
187722.427151	415.453000
187804.319971	420.465000
187806.588290	420.606000
187881.526198	425.214000
187886.503040	425.527000
187963.020770	430.208000
187973.369884	430.860000
188048.224553	435.436000
188050.861808	435.603000
188127.151117	440.307000
188133.862346	440.736000
188203.143948	445.054000
188215.452070	445.844000
188288.977144	450.473000
188296.485362	450.952000
188361.934202	455.120000
188372.155069	455.775000
188441.205232	460.219000
188452.415097	460.935000
188521.855644	465.384000
188529.467079	465.863000
188598.005968	470.271000
188610.239951	471.035000
188670.223413	474.886000
188684.925616	475.799000
188760.290645	480.636000
188766.418249	481.018000
188829.333221	485.093000
188841.941764	485.881000
188905.422793	490.016000
188918.318956	490.828000
188990.903486	495.543000
188996.603156	495.899000
189063.913839	500.264000
189072.739047	500.816000
189136.723967	504.993000
189151.154489	505.892000
189223.756951	510.628000
189228.227122	510.905000
189291.681725	515.009000
189306.808655	515.951000
189373.888602	520.310000
189389.153243	521.262000
189452.706899	525.407000
189465.436227	526.200000
189526.368591	530.132000
189550.176688	531.621000
189610.542267	535.482000
189629.188568	536.643000
189686.335079	540.271000
189711.857520	541.860000
189764.716521	545.240000
189796.540740	547.207000
189846.453202	550.396000
189884.084885	552.740000
189924.084937	555.319000
189954.017165	557.222000
190005.228435	560.510000
190050.366017	563.398000
190079.312491	565.259000
190121.720672	567.944000
190160.572232	570.435000
190211.999871	573.708000
190240.922529	575.583000
190284.833958	578.414000
190310.058436	580.041000
190371.455459	584.004000
190393.017964	585.387000
190451.143111	589.133000
190469.761688	590.322000
190526.504255	593.970000
190542.189664	594.976000
190615.429127	599.676000
190623.847263	600.215000
190688.632106	604.365000
190702.896380	605.275000
190772.587237	609.742000
190775.810238	609.946000
190854.368441	614.938000
190856.113733	615.047000
190937.164026	620.125000
190937.667318	620.156000
191010.526262	624.711000
191019.051789	625.251000
191091.265275	629.762000
191102.856264	630.487000
191176.370468	635.066000
191188.633877	635.831000
191246.157176	639.443000
191264.134052	640.576000
191330.905879	644.808000
191347.658688	645.863000
191408.552865	649.733000
191433.370588	651.291000
191484.120779	654.497000
191506.955742	655.922000
191571.027356	659.955000
191590.735829	661.171000
191653.848579	665.158000
191673.480837	666.365000
191735.557141	670.252000
191752.039579	671.262000
191816.489833	675.264000
191832.232620	676.219000
191904.909339	680.725000
191917.060280	681.456000
191985.585899	685.713000
192000.069191	686.579000
192070.871625	690.946000
192077.189980	691.321000
192153.510824	695.965000
192162.385505	696.486000
192246.096201	701.538000
192248.484655	701.679000
192322.510933	706.200000
192327.771460	706.510000
192412.349361	711.622000
192415.307909	711.800000
192497.629060	716.654000
192498.592175	716.712000
192579.802480	721.468000
192589.091072	722.031000
192671.526187	726.860000
192673.108448	726.956000
192751.504979	731.529000
192769.229376	732.597000
192835.568740	736.508000
192847.737729	737.234000
192926.681825	741.883000
192940.339356	742.696000
193002.516080	746.330000
193028.414412	747.857000
193096.261691	751.774000
193115.067806	752.874000
193179.766889	756.568000
193208.638973	758.249000
193265.091906	761.437000
193292.969793	763.056000
193357.998104	766.695000
193390.824682	768.581000
193443.548812	771.533000
193479.780629	773.590000
193534.278408	776.646000
193569.259282	778.612000
193618.024246	781.338000
193664.513585	783.938000
193713.736289	786.666000
193758.573336	789.177000
193804.043877	791.687000
193844.681913	793.950000
193887.519421	796.300000
193945.787704	799.545000
193985.032978	801.682000
194033.565521	804.383000
194075.982541	806.688000
194133.185346	809.887000
194164.353480	811.571000
194213.227746	814.309000
194252.189829	816.435000
194325.214615	820.512000
194355.172453	822.142000
194402.810066	824.789000
194434.360648	826.486000
194503.281530	830.260000
194528.776606	831.612000
194604.060147	835.709000
194635.098648	837.345000
194692.127829	840.422000
194711.716955	841.453000
194791.160634	845.705000
194816.140322	847.005000
194896.975937	851.273000
194913.759863	852.137000
194980.235332	855.657000
195004.315324	856.878000
195091.488777	861.510000
195100.285959	861.959000
195185.136486	866.446000
195204.379668	867.425000
195282.048770	871.471000
195292.967938	872.022000
195384.506241	876.717000
195391.111383	877.046000
195491.620565	882.148000
195499.750512	882.547000
195581.771353	886.678000
195594.911690	887.323000
195689.272036	892.037000
195691.389133	892.142000
195793.999426	897.169000
195798.585122	897.393000
195895.378855	902.187000
195898.929610	902.359000
195996.757472	907.125000
196001.162709	907.335000
196103.046417	912.205000
196106.349504	912.361000
196210.997794	917.323000
196214.130256	917.470000
196315.197706	922.229000
196319.053893	922.408000
196422.188737	927.215000
196430.524713	927.604000
196528.709821	932.097000
196540.122550	932.622000
196645.093884	937.407000
196647.486641	937.516000
196750.237917	942.196000
196760.528253	942.662000
196858.290712	947.085000
196872.010518	947.704000
196971.848813	952.164000
196987.980725	952.884000
197088.947723	957.385000
197090.040000	957.434000
197190.273584	961.932000
197213.597823	962.959000
197315.328303	967.435000
197326.534221	967.924000
197424.221631	972.128000
197431.690560	972.451000
197538.407869	977.004000
197563.276647	978.083000
197661.020479	982.195000
197674.414941	982.771000
197768.238011	986.758000
197795.822301	987.924000
197870.328133	991.076000
197911.776785	992.804000
197966.344304	995.084000
198033.573088	997.855000
198042.134890	998.206000
198106.132383	1000.847000
198121.802907	1001.484000
198139.132103	1002.187000
198139.403771	1002.198000
198140.492313	1002.242000
198142.941937	1002.341000
198144.006776	1002.384000
198144.972169	1002.423000
198145.616332	1002.449000
198146.483518	1002.484000
198150.498256	1002.646000
198151.019203	1002.667000
198152.948544	1002.746000
198155.728399	1002.858000
198157.367436	1002.924000
198158.038008	1002.951000
198190.010696	1004.241000
198240.393807	1006.265000
198288.617442	1008.185000
198291.828948	1008.312000
198361.204385	1011.069000
198405.221834	1012.790000
198428.261093	1013.694000
198500.223352	1016.486000
198546.324907	1018.260000
198567.640865	1019.081000
198647.189568	1022.122000
198670.656638	1023.017000
198724.194238	1025.063000
198802.896071	1028.037000
198815.585012	1028.514000
198941.937854	1033.223000
198944.526053	1033.317000
199068.979233	1037.998000
199079.099936	1038.358000
199205.779635	1042.983000
199219.130261	1043.457000
199349.459977	1047.998000
199370.123839	1048.705000
199504.421901	1053.322000
199511.595739	1053.565000
199647.100718	1058.135000
199650.598579	1058.251000
199813.501258	1063.635000
199815.795891	1063.709000
199963.852395	1068.466000
