0.000000	500.000000
13.647303	500.816000
80.325300	504.993000
95.426681	505.892000
171.089798	510.628000
175.770167	510.905000
241.948764	515.009000
257.779542	515.951000
327.710426	520.310000
343.683059	521.262000
409.916902	525.407000
423.238032	526.200000
486.798654	530.132000
511.704404	531.621000
574.723344	535.482000
594.237507	536.643000
653.935959	540.271000
680.646521	541.860000
735.830214	545.240000
769.159068	547.207000
821.270424	550.396000
860.652197	552.740000
902.380775	555.319000
933.645593	557.222000
987.089688	560.510000
1034.209846	563.398000
1064.414792	565.259000
1108.727766	567.944000
1149.278252	570.435000
1202.990424	573.708000
1233.148517	575.583000
1278.957758	578.414000
1305.271334	580.041000
1369.315218	584.004000
1391.819894	585.387000
1452.459106	589.133000
1471.898769	590.322000
1531.108325	593.970000
1547.479176	594.976000
1623.915237	599.676000
1632.702555	600.215000
1700.325768	604.365000
1715.220469	605.275000
1787.960677	609.742000
1791.328530	609.946000
1873.387877	614.938000
1875.213876	615.047000
1959.986864	620.125000
1960.514128	620.156000
2036.734888	624.711000
2045.643012	625.251000
2121.194277	629.762000
2133.319536	630.487000
2210.252651	635.066000
2223.084572	635.831000
2283.237462	639.443000
2302.029652	640.576000
2371.793862	644.808000
2389.307778	645.863000
2452.915165	649.733000
2478.867940	651.291000
2531.908461	654.497000
2555.801161	655.922000
2622.786542	659.955000
2643.430341	661.171000
2709.391290	665.158000
2729.962360	666.365000
2794.893363	670.252000
2812.169587	671.262000
2879.637119	675.264000
2896.154608	676.219000
2972.244731	680.725000
2985.004383	681.456000
3056.734947	685.713000
3071.953378	686.579000
3146.118366	690.946000
3152.762582	691.321000
3232.814667	695.965000
3242.157930	696.486000
3330.033797	701.538000
3332.546859	701.679000
3410.163781	706.200000
3415.699803	706.510000
3504.472513	711.622000
3507.579246	711.800000
3594.206114	716.654000
3595.217373	716.712000
3680.738044	721.468000
3690.484547	722.031000
3777.292558	726.860000
3778.952655	726.956000
3861.546011	731.529000
3880.155293	732.597000
3949.965701	736.508000
3962.755326	737.234000
4045.839745	741.883000
4060.197157	742.696000
4125.688348	746.330000
4152.941405	747.857000
4224.502596	751.774000
4244.309539	752.874000
4312.636260	756.568000
4343.060228	758.249000
4402.754614	761.437000
4432.139176	763.056000
4500.975811	766.695000
4535.618213	768.581000
4591.426574	771.533000
4629.714903	773.590000
4687.390042	776.646000
4724.400440	778.612000
4776.027883	781.338000
4825.243366	783.938000
4877.410020	786.666000
4924.868576	789.177000
4973.082416	791.687000
5016.125858	793.950000
5061.583064	796.300000
5123.299776	799.545000
5164.984295	801.682000
5216.393275	804.383000
5261.458455	806.688000
5322.016031	809.887000
5355.154676	811.571000
5406.884446	814.309000
5448.257192	816.435000
5525.580256	820.512000
5557.403276	822.142000
5607.874022	824.789000
5641.439059	826.486000
5714.591561	830.260000
5741.765825	831.612000
5821.734443	835.709000
5854.844704	837.345000
5915.490312	840.422000
5936.391212	841.453000
6020.962302	845.705000
6047.656707	847.005000
6133.867795	851.273000
6151.831915	852.137000
6222.699846	855.657000
6248.530655	856.878000
6341.420614	861.510000
6350.848212	861.959000
6441.321824	866.446000
6461.953854	867.425000
6544.943120	871.471000
6556.664756	872.022000
6654.691976	876.717000
6661.796785	877.046000
6769.596110	882.148000
6778.361723	882.547000
6866.436084	886.678000
6880.603482	887.323000
6982.055096	892.037000
6984.333887	892.142000
7094.998851	897.169000
7099.946886	897.393000
7204.156019	902.187000
7207.992646	902.359000
7313.596389	907.125000
7318.369298	907.335000
7428.704853	912.205000
7432.289475	912.361000
7545.777999	917.323000
7549.181334	917.470000
7658.921628	922.229000
7663.119612	922.408000
7775.311648	927.215000
7784.377681	927.604000
7891.552825	932.097000
7903.998117	932.622000
8018.665957	937.407000
8021.280070	937.516000
8133.540373	942.196000
8144.795631	942.662000
8251.745126	947.085000
8266.762411	947.704000
8376.259316	952.164000
8393.955099	952.884000
8504.736904	957.385000
8505.933836	957.434000
8615.763993	961.932000
8641.420930	962.959000
8753.343167	967.435000
8765.693298	967.924000
8873.681978	972.128000
8881.929642	972.451000
9000.129499	977.004000
9027.571559	978.083000
9136.183140	982.195000
9150.992539	982.771000
9255.004763	986.758000
9285.621979	987.924000
9368.303993	991.076000
9414.460034	992.804000
9475.192538	995.084000
9550.264365	997.855000
9559.837793	998.206000
9631.280133	1000.847000
9648.839816	1001.484000
9668.268189	1002.187000
9668.572913	1002.198000
9669.794453	1002.242000
9672.543489	1002.341000
9673.738732	1002.384000
9674.822236	1002.423000
9675.545375	1002.449000
9676.518892	1002.484000
9681.026169	1002.646000
9681.611178	1002.667000
9683.769133	1002.746000
9686.891266	1002.858000
9688.732382	1002.924000
9689.485646	1002.951000
9725.381839	1004.241000
9782.011914	1006.265000
9836.343828	1008.185000
9839.968787	1008.312000
9918.171035	1011.069000
9968.012463	1012.790000
9994.074068	1013.694000
10075.736469	1016.486000
10128.177402	1018.260000
10152.417944	1019.081000
10243.081540	1022.122000
10269.846333	1023.017000
10330.870173	1025.063000
10420.883812	1028.037000
10435.419980	1028.514000
10580.561740	1033.223000
10583.560270	1033.317000
10726.106542	1037.998000
10737.917868	1038.358000
10884.420625	1042.983000
10900.012022	1043.457000
11053.287654	1047.998000
11077.763734	1048.705000
11236.533408	1053.322000
11245.065572	1053.565000
11406.520724	1058.135000
11410.718666	1058.251000
11606.520016	1063.635000
11609.309399	1063.709000
11789.609725	1068.466000
11801.508528	1068.775000
11980.760917	1073.364000
12000.100217	1073.837000
12194.207717	1078.574000
12203.156909	1078.790000
12422.332503	1083.945000
12446.250130	1084.508000
12619.548457	1088.725000
12626.020366	1088.878000
12842.106962	1093.785000
12866.739199	1094.324000
13084.276875	1099.230000
13104.996525	1099.661000
13315.820652	1103.978000
13342.854030	1104.507000
13581.224314	1109.196000
13608.699745	1109.708000
13871.096105	1114.501000
13910.090499	1115.229000
14121.473205	1119.011000
14174.783031	1119.935000
14455.246348	1124.719000
14496.022705	1125.319000
14774.988639	1129.518000
14867.167331	1130.659000
15160.237256	1134.322000
15278.621677	1135.328000
15867.598591	1140.196000
16578.290948	1134.322000
17009.346748	1130.659000
17100.636069	1129.518000
17439.863351	1125.319000
17479.725118	1124.719000
17804.848605	1119.935000
17859.018359	1119.011000
18077.219400	1115.229000
18117.908614	1114.501000
18374.639561	1109.708000
18402.669383	1109.196000
18654.294967	1104.507000
18681.187242	1103.978000
18901.798000	1099.661000
18922.846227	1099.230000
19158.694489	1094.324000
19182.594369	1093.785000
19406.843693	1088.878000
19413.581262	1088.725000
19591.960625	1084.508000
19615.097205	1083.945000
19834.094310	1078.790000
19843.278001	1078.574000
20039.538748	1073.837000
20058.920814	1073.364000
20246.548825	1068.775000
20258.618772	1068.466000
20441.798725	1063.709000
20444.603481	1063.635000
20647.549957	1058.251000
20651.768560	1058.135000
20817.153006	1053.565000
20825.738040	1053.322000
20987.849157	1048.705000
21012.161515	1047.998000
21169.369264	1043.457000
21185.368526	1042.983000
21337.499779	1038.358000
21348.903237	1037.998000
21502.483281	1033.317000
21505.345778	1033.223000
21655.559368	1028.514000
21670.261559	1028.037000
21760.891673	1025.063000
21822.817667	1023.017000
21849.511868	1022.122000
21940.452355	1019.081000
21964.929439	1018.260000
22017.307908	1016.486000
22099.841776	1013.694000
22126.282611	1012.790000
22175.897680	1011.069000
22255.742431	1008.312000
22259.344784	1008.185000
22314.147310	1006.265000
22371.422203	1004.241000
22407.515482	1002.951000
22408.266798	1002.924000
22410.108110	1002.858000
22413.232427	1002.746000
22415.434646	1002.667000
22416.008280	1002.646000
22420.521211	1002.484000
22421.495006	1002.449000
22422.218190	1002.423000
22423.302898	1002.384000
22424.497530	1002.341000
22427.249369	1002.242000
22428.471163	1002.198000
22428.776548	1002.187000
22448.251219	1001.484000
22465.855591	1000.847000
22538.657979	998.206000
22548.152966	997.855000
22623.731226	995.084000
22685.500900	992.804000
22731.529745	991.076000
22815.721783	987.924000
22846.307833	986.758000
22950.999803	982.771000
22966.026400	982.195000
23071.749054	978.083000
23100.249028	977.004000
23216.044856	972.451000
23224.430218	972.128000
23331.777521	967.924000
23344.338526	967.435000
23457.383894	962.959000
23483.063996	961.932000
23595.434884	957.434000
23596.631344	957.385000
23706.578132	952.884000
23724.299282	952.164000
23833.914827	947.704000
23849.111819	947.085000
23956.416265	942.662000
23967.684288	942.196000
24080.719923	937.516000
24083.334533	937.407000
24198.091698	932.622000
24210.672808	932.097000
24317.180805	927.604000
24326.459934	927.215000
24438.491870	922.408000
24442.669606	922.229000
24554.279708	917.470000
24557.669458	917.323000
24672.549385	912.361000
24676.117343	912.205000
24788.021906	907.335000
24792.779702	907.125000
24901.101997	902.359000
24904.913127	902.187000
25011.847971	897.393000
25016.717151	897.169000
25127.760775	892.142000
25130.072257	892.037000
25232.379135	887.323000
25246.260402	886.678000
25336.997640	882.547000
25345.504459	882.148000
25457.590062	877.046000
25464.541449	876.717000
25565.930739	872.022000
25577.435105	871.471000
25663.507224	867.425000
25683.587919	866.446000
25778.149635	861.959000
25787.203046	861.510000
25884.460575	856.878000
25908.946465	855.657000
25983.413661	852.137000
26000.808517	851.273000
26089.547942	847.005000
26115.807176	845.705000
26203.118415	841.453000
26223.624716	840.422000
26286.003058	837.345000
26318.247522	835.709000
26401.164846	831.612000
26427.554295	830.260000
26503.409083	826.486000
26536.302510	824.789000
26588.657638	822.142000
26619.737093	820.512000
26699.333691	816.435000
26739.654719	814.309000
26792.937211	811.571000
26824.753477	809.887000
26887.705094	806.688000
26931.339109	804.383000
26984.146507	801.682000
27024.820698	799.545000
27088.117967	796.300000
27132.812658	793.950000
27176.586980	791.687000
27224.328491	789.177000
27272.561540	786.666000
27324.121453	783.938000
27373.840405	781.338000
27425.440946	778.612000
27462.674824	776.646000
27520.204721	773.590000
27559.025978	771.533000
27613.973545	768.581000
27649.628887	766.695000
27716.470723	763.056000
27747.096310	761.437000
27804.957943	758.249000
27836.434187	756.568000
27903.290900	752.874000
27923.637244	751.774000
27994.167968	747.857000
28022.065323	746.330000
28086.922958	742.696000
28101.574674	741.883000
28183.675058	737.234000
28196.649739	736.508000
28265.548117	732.597000
28284.611660	731.529000
28364.293539	726.956000
28366.027404	726.860000
28449.533770	722.031000
28459.654480	721.468000
28541.989059	716.712000
28543.031994	716.654000
28627.663851	711.800000
28630.840526	711.622000
28720.063105	706.510000
28725.446427	706.200000
28806.183055	701.679000
28808.603756	701.538000
28898.646227	696.486000
28907.708643	695.965000
28990.991009	691.321000
28997.455163	690.946000
29074.829263	686.579000
29089.536586	685.713000
29164.345895	681.456000
29176.663265	680.725000
29255.315781	676.219000
29271.442294	675.264000
29340.660085	671.262000
29357.687123	670.252000
29424.174927	666.365000
29444.337449	665.158000
29512.288449	661.171000
29532.405960	659.955000
29600.873429	655.922000
29624.541707	654.497000
29678.296092	651.291000
29704.071866	649.733000
29768.537360	645.863000
29785.877358	644.808000
29856.132234	640.576000
29874.809656	639.443000
29934.719092	635.831000
29947.459114	635.066000
30024.266131	630.487000
30036.447067	629.762000
30111.891261	625.251000
30120.935305	624.711000
30196.076979	620.156000
30196.595715	620.125000
30282.964913	615.047000
30284.784577	614.938000
30368.412011	609.946000
30371.765398	609.742000
30445.511474	605.275000
30460.329828	604.365000
30528.256215	600.215000
30537.039086	599.676000
30613.663197	594.976000
30630.023766	593.970000
30689.388441	590.322000
30708.686731	589.133000
30769.932296	585.387000
30792.319917	584.004000
30856.807285	580.041000
30883.100346	578.414000
30928.886292	575.583000
30959.226216	573.708000
31011.870183	570.435000
31052.749200	567.944000
31096.457772	565.259000
31127.171532	563.398000
31174.045194	560.510000
31227.691689	557.222000
31258.623597	555.319000
31300.994572	552.740000
31338.920817	550.396000
31392.499518	547.207000
31424.642208	545.240000
31481.912938	541.860000
31507.855804	540.271000
31568.841280	536.643000
31587.945442	535.482000
31652.841379	531.621000
31677.144721	530.132000
31742.913295	526.200000
31755.732108	525.407000
31825.361473	521.262000
31840.573685	520.310000
31913.708880	515.951000
31928.821267	515.009000
31997.791027	510.905000
32002.257759	510.628000
32082.280238	505.892000
32096.642811	504.993000
32166.807961	500.816000
32175.619610	500.264000
32248.622647	495.899000
32254.346698	495.543000
32333.325400	490.828000
32346.357316	490.016000
32415.013877	485.881000
32427.622902	485.093000
32495.836388	481.018000
32501.986588	480.636000
32583.178006	475.799000
32598.024125	474.886000
32662.940155	471.035000
32675.359185	470.271000
32749.209391	465.863000
32756.980801	465.384000
32830.893062	460.935000
32842.557921	460.219000
32915.201410	455.775000
32925.820170	455.120000
32993.706230	450.952000
33001.561496	450.473000
33077.326749	445.844000
33090.445167	445.054000
33160.654226	440.736000
33167.857161	440.307000
33244.684645	435.603000
33247.521756	435.436000
33323.030367	430.860000
33334.212113	430.208000
33411.885673	425.527000
33417.249396	425.214000
33493.856829	420.606000
33496.259463	420.465000
33580.655528	415.453000
33585.554228	415.167000
33665.554381	410.461000
33666.657654	410.396000
33753.547132	405.327000
33756.971880	405.127000
33836.156413	400.448000
33836.343698	400.437000
33924.145034	395.342000
33931.541202	394.906000
34011.051973	390.217000
34013.434444	390.076000
34088.859855	385.599000
34099.696130	384.951000
34181.345775	380.081000
34183.225676	379.967000
34260.900136	375.273000
34268.966378	374.776000
34343.467254	370.228000
34354.188451	369.562000
34426.420337	365.127000
34435.186558	364.580000
34507.940335	360.144000
34518.111598	359.503000
34593.030330	355.093000
34605.284102	354.326000
34680.912446	349.919000
34692.389339	349.213000
34767.319380	344.932000
34781.366418	344.079000
34855.820760	339.886000
34871.425102	338.969000
34951.629862	334.400000
34963.899214	333.681000
35031.657690	329.779000
35050.727658	328.662000
35125.576865	324.327000
35141.981117	323.373000
35214.074756	319.214000
35230.637782	318.264000
35303.784778	314.026000
35322.645832	312.979000
35391.818897	309.113000
35412.791294	307.959000
35485.577780	303.864000
35511.158061	302.446000
35578.384658	298.680000
35593.861999	297.810000
35665.106887	293.920000
35698.471087	292.052000
35757.555412	288.916000
35788.943662	287.172000
35857.177913	283.681000
35887.292865	282.056000
35950.466370	278.949000
35992.339998	276.755000
36050.064391	274.037000
36099.493880	271.601000
36163.958467	268.793000
36209.118036	266.612000
36272.149451	263.996000
36330.797369	261.292000
36386.934235	259.101000
36451.716360	256.228000
36518.069832	253.907000
36591.930919	250.909000
36643.687782	249.006000
36725.742872	245.758000
36766.219704	244.176000
36859.916440	240.610000
36914.670895	238.619000
36997.580161	235.224000
37033.380477	233.968000
37131.874041	230.037000
37165.961361	228.921000
37270.193469	224.914000
37303.420809	223.869000
37423.340052	219.529000
37452.584966	218.704000
37592.627822	214.047000
37598.813195	213.900000
37790.131099	209.540000
37833.888816	208.688000
38128.694842	203.901000
38202.793679	203.459000
39079.406396	208.688000
39131.876572	209.540000
39355.801040	213.900000
39362.251437	214.047000
39558.205749	218.704000
39583.014716	219.529000
39736.860687	223.869000
39765.735251	224.914000
39893.143817	228.921000
39922.173772	230.037000
40042.243000	233.968000
40073.712833	235.224000
40170.481999	238.619000
40219.104193	240.610000
40317.172694	244.176000
40358.739782	245.758000
40441.842658	249.006000
40489.918655	250.909000
40571.456791	253.907000
40628.638774	256.228000
40710.772994	259.101000
40760.176974	261.292000
40829.457707	263.996000
40886.196966	266.612000
40938.747239	268.793000
40996.889408	271.601000
41052.813815	274.037000
41107.965436	276.755000
41154.561212	278.949000
41213.859919	282.056000
41246.900455	283.681000
41311.596637	287.172000
41345.684444	288.916000
41402.125700	292.052000
41437.320062	293.920000
41506.799044	297.810000
41522.732991	298.680000
41589.730309	302.446000
41615.042926	303.864000
41688.915455	307.959000
41709.427202	309.113000
41779.686552	312.979000
41798.420179	314.026000
41874.765113	318.264000
41891.161915	319.214000
41963.673100	323.373000
41980.210088	324.327000
42054.751423	328.662000
42074.037827	329.779000
42140.654671	333.681000
42153.140152	334.400000
42231.107701	338.969000
42247.204826	339.886000
42318.555980	344.079000
42333.702546	344.932000
42404.201221	349.213000
42416.558289	349.919000
42488.199461	354.326000
42501.361916	355.093000
42571.817112	359.503000
42582.706660	360.144000
42653.096245	364.580000
42662.067462	365.127000
42733.142759	369.562000
42743.989757	370.228000
42817.202977	374.776000
42825.344344	375.273000
42901.527322	379.967000
42903.413749	380.081000
42983.721792	384.951000
42994.586056	385.599000
43069.453345	390.076000
43071.828816	390.217000
43151.058629	394.906000
43158.451825	395.342000
43244.881819	400.437000
43245.071381	400.448000
43324.735528	405.127000
43328.120205	405.327000
43414.920434	410.396000
43416.034621	410.461000
43495.911651	415.167000
43500.773538	415.453000
43586.620672	420.465000
43588.994942	420.606000
43667.515071	425.214000
43672.718658	425.527000
43752.934592	430.208000
43763.753468	430.860000
43842.231484	435.436000
43844.987152	435.603000
43924.901941	440.307000
43931.908529	440.736000
44004.408002	445.054000
44017.253105	445.844000
44094.120396	450.473000
44101.960438	450.952000
44170.312735	455.120000
44180.981010	455.775000
44253.026462	460.219000
44264.730499	460.935000
44337.212283	465.384000
44345.170021	465.863000
44416.686456	470.271000
44429.486265	471.035000
44492.085332	474.886000
44507.475707	475.799000
44586.129245	480.636000
44592.541302	481.018000
44658.148811	485.093000
44671.339542	485.881000
44737.504923	490.016000
44750.987179	490.828000
44826.658953	495.543000
44832.622138	495.899000
44902.806078	500.264000
44912.038077	500.816000
44978.716074	504.993000
44993.817455	505.892000
45069.480572	510.628000
45074.160941	510.905000
45140.339538	515.009000
45156.170316	515.951000
45226.101200	520.310000
45242.073832	521.262000
45308.307676	525.407000
45321.628806	526.200000
45385.189428	530.132000
45410.095177	531.621000
45473.114118	535.482000
45492.628281	536.643000
45552.326732	540.271000
45579.037295	541.860000
45634.220988	545.240000
45667.549842	547.207000
45719.661198	550.396000
45759.042971	552.740000
45800.771549	555.319000
45832.036367	557.222000
45885.480462	560.510000
45932.600620	563.398000
45962.805566	565.259000
46007.118540	567.944000
46047.669026	570.435000
46101.381198	573.708000
46131.539291	575.583000
46177.348532	578.414000
46203.662108	580.041000
46267.705992	584.004000
46290.210668	585.387000
46350.849880	589.133000
46370.289542	590.322000
46429.499099	593.970000
46445.869950	594.976000
46522.306011	599.676000
46531.093329	600.215000
46598.716542	604.365000
46613.611243	605.275000
46686.351451	609.742000
46689.719304	609.946000
46771.778651	614.938000
46773.604650	615.047000
46858.377638	620.125000
46858.904902	620.156000
46935.125662	624.711000
46944.033786	625.251000
47019.585051	629.762000
47031.710310	630.487000
47108.643424	635.066000
47121.475346	635.831000
47181.628236	639.443000
47200.420426	640.576000
47270.184636	644.808000
47287.698552	645.863000
47351.305939	649.733000
47377.258714	651.291000
47430.299235	654.497000
47454.191935	655.922000
47521.177316	659.955000
47541.821115	661.171000
47607.782064	665.158000
47628.353134	666.365000
47693.284137	670.252000
47710.560361	671.262000
47778.027893	675.264000
47794.545382	676.219000
47870.635505	680.725000
47883.395157	681.456000
47955.125721	685.713000
47970.344152	686.579000
48044.509140	690.946000
48051.153356	691.321000
48131.205441	695.965000
48140.548704	696.486000
48228.424571	701.538000
48230.937633	701.679000
48308.554555	706.200000
48314.090577	706.510000
48402.863287	711.622000
48405.970020	711.800000
48492.596888	716.654000
48493.608146	716.712000
48579.128818	721.468000
48588.875321	722.031000
48675.683332	726.860000
48677.343429	726.956000
48759.936785	731.529000
48778.546067	732.597000
48848.356475	736.508000
48861.146100	737.234000
48944.230518	741.883000
48958.587931	742.696000
49024.079122	746.330000
49051.332179	747.857000
49122.893370	751.774000
49142.700313	752.874000
49211.027034	756.568000
49241.451001	758.249000
49301.145388	761.437000
49330.529950	763.056000
49399.366585	766.695000
49434.008987	768.581000
49489.817348	771.533000
49528.105677	773.590000
49585.780816	776.646000
49622.791214	778.612000
49674.418657	781.338000
49723.634140	783.938000
49775.800794	786.666000
49823.259350	789.177000
49871.473190	791.687000
49914.516632	793.950000
49959.973838	796.300000
50021.690550	799.545000
50063.375069	801.682000
50114.784049	804.383000
50159.849229	806.688000
50220.406805	809.887000
50253.545449	811.571000
50305.275220	814.309000
50346.647966	816.435000
50423.971030	820.512000
50455.794050	822.142000
50506.264796	824.789000
50539.829833	826.486000
50612.982334	830.260000
50640.156599	831.612000
50720.125216	835.709000
50753.235478	837.345000
50813.881086	840.422000
50834.781986	841.453000
50919.353076	845.705000
50946.047481	847.005000
51032.258569	851.273000
51050.222689	852.137000
51121.090620	855.657000
51146.921429	856.878000
51239.811388	861.510000
51249.238986	861.959000
51339.712598	866.446000
51360.344628	867.425000
51443.333894	871.471000
51455.055530	872.022000
51553.082750	876.717000
51560.187559	877.046000
51667.986884	882.148000
51676.752497	882.547000
51764.826858	886.678000
51778.994256	887.323000
51880.445870	892.037000
51882.724661	892.142000
51993.389625	897.169000
51998.337660	897.393000
52102.546793	902.187000
52106.383420	902.359000
52211.987163	907.125000
52216.760072	907.335000
52327.095627	912.205000
52330.680249	912.361000
52444.168773	917.323000
52447.572108	917.470000
52557.312401	922.229000
52561.510386	922.408000
52673.702422	927.215000
52682.768455	927.604000
52789.943599	932.097000
52802.388891	932.622000
52917.056730	937.407000
52919.670844	937.516000
53031.931147	942.196000
53043.186405	942.662000
53150.135900	947.085000
53165.153185	947.704000
53274.650090	952.164000
53292.345873	952.884000
53403.127678	957.385000
53404.324610	957.434000
53514.154767	961.932000
53539.811704	962.959000
53651.733941	967.435000
53664.084072	967.924000
53772.072752	972.128000
53780.320416	972.451000
53898.520273	977.004000
53925.962333	978.083000
54034.573914	982.195000
54049.383313	982.771000
54153.395537	986.758000
54184.012753	987.924000
54266.694767	991.076000
54312.850808	992.804000
54373.583312	995.084000
54448.655139	997.855000
54458.228567	998.206000
54529.670907	1000.847000
54547.230589	1001.484000
54566.658963	1002.187000
54566.963687	1002.198000
54568.185227	1002.242000
54570.934263	1002.341000
54572.129506	1002.384000
54573.213010	1002.423000
54573.936149	1002.449000
54574.909666	1002.484000
54579.416943	1002.646000
54580.001952	1002.667000
54582.159907	1002.746000
54585.282040	1002.858000
54587.123156	1002.924000
54587.876420	1002.951000
54623.772612	1004.241000
54680.402688	1006.265000
54734.734602	1008.185000
54738.359561	1008.312000
54816.561809	1011.069000
54866.403237	1012.790000
54892.464842	1013.694000
54974.127243	1016.486000
55026.568175	1018.260000
55050.808718	1019.081000
55141.472314	1022.122000
55168.237107	1023.017000
55229.260947	1025.063000
55319.274586	1028.037000
55333.810754	1028.514000
55478.952514	1033.223000
55481.951044	1033.317000
55624.497316	1037.998000
55636.308642	1038.358000
55782.811398	1042.983000
55798.402796	1043.457000
55951.678428	1047.998000
55976.154508	1048.705000
56134.924182	1053.322000
56143.456346	1053.565000
56304.911497	1058.135000
56309.109440	1058.251000
56504.910790	1063.635000
56507.700173	1063.709000
56688.000499	1068.466000
56699.899302	1068.775000
56879.151691	1073.364000
56898.490991	1073.837000
57092.598491	1078.574000
57101.547683	1078.790000
57320.723276	1083.945000
57344.640904	1084.508000
57517.939230	1088.725000
57524.411140	1088.878000
57740.497736	1093.785000
57765.129973	1094.324000
57982.667649	1099.230000
58003.387299	1099.661000
58214.211426	1103.978000
58241.244804	1104.507000
58479.615088	1109.196000
58507.090519	1109.708000
58769.486879	1114.501000
58808.481273	1115.229000
59019.863979	1119.011000
59073.173805	1119.935000
59353.637122	1124.719000
59394.413479	1125.319000
59673.379413	1129.518000
59765.558105	1130.659000
60058.628030	1134.322000
60177.012451	1135.328000
60765.989365	1140.196000
61476.681722	1134.322000
61907.737521	1130.659000
61999.026843	1129.518000
62338.254125	1125.319000
62378.115892	1124.719000
62703.239379	1119.935000
62757.409133	1119.011000
62975.610174	1115.229000
63016.299388	1114.501000
63273.030335	1109.708000
63301.060157	1109.196000
63552.685740	1104.507000
63579.578016	1103.978000
63800.188774	1099.661000
63821.237001	1099.230000
64057.085263	1094.324000
64080.985143	1093.785000
64305.234467	1088.878000
64311.972036	1088.725000
64490.351399	1084.508000
64513.487979	1083.945000
64732.485084	1078.790000
64741.668775	1078.574000
64937.929522	1073.837000
64957.311588	1073.364000
65144.939599	1068.775000
65157.009546	1068.466000
65340.189499	1063.709000
65342.994255	1063.635000
65545.940731	1058.251000
65550.159334	1058.135000
65715.543780	1053.565000
65724.128814	1053.322000
65886.239930	1048.705000
65910.552289	1047.998000
66067.760038	1043.457000
66083.759300	1042.983000
66235.890553	1038.358000
66247.294011	1037.998000
66400.874054	1033.317000
66403.736552	1033.223000
66553.950142	1028.514000
66568.652333	1028.037000
66659.282447	1025.063000
66721.208441	1023.017000
66747.902642	1022.122000
66838.843129	1019.081000
66863.320213	1018.260000
66915.698682	1016.486000
66998.232550	1013.694000
67024.673385	1012.790000
67074.288454	1011.069000
67154.133205	1008.312000
67157.735558	1008.185000
67212.538084	1006.265000
67269.812977	1004.241000
67305.906256	1002.951000
67306.657572	1002.924000
67308.498884	1002.858000
67311.623201	1002.746000
67313.825420	1002.667000
67314.399054	1002.646000
67318.911985	1002.484000
67319.885780	1002.449000
67320.608964	1002.423000
67321.693672	1002.384000
67322.888304	1002.341000
67325.640143	1002.242000
67326.861937	1002.198000
67327.167322	1002.187000
67346.641993	1001.484000
67364.246365	1000.847000
67437.048753	998.206000
67446.543740	997.855000
67522.122000	995.084000
67583.891674	992.804000
67629.920519	991.076000
67714.112557	987.924000
67744.698606	986.758000
67849.390577	982.771000
67864.417174	982.195000
67970.139828	978.083000
67998.639802	977.004000
68114.435630	972.451000
68122.820992	972.128000
68230.168295	967.924000
68242.729300	967.435000
68355.774668	962.959000
68381.454770	961.932000
68493.825658	957.434000
68495.022118	957.385000
68604.968905	952.884000
68622.690056	952.164000
68732.305601	947.704000
68747.502592	947.085000
68854.807039	942.662000
68866.075061	942.196000
68979.110697	937.516000
68981.725307	937.407000
69096.482471	932.622000
69109.063582	932.097000
69215.571578	927.604000
69224.850708	927.215000
69336.882644	922.408000
69341.060379	922.229000
69452.670482	917.470000
69456.060232	917.323000
69570.940159	912.361000
69574.508117	912.205000
69686.412680	907.335000
69691.170476	907.125000
69799.492771	902.359000
69803.303901	902.187000
69910.238745	897.393000
69915.107925	897.169000
70026.151549	892.142000
70028.463031	892.037000
70130.769909	887.323000
70144.651176	886.678000
70235.388414	882.547000
70243.895233	882.148000
70355.980836	877.046000
70362.932223	876.717000
70464.321512	872.022000
70475.825879	871.471000
70561.897998	867.425000
70581.978693	866.446000
70676.540409	861.959000
70685.593820	861.510000
70782.851349	856.878000
70807.337239	855.657000
70881.804435	852.137000
70899.199291	851.273000
70987.938715	847.005000
71014.197950	845.705000
71101.509189	841.453000
71122.015490	840.422000
71184.393832	837.345000
71216.638296	835.709000
71299.555620	831.612000
71325.945069	830.260000
71401.799857	826.486000
71434.693284	824.789000
71487.048412	822.142000
71518.127867	820.512000
71597.724464	816.435000
71638.045493	814.309000
71691.327985	811.571000
71723.144250	809.887000
71786.095868	806.688000
71829.729882	804.383000
71882.537281	801.682000
71923.211472	799.545000
71986.508741	796.300000
72031.203432	793.950000
72074.977754	791.687000
72122.719265	789.177000
72170.952314	786.666000
72222.512227	783.938000
72272.231179	781.338000
72323.831720	778.612000
72361.065598	776.646000
72418.595495	773.590000
72457.416752	771.533000
72512.364319	768.581000
72548.019661	766.695000
72614.861497	763.056000
72645.487084	761.437000
72703.348717	758.249000
72734.824961	756.568000
72801.681674	752.874000
72822.028018	751.774000
72892.558742	747.857000
72920.456097	746.330000
72985.313732	742.696000
72999.965448	741.883000
73082.065832	737.234000
73095.040513	736.508000
73163.938891	732.597000
73183.002434	731.529000
73262.684313	726.956000
73264.418178	726.860000
73347.924544	722.031000
73358.045254	721.468000
73440.379832	716.712000
73441.422767	716.654000
73526.054625	711.800000
73529.231300	711.622000
73618.453879	706.510000
73623.837201	706.200000
73704.573829	701.679000
73706.994529	701.538000
73797.037001	696.486000
73806.099417	695.965000
73889.381783	691.321000
73895.845937	690.946000
73973.220037	686.579000
73987.927360	685.713000
74062.736669	681.456000
74075.054039	680.725000
74153.706555	676.219000
74169.833068	675.264000
74239.050859	671.262000
74256.077897	670.252000
74322.565701	666.365000
74342.728223	665.158000
74410.679223	661.171000
74430.796733	659.955000
74499.264203	655.922000
74522.932481	654.497000
74576.686866	651.291000
74602.462640	649.733000
74666.928134	645.863000
74684.268132	644.808000
74754.523008	640.576000
74773.200430	639.443000
74833.109866	635.831000
74845.849888	635.066000
74922.656905	630.487000
74934.837841	629.762000
75010.282035	625.251000
75019.326079	624.711000
75094.467753	620.156000
75094.986489	620.125000
75181.355687	615.047000
75183.175351	614.938000
75266.802785	609.946000
75270.156171	609.742000
75343.902248	605.275000
75358.720602	604.365000
75426.646989	600.215000
75435.429860	599.676000
75512.053970	594.976000
75528.414540	593.970000
75587.779215	590.322000
75607.077505	589.133000
75668.323070	585.387000
75690.710691	584.004000
75755.198059	580.041000
75781.491120	578.414000
75827.277066	575.583000
75857.616990	573.708000
75910.260957	570.435000
75951.139974	567.944000
75994.848546	565.259000
76025.562306	563.398000
76072.435968	560.510000
76126.082463	557.222000
76157.014371	555.319000
76199.385346	552.740000
76237.311591	550.396000
76290.890292	547.207000
76323.032982	545.240000
76380.303712	541.860000
76406.246578	540.271000
76467.232054	536.643000
76486.336216	535.482000
76551.232153	531.621000
76575.535495	530.132000
76641.304069	526.200000
76654.122882	525.407000
76723.752247	521.262000
76738.964459	520.310000
76812.099654	515.951000
76827.212041	515.009000
76896.181801	510.905000
76900.648533	510.628000
76980.671012	505.892000
76995.033584	504.993000
77065.198735	500.816000
77074.010384	500.264000
77147.013421	495.899000
77152.737472	495.543000
77231.716174	490.828000
77244.748089	490.016000
77313.404650	485.881000
77326.013676	485.093000
77394.227162	481.018000
77400.377362	480.636000
77481.568780	475.799000
77496.414899	474.886000
77561.330928	471.035000
77573.749959	470.271000
77647.600165	465.863000
77655.371574	465.384000
77729.283836	460.935000
77740.948695	460.219000
77813.592184	455.775000
77824.210944	455.120000
77892.097004	450.952000
77899.952270	450.473000
77975.717523	445.844000
77988.835941	445.054000
78059.045000	440.736000
78066.247935	440.307000
78143.075419	435.603000
78145.912530	435.436000
78221.421141	430.860000
78232.602887	430.208000
78310.276447	425.527000
78315.640170	425.214000
78392.247603	420.606000
78394.650237	420.465000
78479.046302	415.453000
78483.945001	415.167000
78563.945154	410.461000
78565.048428	410.396000
78651.937906	405.327000
78655.362654	405.127000
78734.547187	400.448000
78734.734472	400.437000
78822.535808	395.342000
78829.931976	394.906000
78909.442747	390.217000
78911.825218	390.076000
78987.250629	385.599000
78998.086904	384.951000
79079.736549	380.081000
79081.616450	379.967000
79159.290909	375.273000
79167.357152	374.776000
79241.858028	370.228000
79252.579225	369.562000
79324.811111	365.127000
79333.577332	364.580000
79406.331109	360.144000
79416.502372	359.503000
79491.421104	355.093000
79503.674876	354.326000
79579.303220	349.919000
79590.780113	349.213000
79665.710154	344.932000
79679.757191	344.079000
79754.211534	339.886000
79769.815876	338.969000
79850.020636	334.400000
79862.289987	333.681000
79930.048464	329.779000
79949.118432	328.662000
80023.967639	324.327000
80040.371891	323.373000
80112.465530	319.214000
80129.028556	318.264000
80202.175552	314.026000
80221.036606	312.979000
80290.209671	309.113000
80311.182068	307.959000
80383.968554	303.864000
80409.548835	302.446000
80476.775432	298.680000
80492.252773	297.810000
80563.497661	293.920000
80596.861861	292.052000
80655.946186	288.916000
80687.334436	287.172000
80755.568687	283.681000
80785.683638	282.056000
80848.857144	278.949000
80890.730772	276.755000
80948.455165	274.037000
80997.884654	271.601000
81062.349241	268.793000
81107.508810	266.612000
81170.540225	263.996000
81229.188143	261.292000
81285.325009	259.101000
81350.107134	256.228000
81416.460606	253.907000
81490.321693	250.909000
81542.078556	249.006000
81624.133646	245.758000
81664.610478	244.176000
81758.307214	240.610000
81813.061669	238.619000
81895.970935	235.224000
81931.771251	233.968000
82030.264814	230.037000
82064.352135	228.921000
82168.584243	224.914000
82201.811583	223.869000
82321.730826	219.529000
82350.975739	218.704000
82491.018595	214.047000
82497.203969	213.900000
82688.521873	209.540000
82732.279590	208.688000
83027.085616	203.901000
83101.184453	203.459000
83977.797170	208.688000
84030.267346	209.540000
84254.191814	213.900000
84260.642211	214.047000
84456.596523	218.704000
84481.405490	219.529000
84635.251461	223.869000
84664.126025	224.914000
84791.534591	228.921000
84820.564546	230.037000
84940.633773	233.968000
84972.103607	235.224000
85068.872773	238.619000
85117.494967	240.610000
85215.563468	244.176000
85257.130556	245.758000
85340.233432	249.006000
85388.309429	250.909000
85469.847565	253.907000
85527.029548	256.228000
85609.163768	259.101000
85658.567748	261.292000
85727.848481	263.996000
85784.587739	266.612000
85837.138013	268.793000
85895.280182	271.601000
85951.204589	274.037000
86006.356210	276.755000
86052.951986	278.949000
86112.250693	282.056000
86145.291229	283.681000
86209.987411	287.172000
86244.075218	288.916000
86300.516474	292.052000
86335.710836	293.920000
86405.189818	297.810000
86421.123765	298.680000
86488.121083	302.446000
86513.433699	303.864000
86587.306229	307.959000
86607.817976	309.113000
86678.077326	312.979000
86696.810952	314.026000
86773.155887	318.264000
86789.552689	319.214000
86862.063874	323.373000
86878.600862	324.327000
86953.142196	328.662000
86972.428601	329.779000
87039.045445	333.681000
87051.530926	334.400000
87129.498475	338.969000
87145.595600	339.886000
87216.946754	344.079000
87232.093320	344.932000
87302.591995	349.213000
87314.949063	349.919000
87386.590235	354.326000
87399.752690	355.093000
87470.207886	359.503000
87481.097434	360.144000
87551.487019	364.580000
87560.458236	365.127000
87631.533533	369.562000
87642.380531	370.228000
87715.593751	374.776000
87723.735117	375.273000
87799.918096	379.967000
87801.804523	380.081000
87882.112565	384.951000
87892.976830	385.599000
87967.844119	390.076000
87970.219590	390.217000
88049.449403	394.906000
88056.842599	395.342000
88143.272593	400.437000
88143.462155	400.448000
88223.126302	405.127000
88226.510979	405.327000
88313.311208	410.396000
88314.425395	410.461000
88394.302424	415.167000
88399.164312	415.453000
88485.011445	420.465000
88487.385716	420.606000
88565.905845	425.214000
88571.109432	425.527000
88651.325366	430.208000
88662.144242	430.860000
88740.622258	435.436000
88743.377926	435.603000
88823.292715	440.307000
88830.299303	440.736000
88902.798776	445.054000
88915.643879	445.844000
88992.511170	450.473000
89000.351212	450.952000
89068.703509	455.120000
89079.371784	455.775000
89151.417236	460.219000
89163.121273	460.935000
89235.603057	465.384000
89243.560795	465.863000
89315.077230	470.271000
89327.877039	471.035000
89390.476106	474.886000
89405.866481	475.799000
89484.520019	480.636000
89490.932076	481.018000
89556.539585	485.093000
89569.730316	485.881000
89635.895697	490.016000
89649.377953	490.828000
89725.049727	495.543000
89731.012912	495.899000
89801.196852	500.264000
89810.428851	500.816000
89877.106848	504.993000
89892.208229	505.892000
89967.871346	510.628000
89972.551715	510.905000
90038.730312	515.009000
90054.561090	515.951000
90124.491974	520.310000
90140.464606	521.262000
90206.698450	525.407000
90220.019580	526.200000
90283.580202	530.132000
90308.485951	531.621000
90371.504892	535.482000
90391.019055	536.643000
90450.717506	540.271000
90477.428069	541.860000
90532.611762	545.240000
90565.940616	547.207000
90618.051972	550.396000
90657.433745	552.740000
90699.162323	555.319000
90730.427141	557.222000
90783.871236	560.510000
90830.991394	563.398000
90861.196340	565.259000
90905.509314	567.944000
90946.059800	570.435000
90999.771972	573.708000
91029.930065	575.583000
91075.739306	578.414000
91102.052882	580.041000
91166.096766	584.004000
91188.601442	585.387000
91249.240654	589.133000
91268.680316	590.322000
91327.889873	593.970000
91344.260724	594.976000
91420.696785	599.676000
91429.484103	600.215000
91497.107315	604.365000
91512.002017	605.275000
91584.742225	609.742000
91588.110078	609.946000
91670.169425	614.938000
91671.995424	615.047000
91756.768412	620.125000
91757.295676	620.156000
91833.516436	624.711000
91842.424560	625.251000
91917.975825	629.762000
91930.101084	630.487000
92007.034198	635.066000
92019.866120	635.831000
92080.019010	639.443000
92098.811200	640.576000
92168.575410	644.808000
92186.089326	645.863000
92249.696713	649.733000
92275.649488	651.291000
92328.690008	654.497000
92352.582709	655.922000
92419.568090	659.955000
92440.211889	661.171000
92506.172837	665.158000
92526.743908	666.365000
92591.674911	670.252000
92608.951135	671.262000
92676.418667	675.264000
92692.936156	676.219000
92769.026279	680.725000
92781.785931	681.456000
92853.516495	685.713000
92868.734926	686.579000
92942.899914	690.946000
92949.544129	691.321000
93029.596215	695.965000
93038.939478	696.486000
93126.815345	701.538000
93129.328407	701.679000
93206.945329	706.200000
93212.481351	706.510000
93301.254060	711.622000
93304.360793	711.800000
93390.987662	716.654000
93391.998920	716.712000
93477.519592	721.468000
93487.266095	722.031000
93574.074105	726.860000
93575.734203	726.956000
93658.327559	731.529000
93676.936841	732.597000
93746.747249	736.508000
93759.536873	737.234000
93842.621292	741.883000
93856.978705	742.696000
93922.469896	746.330000
93949.722953	747.857000
94021.284144	751.774000
94041.091087	752.874000
94109.417808	756.568000
94139.841775	758.249000
94199.536162	761.437000
94228.920724	763.056000
94297.757359	766.695000
94332.399761	768.581000
94388.208122	771.533000
94426.496451	773.590000
94484.171590	776.646000
94521.181988	778.612000
94572.809431	781.338000
94622.024914	783.938000
94674.191568	786.666000
94721.650124	789.177000
94769.863964	791.687000
94812.907406	793.950000
94858.364612	796.300000
94920.081324	799.545000
94961.765843	801.682000
95013.174822	804.383000
95058.240003	806.688000
95118.797579	809.887000
95151.936223	811.571000
95203.665994	814.309000
95245.038740	816.435000
95322.361804	820.512000
95354.184824	822.142000
95404.655570	824.789000
95438.220607	826.486000
95511.373108	830.260000
95538.547372	831.612000
95618.515990	835.709000
95651.626252	837.345000
95712.271860	840.422000
95733.172760	841.453000
95817.743850	845.705000
95844.438255	847.005000
95930.649343	851.273000
95948.613463	852.137000
96019.481394	855.657000
96045.312203	856.878000
96138.202162	861.510000
96147.629760	861.959000
96238.103372	866.446000
96258.735402	867.425000
96341.724668	871.471000
96353.446303	872.022000
96451.473524	876.717000
96458.578333	877.046000
96566.377658	882.148000
96575.143271	882.547000
96663.217632	886.678000
96677.385030	887.323000
96778.836644	892.037000
96781.115435	892.142000
96891.780399	897.169000
96896.728434	897.393000
97000.937566	902.187000
97004.774194	902.359000
97110.377937	907.125000
97115.150846	907.335000
97225.486401	912.205000
97229.071023	912.361000
97342.559547	917.323000
97345.962882	917.470000
97455.703175	922.229000
97459.901160	922.408000
97572.093196	927.215000
97581.159229	927.604000
97688.334373	932.097000
97700.779665	932.622000
97815.447504	937.407000
97818.061617	937.516000
97930.321921	942.196000
97941.577178	942.662000
98048.526674	947.085000
98063.543959	947.704000
98173.040864	952.164000
98190.736647	952.884000
98301.518452	957.385000
98302.715384	957.434000
98412.545541	961.932000
98438.202478	962.959000
98550.124715	967.435000
98562.474846	967.924000
98670.463526	972.128000
98678.711190	972.451000
98796.911047	977.004000
98824.353107	978.083000
98932.964688	982.195000
98947.774087	982.771000
99051.786311	986.758000
99082.403526	987.924000
99165.085541	991.076000
99211.241582	992.804000
99271.974086	995.084000
99347.045913	997.855000
99356.619341	998.206000
99428.061681	1000.847000
99445.621363	1001.484000
99465.049736	1002.187000
99465.354461	1002.198000
99466.576001	1002.242000
99469.325037	1002.341000
99470.520280	1002.384000
99471.603784	1002.423000
99472.326923	1002.449000
99473.300440	1002.484000
99477.807717	1002.646000
99478.392726	1002.667000
99480.550681	1002.746000
99483.672814	1002.858000
99485.513930	1002.924000
99486.267194	1002.951000
99522.163386	1004.241000
99578.793462	1006.265000
99633.125376	1008.185000
99636.750335	1008.312000
99714.952582	1011.069000
99764.794011	1012.790000
99790.855616	1013.694000
99872.518017	1016.486000
99924.958949	1018.260000
99949.199492	1019.081000
100039.863088	1022.122000
100066.627881	1023.017000
100127.651721	1025.063000
100217.665360	1028.037000
100232.201528	1028.514000
100377.343288	1033.223000
100380.341818	1033.317000
100522.888090	1037.998000
100534.699416	1038.358000
100681.202172	1042.983000
100696.793570	1043.457000
100850.069202	1047.998000
100874.545282	1048.705000
101033.314956	1053.322000
101041.847120	1053.565000
101203.302271	1058.135000
101207.500214	1058.251000
101403.301564	1063.635000
101406.090947	1063.709000
101586.391273	1068.466000
101598.290076	1068.775000
101777.542465	1073.364000
101796.881765	1073.837000
101990.989265	1078.574000
101999.938457	1078.790000
102219.114050	1083.945000
102243.031678	1084.508000
102416.330004	1088.725000
102422.801914	1088.878000
102638.888510	1093.785000
102663.520747	1094.324000
102881.058423	1099.230000
102901.778073	1099.661000
103112.602200	1103.978000
103139.635578	1104.507000
103378.005862	1109.196000
103405.481293	1109.708000
103667.877653	1114.501000
103706.872047	1115.229000
103918.254753	1119.011000
103971.564579	1119.935000
104252.027896	1124.719000
104292.804253	1125.319000
104571.770187	1129.518000
104663.948879	1130.659000
104957.018804	1134.322000
105075.403225	1135.328000
105664.380139	1140.196000
106375.072496	1134.322000
106806.128295	1130.659000
106897.417617	1129.518000
107236.644898	1125.319000
107276.506666	1124.719000
107601.630153	1119.935000
107655.799907	1119.011000
107874.000947	1115.229000
107914.690162	1114.501000
108171.421109	1109.708000
108199.450931	1109.196000
108451.076514	1104.507000
108477.968790	1103.978000
108698.579548	1099.661000
108719.627775	1099.230000
108955.476037	1094.324000
108979.375917	1093.785000
109203.625241	1088.878000
109210.362810	1088.725000
109388.742173	1084.508000
109411.878753	1083.945000
109630.875858	1078.790000
109640.059549	1078.574000
109836.320296	1073.837000
109855.702362	1073.364000
110043.330373	1068.775000
110055.400320	1068.466000
110238.580273	1063.709000
110241.385029	1063.635000
110444.331505	1058.251000
110448.550108	1058.135000
110613.934554	1053.565000
110622.519587	1053.322000
110784.630704	1048.705000
110808.943063	1047.998000
110966.150812	1043.457000
110982.150074	1042.983000
111134.281327	1038.358000
111145.684785	1037.998000
111299.264828	1033.317000
111302.127326	1033.223000
111452.340916	1028.514000
111467.043107	1028.037000
111557.673221	1025.063000
111619.599215	1023.017000
111646.293416	1022.122000
111737.233903	1019.081000
111761.710987	1018.260000
111814.089456	1016.486000
111896.623324	1013.694000
111923.064159	1012.790000
111972.679228	1011.069000
112052.523979	1008.312000
112056.126332	1008.185000
112110.928858	1006.265000
112168.203751	1004.241000
112204.297030	1002.951000
112205.048346	1002.924000
112206.889658	1002.858000
112210.013975	1002.746000
112212.216194	1002.667000
112212.789828	1002.646000
112217.302759	1002.484000
112218.276554	1002.449000
112218.999738	1002.423000
112220.084446	1002.384000
112221.279078	1002.341000
112224.030917	1002.242000
112225.252711	1002.198000
112225.558095	1002.187000
112245.032767	1001.484000
112262.637139	1000.847000
112335.439527	998.206000
112344.934514	997.855000
112420.512774	995.084000
112482.282448	992.804000
112528.311293	991.076000
112612.503331	987.924000
112643.089380	986.758000
112747.781351	982.771000
112762.807948	982.195000
112868.530601	978.083000
112897.030576	977.004000
113012.826403	972.451000
113021.211766	972.128000
113128.559069	967.924000
113141.120074	967.435000
113254.165441	962.959000
113279.845544	961.932000
113392.216432	957.434000
113393.412892	957.385000
113503.359679	952.884000
113521.080830	952.164000
113630.696374	947.704000
113645.893366	947.085000
113753.197813	942.662000
113764.465835	942.196000
113877.501471	937.516000
113880.116081	937.407000
113994.873245	932.622000
114007.454356	932.097000
114113.962352	927.604000
114123.241482	927.215000
114235.273418	922.408000
114239.451153	922.229000
114351.061256	917.470000
114354.451006	917.323000
114469.330933	912.361000
114472.898891	912.205000
114584.803454	907.335000
114589.561250	907.125000
114697.883545	902.359000
114701.694675	902.187000
114808.629519	897.393000
114813.498699	897.169000
114924.542323	892.142000
114926.853805	892.037000
115029.160683	887.323000
115043.041950	886.678000
115133.779187	882.547000
115142.286007	882.148000
115254.371610	877.046000
115261.322997	876.717000
115362.712286	872.022000
115374.216652	871.471000
115460.288772	867.425000
115480.369467	866.446000
115574.931183	861.959000
115583.984593	861.510000
115681.242123	856.878000
115705.728013	855.657000
115780.195209	852.137000
115797.590064	851.273000
115886.329489	847.005000
115912.588724	845.705000
115999.899963	841.453000
116020.406264	840.422000
116082.784606	837.345000
116115.029070	835.709000
116197.946394	831.612000
116224.335843	830.260000
116300.190631	826.486000
116333.084058	824.789000
116385.439186	822.142000
116416.518641	820.512000
116496.115238	816.435000
116536.436267	814.309000
116589.718759	811.571000
116621.535024	809.887000
116684.486642	806.688000
116728.120656	804.383000
116780.928055	801.682000
116821.602245	799.545000
116884.899514	796.300000
116929.594206	793.950000
116973.368528	791.687000
117021.110039	789.177000
117069.343088	786.666000
117120.903001	783.938000
117170.621953	781.338000
117222.222494	778.612000
117259.456372	776.646000
117316.986269	773.590000
117355.807526	771.533000
117410.755093	768.581000
117446.410435	766.695000
117513.252271	763.056000
117543.877858	761.437000
117601.739491	758.249000
117633.215735	756.568000
117700.072448	752.874000
117720.418791	751.774000
117790.949516	747.857000
117818.846871	746.330000
117883.704506	742.696000
117898.356222	741.883000
117980.456606	737.234000
117993.431287	736.508000
118062.329665	732.597000
118081.393208	731.529000
118161.075087	726.956000
118162.808952	726.860000
118246.315318	722.031000
118256.436028	721.468000
118338.770606	716.712000
118339.813541	716.654000
118424.445399	711.800000
118427.622074	711.622000
118516.844653	706.510000
118522.227975	706.200000
118602.964603	701.679000
118605.385303	701.538000
118695.427775	696.486000
118704.490191	695.965000
118787.772557	691.321000
118794.236711	690.946000
118871.610811	686.579000
118886.318134	685.713000
118961.127443	681.456000
118973.444812	680.725000
119052.097329	676.219000
119068.223842	675.264000
119137.441633	671.262000
119154.468671	670.252000
119220.956475	666.365000
119241.118997	665.158000
119309.069997	661.171000
119329.187507	659.955000
119397.654976	655.922000
119421.323255	654.497000
119475.077640	651.291000
119500.853414	649.733000
119565.318907	645.863000
119582.658906	644.808000
119652.913782	640.576000
119671.591204	639.443000
119731.500639	635.831000
119744.240662	635.066000
119821.047679	630.487000
119833.228615	629.762000
119908.672809	625.251000
119917.716853	624.711000
119992.858527	620.156000
119993.377263	620.125000
120079.746461	615.047000
120081.566125	614.938000
120165.193559	609.946000
120168.546945	609.742000
120242.293022	605.275000
120257.111376	604.365000
120325.037763	600.215000
120333.820633	599.676000
120410.444744	594.976000
120426.805314	593.970000
120486.169989	590.322000
120505.468279	589.133000
120566.713844	585.387000
120589.101465	584.004000
120653.588833	580.041000
120679.881894	578.414000
120725.667839	575.583000
120756.007764	573.708000
120808.651731	570.435000
120849.530748	567.944000
120893.239320	565.259000
120923.953080	563.398000
120970.826742	560.510000
121024.473237	557.222000
121055.405145	555.319000
121097.776120	552.740000
121135.702365	550.396000
121189.281066	547.207000
121221.423756	545.240000
121278.694486	541.860000
121304.637352	540.271000
121365.622828	536.643000
121384.726990	535.482000
121449.622927	531.621000
121473.926269	530.132000
121539.694843	526.200000
121552.513656	525.407000
121622.143021	521.262000
121637.355233	520.310000
121710.490428	515.951000
121725.602815	515.009000
121794.572575	510.905000
121799.039307	510.628000
121879.061786	505.892000
121893.424358	504.993000
121963.589509	500.816000
121972.401157	500.264000
122045.404195	495.899000
122051.128246	495.543000
122130.106948	490.828000
122143.138863	490.016000
122211.795424	485.881000
122224.404450	485.093000
122292.617935	481.018000
122298.768136	480.636000
122379.959554	475.799000
122394.805673	474.886000
122459.721702	471.035000
122472.140733	470.271000
122545.990939	465.863000
122553.762348	465.384000
122627.674610	460.935000
122639.339469	460.219000
122711.982958	455.775000
122722.601718	455.120000
122790.487777	450.952000
122798.343044	450.473000
122874.108297	445.844000
122887.226715	445.054000
122957.435774	440.736000
122964.638709	440.307000
123041.466193	435.603000
123044.303304	435.436000
123119.811915	430.860000
123130.993661	430.208000
123208.667221	425.527000
123214.030944	425.214000
123290.638377	420.606000
123293.041011	420.465000
123377.437076	415.453000
123382.335775	415.167000
123462.335928	410.461000
123463.439202	410.396000
123550.328680	405.327000
123553.753428	405.127000
123632.937961	400.448000
123633.125246	400.437000
123720.926582	395.342000
123728.322750	394.906000
123807.833521	390.217000
123810.215992	390.076000
123885.641403	385.599000
123896.477678	384.951000
123978.127323	380.081000
123980.007224	379.967000
124057.681683	375.273000
124065.747926	374.776000
124140.248802	370.228000
124150.969999	369.562000
124223.201885	365.127000
124231.968106	364.580000
124304.721883	360.144000
124314.893146	359.503000
124389.811877	355.093000
124402.065650	354.326000
124477.693993	349.919000
124489.170886	349.213000
124564.100927	344.932000
124578.147965	344.079000
124652.602308	339.886000
124668.206650	338.969000
124748.411410	334.400000
124760.680761	333.681000
124828.439238	329.779000
124847.509206	328.662000
124922.358413	324.327000
124938.762665	323.373000
125010.856303	319.214000
125027.419330	318.264000
125100.566326	314.026000
125119.427380	312.979000
125188.600445	309.113000
125209.572842	307.959000
125282.359328	303.864000
125307.939608	302.446000
125375.166205	298.680000
125390.643547	297.810000
125461.888435	293.920000
125495.252635	292.052000
125554.336960	288.916000
125585.725210	287.172000
125653.959461	283.681000
125684.074412	282.056000
125747.247918	278.949000
125789.121546	276.755000
125846.845939	274.037000
125896.275428	271.601000
125960.740015	268.793000
126005.899584	266.612000
126068.930999	263.996000
126127.578917	261.292000
126183.715783	259.101000
126248.497908	256.228000
126314.851380	253.907000
126388.712467	250.909000
126440.469330	249.006000
126522.524420	245.758000
126563.001252	244.176000
126656.697988	240.610000
126711.452443	238.619000
126794.361709	235.224000
126830.162025	233.968000
126928.655588	230.037000
126962.742909	228.921000
127066.975017	224.914000
127100.202357	223.869000
127220.121599	219.529000
127249.366513	218.704000
127389.409369	214.047000
127395.594743	213.900000
127586.912647	209.540000
127630.670364	208.688000
127925.476390	203.901000
127999.575227	203.459000
128876.187943	208.688000
128928.658120	209.540000
129152.582588	213.900000
129159.032985	214.047000
129354.987297	218.704000
129379.796264	219.529000
129533.642235	223.869000
129562.516799	224.914000
129689.925364	228.921000
129718.955320	230.037000
129839.024547	233.968000
129870.494381	235.224000
129967.263547	238.619000
130015.885741	240.610000
130113.954242	244.176000
130155.521330	245.758000
130238.624206	249.006000
130286.700203	250.909000
130368.238339	253.907000
130425.420322	256.228000
130507.554542	259.101000
130556.958522	261.292000
130626.239255	263.996000
130682.978513	266.612000
130735.528787	268.793000
130793.670956	271.601000
130849.595362	274.037000
130904.746984	276.755000
130951.342760	278.949000
131010.641467	282.056000
131043.682003	283.681000
131108.378184	287.172000
131142.465992	288.916000
131198.907248	292.052000
131234.101610	293.920000
131303.580592	297.810000
131319.514539	298.680000
131386.511857	302.446000
131411.824473	303.864000
131485.697003	307.959000
131506.208750	309.113000
131576.468100	312.979000
131595.201726	314.026000
131671.546661	318.264000
131687.943463	319.214000
131760.454648	323.373000
131776.991636	324.327000
131851.532970	328.662000
131870.819375	329.779000
131937.436219	333.681000
131949.921700	334.400000
132027.889249	338.969000
132043.986374	339.886000
132115.337528	344.079000
132130.484094	344.932000
132200.982769	349.213000
132213.339837	349.919000
132284.981009	354.326000
132298.143464	355.093000
132368.598659	359.503000
132379.488208	360.144000
132449.877793	364.580000
132458.849010	365.127000
132529.924307	369.562000
132540.771305	370.228000
132613.984525	374.776000
132622.125891	375.273000
132698.308870	379.967000
132700.195297	380.081000
132780.503339	384.951000
132791.367604	385.599000
132866.234893	390.076000
132868.610364	390.217000
132947.840177	394.906000
132955.233373	395.342000
133041.663367	400.437000
133041.852929	400.448000
133121.517075	405.127000
133124.901753	405.327000
133211.701982	410.396000
133212.816169	410.461000
133292.693198	415.167000
133297.555086	415.453000
133383.402219	420.465000
133385.776490	420.606000
133464.296619	425.214000
133469.500205	425.527000
133549.716140	430.208000
133560.535016	430.860000
133639.013032	435.436000
133641.768700	435.603000
133721.683489	440.307000
133728.690077	440.736000
133801.189550	445.054000
133814.034653	445.844000
133890.901944	450.473000
133898.741986	450.952000
133967.094283	455.120000
133977.762558	455.775000
134049.808010	460.219000
134061.512047	460.935000
134133.993831	465.384000
134141.951568	465.863000
134213.468004	470.271000
134226.267813	471.035000
134288.866880	474.886000
134304.257255	475.799000
134382.910793	480.636000
134389.322850	481.018000
134454.930359	485.093000
134468.121090	485.881000
134534.286471	490.016000
134547.768727	490.828000
134623.440501	495.543000
134629.403686	495.899000
134699.587626	500.264000
134708.819625	500.816000
134775.497622	504.993000
134790.599003	505.892000
134866.262120	510.628000
134870.942489	510.905000
134937.121085	515.009000
134952.951864	515.951000
135022.882748	520.310000
135038.855380	521.262000
135105.089224	525.407000
135118.410354	526.200000
135181.970976	530.132000
135206.876725	531.621000
135269.895666	535.482000
135289.409829	536.643000
135349.108280	540.271000
135375.818843	541.860000
135431.002536	545.240000
135464.331390	547.207000
135516.442746	550.396000
135555.824519	552.740000
135597.553097	555.319000
135628.817915	557.222000
135682.262010	560.510000
135729.382168	563.398000
135759.587114	565.259000
135803.900088	567.944000
135844.450574	570.435000
135898.162746	573.708000
135928.320839	575.583000
135974.130080	578.414000
136000.443656	580.041000
136064.487540	584.004000
136086.992216	585.387000
136147.631428	589.133000
136167.071090	590.322000
136226.280647	593.970000
136242.651497	594.976000
136319.087559	599.676000
136327.874877	600.215000
136395.498089	604.365000
136410.392791	605.275000
136483.132999	609.742000
136486.500852	609.946000
136568.560199	614.938000
136570.386198	615.047000
136655.159186	620.125000
136655.686449	620.156000
136731.907210	624.711000
136740.815333	625.251000
136816.366599	629.762000
136828.491857	630.487000
136905.424972	635.066000
136918.256894	635.831000
136978.409784	639.443000
136997.201974	640.576000
137066.966183	644.808000
137084.480100	645.863000
137148.087487	649.733000
137174.040261	651.291000
137227.080782	654.497000
137250.973483	655.922000
137317.958864	659.955000
137338.602663	661.171000
137404.563611	665.158000
137425.134682	666.365000
137490.065685	670.252000
137507.341909	671.262000
137574.809441	675.264000
137591.326930	676.219000
137667.417053	680.725000
137680.176705	681.456000
137751.907269	685.713000
137767.125700	686.579000
137841.290688	690.946000
137847.934903	691.321000
137927.986989	695.965000
137937.330252	696.486000
138025.206119	701.538000
138027.719180	701.679000
138105.336103	706.200000
138110.872125	706.510000
138199.644834	711.622000
138202.751567	711.800000
138289.378436	716.654000
138290.389694	716.712000
138375.910366	721.468000
138385.656869	722.031000
138472.464879	726.860000
138474.124977	726.956000
138556.718333	731.529000
138575.327615	732.597000
138645.138023	736.508000
138657.927647	737.234000
138741.012066	741.883000
138755.369479	742.696000
138820.860670	746.330000
138848.113727	747.857000
138919.674917	751.774000
138939.481861	752.874000
139007.808582	756.568000
139038.232549	758.249000
139097.926936	761.437000
139127.311498	763.056000
139196.148133	766.695000
139230.790535	768.581000
139286.598896	771.533000
139324.887225	773.590000
139382.562363	776.646000
139419.572762	778.612000
139471.200204	781.338000
139520.415687	783.938000
139572.582341	786.666000
139620.040898	789.177000
139668.254738	791.687000
139711.298180	793.950000
139756.755386	796.300000
139818.472098	799.545000
139860.156617	801.682000
139911.565596	804.383000
139956.630777	806.688000
140017.188353	809.887000
140050.326997	811.571000
140102.056768	814.309000
140143.429514	816.435000
140220.752578	820.512000
140252.575598	822.142000
140303.046344	824.789000
140336.611381	826.486000
140409.763882	830.260000
140436.938146	831.612000
140516.906764	835.709000
140550.017026	837.345000
140610.662634	840.422000
140631.563534	841.453000
140716.134624	845.705000
140742.829029	847.005000
140829.040117	851.273000
140847.004237	852.137000
140917.872168	855.657000
140943.702977	856.878000
141036.592936	861.510000
141046.020533	861.959000
141136.494145	866.446000
141157.126176	867.425000
141240.115442	871.471000
141251.837077	872.022000
141349.864298	876.717000
141356.969107	877.046000
141464.768432	882.148000
141473.534045	882.547000
141561.608406	886.678000
141575.775804	887.323000
141677.227418	892.037000
141679.506209	892.142000
141790.171173	897.169000
141795.119208	897.393000
141899.328340	902.187000
141903.164968	902.359000
142008.768711	907.125000
142013.541620	907.335000
142123.877175	912.205000
142127.461797	912.361000
142240.950321	917.323000
142244.353656	917.470000
142354.093949	922.229000
142358.291934	922.408000
142470.483970	927.215000
142479.550003	927.604000
142586.725147	932.097000
142599.170439	932.622000
142713.838278	937.407000
142716.452391	937.516000
142828.712695	942.196000
142839.967952	942.662000
142946.917448	947.085000
142961.934733	947.704000
143071.431638	952.164000
143089.127421	952.884000
143199.909225	957.385000
143201.106158	957.434000
143310.936315	961.932000
143336.593252	962.959000
143448.515489	967.435000
143460.865620	967.924000
143568.854300	972.128000
143577.101964	972.451000
143695.301821	977.004000
143722.743881	978.083000
143831.355462	982.195000
143846.164861	982.771000
143950.177085	986.758000
143980.794300	987.924000
144063.476315	991.076000
144109.632356	992.804000
144170.364860	995.084000
144245.436687	997.855000
144255.010115	998.206000
144326.452455	1000.847000
144344.012137	1001.484000
144363.440510	1002.187000
144363.745235	1002.198000
144364.966775	1002.242000
144367.715811	1002.341000
144368.911054	1002.384000
144369.994558	1002.423000
144370.717696	1002.449000
144371.691214	1002.484000
144376.198490	1002.646000
144376.783500	1002.667000
144378.941455	1002.746000
144382.063588	1002.858000
144383.904704	1002.924000
144384.657968	1002.951000
144420.554160	1004.241000
144477.184236	1006.265000
144531.516150	1008.185000
144535.141109	1008.312000
144613.343356	1011.069000
144663.184784	1012.790000
144689.246389	1013.694000
144770.908791	1016.486000
144823.349723	1018.260000
144847.590266	1019.081000
144938.253862	1022.122000
144965.018655	1023.017000
145026.042494	1025.063000
145116.056134	1028.037000
145130.592302	1028.514000
145275.734062	1033.223000
145278.732592	1033.317000
145421.278864	1037.998000
145433.090190	1038.358000
145579.592946	1042.983000
145595.184344	1043.457000
145748.459976	1047.998000
145772.936056	1048.705000
145931.705730	1053.322000
145940.237894	1053.565000
146101.693045	1058.135000
146105.890988	1058.251000
146301.692338	1063.635000
146304.481721	1063.709000
146484.782047	1068.466000
146496.680850	1068.775000
146675.933238	1073.364000
146695.272539	1073.837000
146889.380039	1078.574000
146898.329231	1078.790000
147117.504824	1083.945000
147141.422452	1084.508000
147314.720778	1088.725000
147321.192688	1088.878000
147537.279284	1093.785000
147561.911520	1094.324000
147779.449197	1099.230000
147800.168847	1099.661000
148010.992974	1103.978000
148038.026352	1104.507000
148276.396636	1109.196000
148303.872067	1109.708000
148566.268427	1114.501000
148605.262821	1115.229000
148816.645527	1119.011000
148869.955352	1119.935000
149150.418670	1124.719000
149191.195027	1125.319000
149470.160961	1129.518000
149562.339653	1130.659000
149855.409578	1134.322000
149973.793999	1135.328000
150562.770913	1140.196000
151273.463270	1134.322000
151704.519069	1130.659000
151795.808391	1129.518000
152135.035672	1125.319000
152174.897440	1124.719000
152500.020927	1119.935000
152554.190681	1119.011000
152772.391721	1115.229000
152813.080936	1114.501000
153069.811883	1109.708000
153097.841705	1109.196000
153349.467288	1104.507000
153376.359564	1103.978000
153596.970322	1099.661000
153618.018549	1099.230000
153853.866811	1094.324000
153877.766691	1093.785000
154102.016015	1088.878000
154108.753584	1088.725000
154287.132947	1084.508000
154310.269527	1083.945000
154529.266631	1078.790000
154538.450323	1078.574000
154734.711070	1073.837000
154754.093136	1073.364000
154941.721147	1068.775000
154953.791094	1068.466000
155136.971046	1063.709000
155139.775802	1063.635000
155342.722279	1058.251000
155346.940882	1058.135000
155512.325328	1053.565000
155520.910361	1053.322000
155683.021478	1048.705000
155707.333837	1047.998000
155864.541585	1043.457000
155880.540848	1042.983000
156032.672101	1038.358000
156044.075559	1037.998000
156197.655602	1033.317000
156200.518100	1033.223000
156350.731690	1028.514000
156365.433881	1028.037000
156456.063994	1025.063000
156517.989989	1023.017000
156544.684190	1022.122000
156635.624677	1019.081000
156660.101761	1018.260000
156712.480230	1016.486000
156795.014098	1013.694000
156821.454933	1012.790000
156871.070002	1011.069000
156950.914753	1008.312000
156954.517106	1008.185000
157009.319632	1006.265000
157066.594525	1004.241000
157102.687804	1002.951000
157103.439120	1002.924000
157105.280432	1002.858000
157108.404749	1002.746000
157110.606968	1002.667000
157111.180602	1002.646000
157115.693533	1002.484000
157116.667327	1002.449000
157117.390512	1002.423000
157118.475220	1002.384000
157119.669852	1002.341000
157122.421690	1002.242000
157123.643484	1002.198000
157123.948869	1002.187000
157143.423541	1001.484000
157161.027913	1000.847000
157233.830301	998.206000
157243.325288	997.855000
157318.903548	995.084000
157380.673222	992.804000
157426.702067	991.076000
157510.894105	987.924000
157541.480154	986.758000
157646.172125	982.771000
157661.198722	982.195000
157766.921375	978.083000
157795.421350	977.004000
157911.217177	972.451000
157919.602540	972.128000
158026.949843	967.924000
158039.510848	967.435000
158152.556215	962.959000
158178.236318	961.932000
158290.607206	957.434000
158291.803666	957.385000
158401.750453	952.884000
158419.471604	952.164000
158529.087148	947.704000
158544.284140	947.085000
158651.588587	942.662000
158662.856609	942.196000
158775.892245	937.516000
158778.506855	937.407000
158893.264019	932.622000
158905.845130	932.097000
159012.353126	927.604000
159021.632256	927.215000
159133.664192	922.408000
159137.841927	922.229000
159249.452030	917.470000
159252.841780	917.323000
159367.721707	912.361000
159371.289665	912.205000
159483.194228	907.335000
159487.952024	907.125000
159596.274319	902.359000
159600.085449	902.187000
159707.020293	897.393000
159711.889473	897.169000
159822.933097	892.142000
159825.244579	892.037000
159927.551457	887.323000
159941.432724	886.678000
160032.169961	882.547000
160040.676781	882.148000
160152.762384	877.046000
160159.713771	876.717000
160261.103060	872.022000
160272.607426	871.471000
160358.679546	867.425000
160378.760241	866.446000
160473.321957	861.959000
160482.375367	861.510000
160579.632897	856.878000
160604.118787	855.657000
160678.585982	852.137000
160695.980838	851.273000
160784.720263	847.005000
160810.979498	845.705000
160898.290737	841.453000
160918.797038	840.422000
160981.175380	837.345000
161013.419844	835.709000
161096.337168	831.612000
161122.726617	830.260000
161198.581404	826.486000
161231.474832	824.789000
161283.829960	822.142000
161314.909415	820.512000
161394.506012	816.435000
161434.827041	814.309000
161488.109533	811.571000
161519.925798	809.887000
161582.877416	806.688000
161626.511430	804.383000
161679.318829	801.682000
161719.993019	799.545000
161783.290288	796.300000
161827.984980	793.950000
161871.759302	791.687000
161919.500813	789.177000
161967.733862	786.666000
162019.293775	783.938000
162069.012727	781.338000
162120.613268	778.612000
162157.847146	776.646000
162215.377043	773.590000
162254.198300	771.533000
162309.145867	768.581000
162344.801209	766.695000
162411.643045	763.056000
162442.268632	761.437000
162500.130265	758.249000
162531.606508	756.568000
162598.463222	752.874000
162618.809565	751.774000
162689.340290	747.857000
162717.237645	746.330000
162782.095280	742.696000
162796.746996	741.883000
162878.847380	737.234000
162891.822060	736.508000
162960.720439	732.597000
162979.783982	731.529000
163059.465861	726.956000
163061.199726	726.860000
163144.706092	722.031000
163154.826802	721.468000
163237.161380	716.712000
163238.204315	716.654000
163322.836172	711.800000
163326.012848	711.622000
163415.235427	706.510000
163420.618749	706.200000
163501.355377	701.679000
163503.776077	701.538000
163593.818549	696.486000
163602.880965	695.965000
163686.163331	691.321000
163692.627485	690.946000
163770.001585	686.579000
163784.708908	685.713000
163859.518217	681.456000
163871.835586	680.725000
163950.488103	676.219000
163966.614616	675.264000
164035.832407	671.262000
164052.859445	670.252000
164119.347249	666.365000
164139.509771	665.158000
164207.460771	661.171000
164227.578281	659.955000
164296.045750	655.922000
164319.714029	654.497000
164373.468414	651.291000
164399.244188	649.733000
164463.709681	645.863000
164481.049680	644.808000
164551.304556	640.576000
164569.981978	639.443000
164629.891413	635.831000
164642.631436	635.066000
164719.438453	630.487000
164731.619389	629.762000
164807.063583	625.251000
164816.107627	624.711000
164891.249301	620.156000
164891.768037	620.125000
164978.137235	615.047000
164979.956899	614.938000
165063.584333	609.946000
165066.937719	609.742000
165140.683796	605.275000
165155.502150	604.365000
165223.428537	600.215000
165232.211407	599.676000
165308.835518	594.976000
165325.196088	593.970000
165384.560763	590.322000
165403.859053	589.133000
165465.104618	585.387000
165487.492239	584.004000
165551.979607	580.041000
165578.272668	578.414000
165624.058613	575.583000
165654.398538	573.708000
165707.042505	570.435000
165747.921522	567.944000
165791.630094	565.259000
165822.343854	563.398000
165869.217516	560.510000
165922.864011	557.222000
165953.795919	555.319000
165996.166894	552.740000
166034.093139	550.396000
166087.671840	547.207000
166119.814529	545.240000
166177.085260	541.860000
166203.028126	540.271000
166264.013602	536.643000
166283.117764	535.482000
166348.013701	531.621000
166372.317042	530.132000
166438.085617	526.200000
166450.904430	525.407000
166520.533795	521.262000
166535.746007	520.310000
166608.881202	515.951000
166623.993589	515.009000
166692.963348	510.905000
166697.430081	510.628000
166777.452560	505.892000
166791.815132	504.993000
166861.980283	500.816000
166870.791931	500.264000
166943.794969	495.899000
166949.519020	495.543000
167028.497722	490.828000
167041.529637	490.016000
167110.186198	485.881000
167122.795224	485.093000
167191.008709	481.018000
167197.158910	480.636000
167278.350328	475.799000
167293.196447	474.886000
167358.112476	471.035000
167370.531507	470.271000
167444.381713	465.863000
167452.153122	465.384000
167526.065384	460.935000
167537.730243	460.219000
167610.373732	455.775000
167620.992492	455.120000
167688.878551	450.952000
167696.733818	450.473000
167772.499071	445.844000
167785.617489	445.054000
167855.826547	440.736000
167863.029483	440.307000
167939.856967	435.603000
167942.694078	435.436000
168018.202689	430.860000
168029.384434	430.208000
168107.057995	425.527000
168112.421718	425.214000
168189.029151	420.606000
168191.431785	420.465000
168275.827850	415.453000
168280.726549	415.167000
168360.726702	410.461000
168361.829976	410.396000
168448.719454	405.327000
168452.144202	405.127000
168531.328735	400.448000
168531.516020	400.437000
168619.317356	395.342000
168626.713524	394.906000
168706.224295	390.217000
168708.606766	390.076000
168784.032177	385.599000
168794.868452	384.951000
168876.518097	380.081000
168878.397998	379.967000
168956.072457	375.273000
168964.138699	374.776000
169038.639576	370.228000
169049.360773	369.562000
169121.592659	365.127000
169130.358880	364.580000
169203.112657	360.144000
169213.283920	359.503000
169288.202651	355.093000
169300.456423	354.326000
169376.084767	349.919000
169387.561660	349.213000
169462.491701	344.932000
169476.538739	344.079000
169550.993082	339.886000
169566.597424	338.969000
169646.802184	334.400000
169659.071535	333.681000
169726.830012	329.779000
169745.899980	328.662000
169820.749187	324.327000
169837.153439	323.373000
169909.247077	319.214000
169925.810104	318.264000
169998.957100	314.026000
170017.818154	312.979000
170086.991218	309.113000
170107.963616	307.959000
170180.750102	303.864000
170206.330382	302.446000
170273.556979	298.680000
170289.034320	297.810000
170360.279208	293.920000
170393.643409	292.052000
170452.727734	288.916000
170484.115983	287.172000
170552.350235	283.681000
170582.465186	282.056000
170645.638692	278.949000
170687.512320	276.755000
170745.236713	274.037000
170794.666202	271.601000
170859.130789	268.793000
170904.290358	266.612000
170967.321772	263.996000
171025.969691	261.292000
171082.106557	259.101000
171146.888682	256.228000
171213.242153	253.907000
171287.103241	250.909000
171338.860103	249.006000
171420.915194	245.758000
171461.392026	244.176000
171555.088762	240.610000
171609.843216	238.619000
171692.752483	235.224000
171728.552799	233.968000
171827.046362	230.037000
171861.133683	228.921000
171965.365791	224.914000
171998.593131	223.869000
172118.512373	219.529000
172147.757287	218.704000
172287.800143	214.047000
172293.985517	213.900000
172485.303421	209.540000
172529.061138	208.688000
172823.867164	203.901000
172897.966001	203.459000
173774.578717	208.688000
173827.048894	209.540000
174050.973361	213.900000
174057.423759	214.047000
174253.378071	218.704000
174278.187038	219.529000
174432.033009	223.869000
174460.907573	224.914000
174588.316138	228.921000
174617.346094	230.037000
174737.415321	233.968000
174768.885155	235.224000
174865.654321	238.619000
174914.276515	240.610000
175012.345016	244.176000
175053.912104	245.758000
175137.014980	249.006000
175185.090977	250.909000
175266.629113	253.907000
175323.811096	256.228000
175405.945316	259.101000
175455.349296	261.292000
175524.630029	263.996000
175581.369287	266.612000
175633.919561	268.793000
175692.061730	271.601000
175747.986136	274.037000
175803.137758	276.755000
175849.733533	278.949000
175909.032240	282.056000
175942.072777	283.681000
176006.768958	287.172000
176040.856765	288.916000
176097.298022	292.052000
176132.492384	293.920000
176201.971366	297.810000
176217.905313	298.680000
176284.902631	302.446000
176310.215247	303.864000
176384.087777	307.959000
176404.599524	309.113000
176474.858874	312.979000
176493.592500	314.026000
176569.937435	318.264000
176586.334237	319.214000
176658.845422	323.373000
176675.382410	324.327000
176749.923744	328.662000
176769.210149	329.779000
176835.826993	333.681000
176848.312473	334.400000
176926.280023	338.969000
176942.377148	339.886000
177013.728301	344.079000
177028.874868	344.932000
177099.373543	349.213000
177111.730611	349.919000
177183.371783	354.326000
177196.534238	355.093000
177266.989433	359.503000
177277.878981	360.144000
177348.268567	364.580000
177357.239784	365.127000
177428.315081	369.562000
177439.162079	370.228000
177512.375299	374.776000
177520.516665	375.273000
177596.699644	379.967000
177598.586071	380.081000
177678.894113	384.951000
177689.758378	385.599000
177764.625667	390.076000
177767.001138	390.217000
177846.230951	394.906000
177853.624147	395.342000
177940.054141	400.437000
177940.243702	400.448000
178019.907849	405.127000
178023.292527	405.327000
178110.092756	410.396000
178111.206943	410.461000
178191.083972	415.167000
178195.945860	415.453000
178281.792993	420.465000
178284.167264	420.606000
178362.687393	425.214000
178367.890979	425.527000
178448.106914	430.208000
178458.925790	430.860000
178537.403806	435.436000
178540.159474	435.603000
178620.074263	440.307000
178627.080851	440.736000
178699.580324	445.054000
178712.425427	445.844000
178789.292718	450.473000
178797.132760	450.952000
178865.485057	455.120000
178876.153332	455.775000
178948.198784	460.219000
178959.902821	460.935000
179032.384605	465.384000
179040.342342	465.863000
179111.858778	470.271000
179124.658586	471.035000
179187.257654	474.886000
179202.648029	475.799000
179281.301567	480.636000
179287.713624	481.018000
179353.321133	485.093000
179366.511864	485.881000
179432.677245	490.016000
179446.159501	490.828000
179521.831274	495.543000
179527.794460	495.899000
179597.978400	500.264000
179607.210399	500.816000
179673.888396	504.993000
179688.989777	505.892000
179764.652894	510.628000
179769.333263	510.905000
179835.511859	515.009000
179851.342638	515.951000
179921.273522	520.310000
179937.246154	521.262000
180003.479998	525.407000
180016.801128	526.200000
180080.361750	530.132000
180105.267499	531.621000
180168.286440	535.482000
180187.800603	536.643000
180247.499054	540.271000
180274.209617	541.860000
180329.393310	545.240000
180362.722164	547.207000
180414.833519	550.396000
180454.215293	552.740000
180495.943871	555.319000
180527.208689	557.222000
180580.652784	560.510000
180627.772942	563.398000
180657.977888	565.259000
180702.290862	567.944000
180742.841348	570.435000
180796.553520	573.708000
180826.711613	575.583000
180872.520854	578.414000
180898.834430	580.041000
180962.878314	584.004000
180985.382990	585.387000
181046.022202	589.133000
181065.461864	590.322000
181124.671421	593.970000
181141.042271	594.976000
181217.478332	599.676000
181226.265651	600.215000
181293.888863	604.365000
181308.783565	605.275000
181381.523773	609.742000
181384.891626	609.946000
181466.950973	614.938000
181468.776972	615.047000
181553.549960	620.125000
181554.077223	620.156000
181630.297984	624.711000
181639.206107	625.251000
181714.757373	629.762000
181726.882631	630.487000
181803.815746	635.066000
181816.647668	635.831000
181876.800557	639.443000
181895.592748	640.576000
181965.356957	644.808000
181982.870874	645.863000
182046.478260	649.733000
182072.431035	651.291000
182125.471556	654.497000
182149.364257	655.922000
182216.349638	659.955000
182236.993437	661.171000
182302.954385	665.158000
182323.525456	666.365000
182388.456459	670.252000
182405.732683	671.262000
182473.200215	675.264000
182489.717704	676.219000
182565.807827	680.725000
182578.567478	681.456000
182650.298043	685.713000
182665.516474	686.579000
182739.681462	690.946000
182746.325677	691.321000
182826.377763	695.965000
182835.721026	696.486000
182923.596893	701.538000
182926.109954	701.679000
183003.726877	706.200000
183009.262899	706.510000
183098.035608	711.622000
183101.142341	711.800000
183187.769210	716.654000
183188.780468	716.712000
183274.301140	721.468000
183284.047643	722.031000
183370.855653	726.860000
183372.515751	726.956000
183455.109107	731.529000
183473.718389	732.597000
183543.528796	736.508000
183556.318421	737.234000
183639.402840	741.883000
183653.760253	742.696000
183719.251444	746.330000
183746.504500	747.857000
183818.065691	751.774000
183837.872635	752.874000
183906.199356	756.568000
183936.623323	758.249000
183996.317710	761.437000
184025.702272	763.056000
184094.538907	766.695000
184129.181309	768.581000
184184.989670	771.533000
184223.277999	773.590000
184280.953137	776.646000
184317.963536	778.612000
184369.590978	781.338000
184418.806461	783.938000
184470.973115	786.666000
184518.431672	789.177000
184566.645512	791.687000
184609.688954	793.950000
184655.146160	796.300000
184716.862872	799.545000
184758.547391	801.682000
184809.956370	804.383000
184855.021551	806.688000
184915.579126	809.887000
184948.717771	811.571000
185000.447542	814.309000
185041.820288	816.435000
185119.143352	820.512000
185150.966372	822.142000
185201.437118	824.789000
185235.002155	826.486000
185308.154656	830.260000
185335.328920	831.612000
185415.297538	835.709000
185448.407800	837.345000
185509.053408	840.422000
185529.954308	841.453000
185614.525398	845.705000
185641.219803	847.005000
185727.430891	851.273000
185745.395011	852.137000
185816.262942	855.657000
185842.093751	856.878000
185934.983710	861.510000
185944.411307	861.959000
186034.884919	866.446000
186055.516950	867.425000
186138.506216	871.471000
186150.227851	872.022000
186248.255072	876.717000
186255.359880	877.046000
186363.159206	882.148000
186371.924819	882.547000
186459.999180	886.678000
186474.166577	887.323000
186575.618192	892.037000
186577.896983	892.142000
186688.561947	897.169000
186693.509982	897.393000
186797.719114	902.187000
186801.555742	902.359000
186907.159485	907.125000
186911.932393	907.335000
187022.267948	912.205000
187025.852571	912.361000
187139.341095	917.323000
187142.744430	917.470000
187252.484723	922.229000
187256.682708	922.408000
187368.874744	927.215000
187377.940777	927.604000
187485.115921	932.097000
187497.561213	932.622000
187612.229052	937.407000
187614.843165	937.516000
187727.103469	942.196000
187738.358726	942.662000
187845.308222	947.085000
187860.325507	947.704000
187969.822412	952.164000
187987.518194	952.884000
188098.299999	957.385000
188099.496932	957.434000
188209.327089	961.932000
188234.984025	962.959000
188346.906263	967.435000
188359.256394	967.924000
188467.245074	972.128000
188475.492738	972.451000
188593.692595	977.004000
188621.134655	978.083000
188729.746236	982.195000
188744.555635	982.771000
188848.567859	986.758000
188879.185074	987.924000
188961.867088	991.076000
189008.023130	992.804000
189068.755633	995.084000
189143.827461	997.855000
189153.400889	998.206000
189224.843229	1000.847000
189242.402911	1001.484000
189261.831284	1002.187000
189262.136009	1002.198000
189263.357548	1002.242000
189266.106585	1002.341000
189267.301828	1002.384000
189268.385332	1002.423000
189269.108470	1002.449000
189270.081987	1002.484000
189274.589264	1002.646000
189275.174274	1002.667000
189277.332229	1002.746000
189280.454362	1002.858000
189282.295478	1002.924000
189283.048742	1002.951000
189318.944934	1004.241000
189375.575010	1006.265000
189429.906924	1008.185000
189433.531883	1008.312000
189511.734130	1011.069000
189561.575558	1012.790000
189587.637163	1013.694000
189669.299565	1016.486000
189721.740497	1018.260000
189745.981040	1019.081000
189836.644636	1022.122000
189863.409429	1023.017000
189924.433268	1025.063000
190014.446908	1028.037000
190028.983076	1028.514000
190174.124836	1033.223000
190177.123366	1033.317000
190319.669638	1037.998000
190331.480964	1038.358000
190477.983720	1042.983000
190493.575118	1043.457000
190646.850750	1047.998000
190671.326830	1048.705000
190830.096504	1053.322000
190838.628668	1053.565000
191000.083819	1058.135000
191004.281761	1058.251000
191200.083112	1063.635000
191202.872495	1063.709000
191383.172821	1068.466000
191395.071624	1068.775000
191574.324012	1073.364000
191593.663313	1073.837000
191787.770813	1078.574000
191796.720004	1078.790000
192015.895598	1083.945000
192039.813226	1084.508000
192213.111552	1088.725000
192219.583462	1088.878000
192435.670058	1093.785000
192460.302294	1094.324000
192677.839971	1099.230000
192698.559621	1099.661000
192909.383748	1103.978000
192936.417126	1104.507000
193174.787410	1109.196000
193202.262841	1109.708000
193464.659201	1114.501000
193503.653595	1115.229000
193715.036301	1119.011000
193768.346126	1119.935000
194048.809444	1124.719000
194089.585801	1125.319000
194368.551735	1129.518000
194460.730427	1130.659000
194753.800352	1134.322000
194872.184773	1135.328000
195461.161687	1140.196000
196171.854044	1134.322000
196602.909843	1130.659000
196694.199165	1129.518000
197033.426446	1125.319000
197073.288213	1124.719000
197398.411700	1119.935000
197452.581455	1119.011000
197670.782495	1115.229000
197711.471710	1114.501000
197968.202657	1109.708000
197996.232478	1109.196000
198247.858062	1104.507000
198274.750338	1103.978000
198495.361096	1099.661000
198516.409323	1099.230000
198752.257585	1094.324000
198776.157464	1093.785000
199000.406789	1088.878000
199007.144358	1088.725000
199185.523721	1084.508000
199208.660301	1083.945000
199427.657405	1078.790000
199436.841097	1078.574000
199633.101844	1073.837000
199652.483910	1073.364000
199840.111921	1068.775000
