0.000000	500.000000
13.969172	500.816000
82.075794	504.993000
97.536570	505.892000
174.823549	510.628000
179.616660	510.905000
247.242994	515.009000
263.450874	515.951000
334.895516	520.310000
351.247344	521.262000
418.903239	525.407000
432.541413	526.200000
497.499533	530.132000
522.992814	531.621000
587.425192	535.482000
607.404345	536.643000
668.464340	540.271000
695.811495	541.860000
752.233612	545.240000
786.369960	547.207000
839.652921	550.396000
879.972293	552.740000
922.620126	555.319000
954.595707	557.222000
1009.228280	560.510000
1057.404474	563.398000
1088.279087	565.259000
1133.608919	567.944000
1175.063960	570.435000
1229.994368	573.708000
1260.808752	575.583000
1307.627291	578.414000
1334.520017	580.041000
1399.971218	584.004000
1422.977494	585.387000
1484.953840	589.133000
1504.831034	590.322000
1565.353345	593.970000
1582.089120	594.976000
1660.226823	599.676000
1669.210760	600.215000
1738.345481	604.365000
1753.576191	605.275000
1827.940054	609.742000
1831.385240	609.946000
1915.312190	614.938000
1917.181403	615.047000
2003.946235	620.125000
2004.486374	620.156000
2082.506737	624.711000
2091.619089	625.251000
2168.957409	629.762000
2181.368634	630.487000
2260.133411	635.066000
2273.269808	635.831000
2334.828990	639.443000
2354.056855	640.576000
2425.418165	644.808000
2443.338862	645.863000
2508.393510	649.733000
2534.953335	651.291000
2589.217114	654.497000
2613.676256	655.922000
2682.219080	659.955000
2703.365042	661.171000
2770.847202	665.158000
2791.922715	666.365000
2858.381331	670.252000
2876.084395	671.262000
2945.169533	675.264000
2962.104580	676.219000
3040.025297	680.725000
3053.113690	681.456000
3126.562296	685.713000
3142.178336	686.579000
3218.148766	690.946000
3224.969549	691.321000
3307.031303	695.965000
3316.629164	696.486000
3406.752775	701.538000
3409.333446	701.679000
3488.882650	706.200000
3494.568215	706.510000
3585.603854	711.622000
3588.790614	711.800000
3677.754354	716.654000
3678.791606	716.712000
3766.655721	721.468000
3776.649084	722.031000
3865.834373	726.860000
3867.536422	726.956000
3952.413826	731.529000
3971.500818	732.597000
4043.195166	736.508000
4056.320653	737.234000
4141.652893	741.883000
4156.389259	742.696000
4223.683376	746.330000
4251.671701	747.857000
4325.259587	751.774000
4345.610829	752.874000
4415.923071	756.568000
4447.192034	758.249000
4508.665940	761.437000
4538.871424	763.056000
4609.804155	766.695000
4645.438739	768.581000
4702.944404	771.533000
4742.360068	773.590000
4801.782998	776.646000
4839.909079	778.612000
4893.112504	781.338000
4943.828709	783.938000
4997.620236	786.666000
5046.521355	789.177000
5096.251096	791.687000
5140.620332	793.950000
5187.527811	796.300000
5251.145164	799.545000
5294.183087	801.682000
5347.177753	804.383000
5393.713169	806.688000
5456.117549	809.887000
5490.352145	811.571000
5543.653095	814.309000
5586.362541	816.435000
5666.052943	820.512000
5698.911098	822.142000
5750.944376	824.789000
5785.631380	826.486000
5861.127801	830.260000
5889.241539	831.612000
5971.810109	835.709000
6006.081787	837.345000
6068.739630	840.422000
6090.376259	841.453000
6177.807546	845.705000
6205.467311	847.005000
6294.690171	851.273000
6313.321223	852.137000
6386.647831	855.657000
6413.473364	856.878000
6509.559544	861.510000
6519.344469	861.959000
6612.966970	866.446000
6634.387125	867.425000
6720.370579	871.471000
6732.548940	872.022000
6834.247777	876.717000
6841.638353	877.046000
6953.577924	882.148000
6962.709168	882.547000
7054.231316	886.678000
7068.989436	887.323000
7174.492131	892.037000
7176.863549	892.142000
7292.164742	897.169000
7297.321580	897.393000
7405.780890	902.187000
7409.782813	902.359000
7519.872275	907.125000
7524.859193	907.335000
7640.108676	912.205000
7643.857827	912.361000
7762.503724	917.323000
7766.065799	917.470000
7880.881082	922.229000
7885.280350	922.408000
8002.796323	927.215000
8012.291261	927.604000
8124.795707	932.097000
8137.851603	932.622000
8258.278079	937.407000
8261.023693	937.516000
8378.933476	942.196000
8390.763601	942.662000
8503.188928	947.085000
8518.980606	947.704000
8634.270582	952.164000
8652.904773	952.884000
8769.579536	957.385000
8770.839108	957.434000
8886.412119	961.932000
8913.478558	962.959000
9031.561436	967.435000
9044.606233	967.924000
9158.896529	972.128000
9167.619288	972.451000
9292.877679	977.004000
9321.886857	978.083000
9437.233708	982.195000
9452.909031	982.771000
9563.198977	986.758000
9595.690577	987.924000
9683.423134	991.076000
9732.512436	992.804000
9797.081284	995.084000
9877.074747	997.855000
9887.285150	998.206000
9963.395724	1000.847000
9982.151445	1001.484000
10002.910581	1002.187000
10003.236288	1002.198000
10004.542342	1002.242000
10007.481663	1002.341000
10008.759826	1002.384000
10009.918412	1002.423000
10010.691785	1002.449000
10011.732938	1002.484000
10016.553562	1002.646000
10017.179354	1002.667000
10019.481367	1002.746000
10022.821475	1002.858000
10024.791329	1002.924000
10025.597277	1002.951000
10063.989730	1004.241000
10124.605910	1006.265000
10182.859336	1008.185000
10186.750994	1008.312000
10270.627393	1011.069000
10324.256411	1012.790000
10352.278509	1013.694000
10440.285353	1016.486000
10496.898491	1018.260000
10523.062467	1019.081000
10621.078540	1022.122000
10650.028789	1023.017000
10716.005977	1025.063000
10813.571584	1028.037000
10829.346252	1028.514000
10987.176341	1033.223000
10990.458344	1033.317000
11145.129885	1037.998000
11158.132458	1038.358000
11318.264698	1042.983000
11335.437910	1043.457000
11505.225185	1047.998000
11532.499194	1048.705000
11709.134135	1053.322000
11718.674678	1053.565000
11899.492852	1058.135000
11904.223945	1058.251000
12125.187069	1063.635000
12128.367371	1063.709000
12334.277279	1068.466000
12347.933175	1068.775000
12554.606815	1073.364000
12577.263995	1073.837000
12804.860547	1078.574000
12815.397850	1078.790000
13076.155174	1083.945000
13104.600813	1084.508000
13308.018416	1088.725000
13315.701943	1088.878000
13576.756881	1093.785000
13607.055578	1094.324000
13870.705806	1099.230000
13896.918119	1099.661000
14166.226715	1103.978000
14201.844281	1104.507000
14514.710870	1109.196000
14552.361102	1109.708000
14918.537416	1114.501000
14971.885946	1115.229000
15272.965912	1119.011000
15351.593553	1119.935000
15773.391866	1124.719000
15854.885491	1125.319000
16378.719040	1129.518000
16977.403775	1124.719000
17627.179612	1119.935000
17708.647347	1119.011000
18030.476068	1115.229000
18088.431175	1114.501000
18439.666757	1109.708000
18478.782608	1109.196000
18823.591081	1104.507000
18858.887824	1103.978000
19149.551401	1099.661000
19176.438592	1099.230000
19474.808907	1094.324000
19503.774963	1093.785000
19779.611151	1088.878000
19787.750830	1088.725000
19999.524901	1084.508000
20026.682622	1083.945000
20287.139577	1078.790000
20298.065587	1078.574000
20529.154515	1073.837000
20551.880538	1073.364000
20771.698291	1068.775000
20785.614647	1068.466000
20995.844740	1063.709000
20999.047879	1063.635000
21230.436344	1058.251000
21235.197065	1058.135000
21421.585793	1053.565000
21431.200413	1053.322000
21612.470731	1048.705000
21639.518794	1047.998000
21814.697404	1043.457000
21832.420189	1042.983000
21999.985813	1038.358000
22012.450160	1037.998000
22181.519730	1033.317000
22184.625717	1033.223000
22349.040107	1028.514000
22365.027568	1028.037000
22463.379480	1025.063000
22530.500943	1023.017000
22559.361932	1022.122000
22657.728085	1019.081000
22684.190169	1018.260000
22740.724753	1016.486000
22829.825023	1013.694000
22858.320076	1012.790000
22911.667456	1011.069000
22997.579833	1008.312000
23001.443563	1008.185000
23060.278072	1006.265000
23121.686892	1004.241000
23160.320722	1002.951000
23161.124285	1002.924000
23163.094379	1002.858000
23166.437161	1002.746000
23168.793130	1002.667000
23169.405058	1002.646000
23174.232599	1002.484000
23175.274092	1002.449000
23176.047520	1002.423000
23177.207580	1002.384000
23178.484995	1002.341000
23181.427742	1002.242000
23182.734106	1002.198000
23183.060620	1002.187000
23203.876254	1001.484000
23222.686453	1000.847000
23300.447612	998.206000
23310.563027	997.855000
23391.169941	995.084000
23456.989174	992.804000
23505.925564	991.076000
23595.468087	987.924000
23627.922453	986.758000
23739.023661	982.771000
23754.957198	982.195000
23866.861590	978.083000
23897.128918	977.004000
24019.537430	972.451000
24028.423540	972.128000
24141.954431	967.924000
24155.248426	967.435000
24274.652334	962.959000
24301.745970	961.932000
24420.290123	957.434000
24421.549145	957.385000
24537.249778	952.884000
24555.913592	952.164000
24671.342054	947.704000
24687.343062	947.085000
24800.180849	942.662000
24812.025796	942.196000
24930.834773	937.516000
24933.580963	937.407000
25054.110904	932.622000
25067.323840	932.097000
25179.057442	927.604000
25188.797978	927.215000
25306.130028	922.408000
25310.506012	922.229000
25427.467561	917.470000
25431.014072	917.323000
25551.252286	912.361000
25554.982387	912.205000
25672.023185	907.335000
25676.992875	907.125000
25790.172164	902.359000
25794.145178	902.187000
25905.687131	897.393000
25910.754900	897.169000
26026.484484	892.142000
26028.892804	892.037000
26135.358199	887.323000
26149.793761	886.678000
26244.314372	882.547000
26253.154202	882.148000
26369.915123	877.046000
26377.133492	876.717000
26482.600832	872.022000
26494.536095	871.471000
26583.961950	867.425000
26604.767141	866.446000
26702.941027	861.959000
26712.309537	861.510000
26813.253352	856.878000
26838.581769	855.657000
26915.916639	852.137000
26933.914988	851.273000
27025.948935	847.005000
27053.125532	845.705000
27143.594242	841.453000
27164.794067	840.422000
27229.368178	837.345000
27262.682521	835.709000
27348.508354	831.612000
27375.755780	830.260000
27454.233036	826.486000
27488.180420	824.789000
27542.285605	822.142000
27574.327254	820.512000
27656.512957	816.435000
27698.068463	814.309000
27753.072444	811.571000
27785.855059	809.887000
27850.888593	806.688000
27895.853300	804.383000
27950.383520	801.682000
27992.312288	799.545000
28057.664679	796.300000
28103.735798	793.950000
28148.906703	791.687000
28198.118714	789.177000
28247.868267	786.666000
28300.995409	783.938000
28352.262994	781.338000
28405.436984	778.612000
28443.807466	776.646000
28503.071608	773.590000
28543.069307	771.533000
28599.634712	768.581000
28636.374443	766.695000
28705.130673	763.056000
28736.688819	761.437000
28796.166943	758.249000
28828.581509	756.568000
28897.295102	752.874000
28918.232694	751.774000
28990.701618	747.857000
29019.389058	746.330000
29085.996506	742.696000
29101.051574	741.883000
29185.318934	737.234000
29198.644640	736.508000
29269.352321	732.597000
29288.930323	731.529000
29370.657677	726.956000
29372.439490	726.860000
29458.056091	722.031000
29468.453962	721.468000
29552.873910	716.712000
29553.945423	716.654000
29640.752682	711.800000
29644.015052	711.622000
29735.535960	706.510000
29741.056509	706.200000
29823.974061	701.679000
29826.455025	701.538000
29918.919916	696.486000
29928.214136	695.965000
30013.765899	691.321000
30020.392333	690.946000
30099.822621	686.579000
30114.887973	685.713000
30191.651811	681.456000
30204.264197	680.725000
30284.943125	676.219000
30301.457613	675.264000
30372.425215	671.262000
30389.860494	670.252000
30457.991000	666.365000
30478.627879	665.158000
30548.245169	661.171000
30568.826636	659.955000
30638.959583	655.922000
30663.178160	654.497000
30718.206939	651.291000
30744.577173	649.733000
30810.550551	645.863000
30828.285087	644.808000
30900.171710	640.576000
30919.276711	639.443000
30980.575078	635.831000
30993.612945	635.066000
31072.242439	630.487000
31084.713385	629.762000
31161.936885	625.251000
31171.194852	624.711000
31248.059228	620.156000
31248.590212	620.125000
31337.068463	615.047000
31338.930883	614.938000
31424.537390	609.946000
31427.967097	609.742000
31503.406535	605.275000
31518.555654	604.365000
31588.014383	600.215000
31596.993567	599.676000
31675.332162	594.976000
31692.056955	593.970000
31752.744935	590.322000
31772.471094	589.133000
31835.095123	585.387000
31857.976406	584.004000
31923.901114	580.041000
31950.771945	578.414000
31997.565619	575.583000
32028.574012	573.708000
32082.363601	570.435000
32124.169787	567.944000
32168.853361	565.259000
32200.271915	563.398000
32248.184803	560.510000
32303.033600	557.222000
32334.653364	555.319000
32377.987587	552.740000
32416.749324	550.396000
32471.603623	547.207000
32504.468968	545.240000
32563.127257	541.860000
32589.652330	540.271000
32652.091272	536.643000
32671.631144	535.482000
32738.073442	531.621000
32762.921877	530.132000
32830.241946	526.200000
32843.342605	525.407000
32914.629151	521.262000
32930.167972	520.310000
33005.039421	515.951000
33020.478938	515.009000
33091.091613	510.905000
33095.656061	510.628000
33177.606151	505.892000
33192.276969	504.993000
33264.111966	500.816000
33273.112410	500.264000
33347.837210	495.899000
33353.685738	495.543000
33434.533093	490.828000
33447.847331	490.016000
33518.099090	485.881000
33530.979603	485.093000
33600.804844	481.018000
33607.089153	480.636000
33690.209864	475.799000
33705.386401	474.886000
33771.858571	471.035000
33784.553807	470.271000
33860.152004	465.863000
33868.095575	465.384000
33943.727168	460.935000
33955.652659	460.219000
34029.930494	455.775000
34040.784124	455.120000
34110.186166	450.952000
34118.219341	450.473000
34195.693711	445.844000
34209.116999	445.054000
34280.888405	440.736000
34288.262594	440.307000
34366.815499	435.603000
34369.721723	435.436000
34446.962418	430.860000
34458.421925	430.208000
34537.897858	425.527000
34543.394604	425.214000
34621.786641	420.606000
34624.248170	420.465000
34710.662852	415.453000
34715.682921	415.167000
34797.634490	410.461000
34798.764590	410.396000
34887.810228	405.327000
34891.319780	405.127000
34972.417983	400.448000
34972.609851	400.437000
35062.614100	395.342000
35070.189893	394.906000
35151.630081	390.217000
35154.069944	390.076000
35231.301292	385.599000
35242.393076	384.951000
35325.978218	380.081000
35327.901184	379.967000
35407.367800	375.273000
35415.612863	374.776000
35491.797192	370.228000
35502.752106	369.562000
35576.596888	365.127000
35585.552456	364.580000
35659.954293	360.144000
35670.340816	359.503000
35747.084519	355.093000
35759.601280	354.326000
35837.110783	349.919000
35848.842959	349.213000
35925.714487	344.932000
35940.082413	344.079000
36016.524376	339.886000
36032.510142	338.969000
36114.805672	334.400000
36127.376670	333.681000
36196.862296	329.779000
36216.401562	328.662000
36293.136257	324.327000
36309.950232	323.373000
36383.874803	319.214000
36400.863533	318.264000
36475.851712	314.026000
36495.231554	312.979000
36566.280686	309.113000
36587.840593	307.959000
36662.574185	303.864000
36688.860126	302.446000
36757.901183	298.680000
36773.793310	297.810000
36847.066399	293.920000
36881.332152	292.052000
36942.200627	288.916000
36974.450591	287.172000
37044.909699	283.681000
37075.903278	282.056000
37141.314443	278.949000
37184.487053	276.755000
37244.452693	274.037000
37295.625533	271.601000
37363.043201	268.793000
37409.864791	266.612000
37476.098853	263.996000
37537.127531	261.292000
37596.522078	259.101000
37664.160243	256.228000
37735.412792	253.907000
37813.211171	250.909000
37868.390298	249.006000
37955.063721	245.758000
37997.882354	244.176000
38097.323168	240.610000
38155.787661	238.619000
38243.033445	235.224000
38281.459589	233.968000
38385.398421	230.037000
38422.405141	228.921000
38532.888689	224.914000
38569.234139	223.869000
38697.363932	219.529000
38730.144250	218.704000
38881.766135	214.047000
38889.093754	213.900000
39119.850738	209.540000
39177.717499	208.688000
39653.215103	203.901000
40213.342737	209.540000
40509.468419	213.900000
40517.248528	214.047000
40749.389489	218.704000
40776.249711	219.529000
40948.694050	223.869000
40979.545579	224.914000
41118.910380	228.921000
41149.681440	230.037000
41280.033962	233.968000
41313.243622	235.224000
41417.110469	238.619000
41468.275817	240.610000
41572.989218	244.176000
41617.104576	245.758000
41705.015398	249.006000
41755.797271	250.909000
41842.726869	253.907000
41902.957034	256.228000
41991.155471	259.101000
42042.737518	261.292000
42116.038685	263.996000
42175.081222	266.612000
42230.301593	268.793000
42290.583584	271.601000
42349.069852	274.037000
42406.166642	276.755000
42454.571577	278.949000
42515.709817	282.056000
42549.920677	283.681000
42616.504421	287.172000
42651.703700	288.916000
42709.694461	292.052000
42745.951576	293.920000
42817.307989	297.810000
42833.695544	298.680000
42902.488360	302.446000
42928.484170	303.864000
43004.394556	307.959000
43025.455011	309.113000
43097.682570	312.979000
43116.924278	314.026000
43195.369140	318.264000
43212.178665	319.214000
43286.553539	323.373000
43303.510510	324.327000
43379.913633	328.662000
43399.685871	329.779000
43467.942109	333.681000
43480.745842	334.400000
43560.630255	338.969000
43577.146998	339.886000
43650.242221	344.079000
43665.793138	344.932000
43737.902273	349.213000
43750.579521	349.919000
43823.814223	354.326000
43837.304077	355.093000
43909.271377	359.503000
43920.426187	360.144000
43992.305462	364.580000
44001.479899	365.127000
44074.090399	369.562000
44085.179604	370.228000
44159.988837	374.776000
44168.314169	375.273000
44246.186048	379.967000
44248.116000	380.081000
44330.263770	384.951000
44341.385571	385.599000
44418.018156	390.076000
44420.450504	390.217000
44501.588908	394.906000
44509.161508	395.342000
44597.690564	400.437000
44597.884881	400.448000
44679.498463	405.127000
44682.964939	405.327000
44771.914540	410.396000
44773.056376	410.461000
44854.875626	415.167000
44859.856108	415.453000
44947.830189	420.465000
44950.261248	420.606000
45030.706099	425.214000
45036.030906	425.527000
45118.236232	430.208000
45129.306154	430.860000
45209.733614	435.436000
45212.552494	435.603000
45294.414030	440.307000
45301.577974	440.736000
45375.801169	445.054000
45388.932112	445.844000
45467.585778	450.473000
45475.602676	450.952000
45545.503045	455.120000
45556.409556	455.775000
45630.048536	460.219000
45642.015892	460.935000
45716.117159	465.384000
45724.260008	465.863000
45797.360759	470.271000
45810.463532	471.035000
45874.454837	474.886000
45890.214144	475.799000
45970.618206	480.636000
45977.182628	481.018000
46044.220735	485.093000
46057.723138	485.881000
46125.313142	490.016000
46139.108651	490.828000
46216.419773	495.543000
46222.524048	495.899000
46294.234231	500.264000
46303.683965	500.816000
46371.790587	504.993000
46387.251363	505.892000
46464.538342	510.628000
46469.331453	510.905000
46536.957787	515.009000
46553.165667	515.951000
46624.610309	520.310000
46640.962137	521.262000
46708.618032	525.407000
46722.256206	526.200000
46787.214326	530.132000
46812.707607	531.621000
46877.139985	535.482000
46897.119138	536.643000
46958.179133	540.271000
46985.526288	541.860000
47041.948405	545.240000
47076.084753	547.207000
47129.367714	550.396000
47169.687086	552.740000
47212.334919	555.319000
47244.310500	557.222000
47298.943073	560.510000
47347.119267	563.398000
47377.993880	565.259000
47423.323712	567.944000
47464.778753	570.435000
47519.709161	573.708000
47550.523545	575.583000
47597.342084	578.414000
47624.234810	580.041000
47689.686011	584.004000
47712.692287	585.387000
47774.668633	589.133000
47794.545827	590.322000
47855.068138	593.970000
47871.803913	594.976000
47949.941616	599.676000
47958.925553	600.215000
48028.060274	604.365000
48043.290984	605.275000
48117.654847	609.742000
48121.100033	609.946000
48205.026983	614.938000
48206.896196	615.047000
48293.661028	620.125000
48294.201167	620.156000
48372.221530	624.711000
48381.333882	625.251000
48458.672202	629.762000
48471.083427	630.487000
48549.848204	635.066000
48562.984601	635.831000
48624.543783	639.443000
48643.771648	640.576000
48715.132958	644.808000
48733.053655	645.863000
48798.108303	649.733000
48824.668128	651.291000
48878.931907	654.497000
48903.391049	655.922000
48971.933873	659.955000
48993.079835	661.171000
49060.561995	665.158000
49081.637508	666.365000
49148.096124	670.252000
49165.799188	671.262000
49234.884326	675.264000
49251.819373	676.219000
49329.740090	680.725000
49342.828483	681.456000
49416.277089	685.713000
49431.893129	686.579000
49507.863559	690.946000
49514.684342	691.321000
49596.746096	695.965000
49606.343957	696.486000
49696.467568	701.538000
49699.048239	701.679000
49778.597443	706.200000
49784.283008	706.510000
49875.318647	711.622000
49878.505407	711.800000
49967.469147	716.654000
49968.506399	716.712000
50056.370514	721.468000
50066.363877	722.031000
50155.549166	726.860000
50157.251215	726.956000
50242.128619	731.529000
50261.215611	732.597000
50332.909959	736.508000
50346.035446	737.234000
50431.367686	741.883000
50446.104052	742.696000
50513.398169	746.330000
50541.386494	747.857000
50614.974380	751.774000
50635.325622	752.874000
50705.637864	756.568000
50736.906827	758.249000
50798.380733	761.437000
50828.586217	763.056000
50899.518948	766.695000
50935.153532	768.581000
50992.659197	771.533000
51032.074861	773.590000
51091.497791	776.646000
51129.623872	778.612000
51182.827297	781.338000
51233.543502	783.938000
51287.335029	786.666000
51336.236148	789.177000
51385.965889	791.687000
51430.335125	793.950000
51477.242604	796.300000
51540.859957	799.545000
51583.897880	801.682000
51636.892546	804.383000
51683.427962	806.688000
51745.832342	809.887000
51780.066938	811.571000
51833.367888	814.309000
51876.077334	816.435000
51955.767736	820.512000
51988.625891	822.142000
52040.659169	824.789000
52075.346173	826.486000
52150.842594	830.260000
52178.956332	831.612000
52261.524902	835.709000
52295.796580	837.345000
52358.454423	840.422000
52380.091052	841.453000
52467.522339	845.705000
52495.182104	847.005000
52584.404964	851.273000
52603.036016	852.137000
52676.362624	855.657000
52703.188157	856.878000
52799.274337	861.510000
52809.059262	861.959000
52902.681763	866.446000
52924.101918	867.425000
53010.085372	871.471000
53022.263733	872.022000
53123.962570	876.717000
53131.353146	877.046000
53243.292717	882.148000
53252.423961	882.547000
53343.946109	886.678000
53358.704229	887.323000
53464.206924	892.037000
53466.578342	892.142000
53581.879535	897.169000
53587.036373	897.393000
53695.495683	902.187000
53699.497606	902.359000
53809.587068	907.125000
53814.573986	907.335000
53929.823469	912.205000
53933.572620	912.361000
54052.218517	917.323000
54055.780592	917.470000
54170.595875	922.229000
54174.995143	922.408000
54292.511116	927.215000
54302.006054	927.604000
54414.510500	932.097000
54427.566396	932.622000
54547.992872	937.407000
54550.738486	937.516000
54668.648269	942.196000
54680.478394	942.662000
54792.903721	947.085000
54808.695399	947.704000
54923.985375	952.164000
54942.619566	952.884000
55059.294329	957.385000
55060.553901	957.434000
55176.126912	961.932000
55203.193351	962.959000
55321.276229	967.435000
55334.321026	967.924000
55448.611322	972.128000
55457.334081	972.451000
55582.592472	977.004000
55611.601650	978.083000
55726.948501	982.195000
55742.623824	982.771000
55852.913770	986.758000
55885.405370	987.924000
55973.137927	991.076000
56022.227229	992.804000
56086.796077	995.084000
56166.789540	997.855000
56176.999943	998.206000
56253.110517	1000.847000
56271.866238	1001.484000
56292.625374	1002.187000
56292.951081	1002.198000
56294.257135	1002.242000
56297.196456	1002.341000
56298.474619	1002.384000
56299.633205	1002.423000
56300.406578	1002.449000
56301.447731	1002.484000
56306.268354	1002.646000
56306.894147	1002.667000
56309.196160	1002.746000
56312.536268	1002.858000
56314.506122	1002.924000
56315.312070	1002.951000
56353.704523	1004.241000
56414.320703	1006.265000
56472.574129	1008.185000
56476.465787	1008.312000
56560.342186	1011.069000
56613.971204	1012.790000
56641.993302	1013.694000
56730.000146	1016.486000
56786.613284	1018.260000
56812.777260	1019.081000
56910.793333	1022.122000
56939.743582	1023.017000
57005.720770	1025.063000
57103.286377	1028.037000
57119.061045	1028.514000
57276.891134	1033.223000
57280.173137	1033.317000
57434.844678	1037.998000
57447.847251	1038.358000
57607.979491	1042.983000
57625.152703	1043.457000
57794.939978	1047.998000
57822.213987	1048.705000
57998.848928	1053.322000
58008.389471	1053.565000
58189.207645	1058.135000
58193.938738	1058.251000
58414.901862	1063.635000
58418.082164	1063.709000
58623.992072	1068.466000
58637.647968	1068.775000
58844.321608	1073.364000
58866.978788	1073.837000
59094.575340	1078.574000
59105.112643	1078.790000
59365.869967	1083.945000
59394.315606	1084.508000
59597.733209	1088.725000
59605.416736	1088.878000
59866.471674	1093.785000
59896.770371	1094.324000
60160.420599	1099.230000
60186.632912	1099.661000
60455.941508	1103.978000
60491.559074	1104.507000
60804.425663	1109.196000
60842.075895	1109.708000
61208.252209	1114.501000
61261.600739	1115.229000
61562.680705	1119.011000
61641.308346	1119.935000
62063.106659	1124.719000
62144.600284	1125.319000
62668.433833	1129.518000
63267.118568	1124.719000
63916.894405	1119.935000
63998.362140	1119.011000
64320.190861	1115.229000
64378.145968	1114.501000
64729.381550	1109.708000
64768.497401	1109.196000
65113.305874	1104.507000
65148.602617	1103.978000
65439.266194	1099.661000
65466.153385	1099.230000
65764.523700	1094.324000
65793.489756	1093.785000
66069.325944	1088.878000
66077.465623	1088.725000
66289.239694	1084.508000
66316.397415	1083.945000
66576.854370	1078.790000
66587.780380	1078.574000
66818.869308	1073.837000
66841.595331	1073.364000
67061.413084	1068.775000
67075.329440	1068.466000
67285.559533	1063.709000
67288.762672	1063.635000
67520.151137	1058.251000
67524.911858	1058.135000
67711.300586	1053.565000
67720.915206	1053.322000
67902.185524	1048.705000
67929.233587	1047.998000
68104.412197	1043.457000
68122.134982	1042.983000
68289.700606	1038.358000
68302.164953	1037.998000
68471.234523	1033.317000
68474.340510	1033.223000
68638.754900	1028.514000
68654.742361	1028.037000
68753.094273	1025.063000
68820.215736	1023.017000
68849.076725	1022.122000
68947.442878	1019.081000
68973.904962	1018.260000
69030.439546	1016.486000
69119.539816	1013.694000
69148.034869	1012.790000
69201.382249	1011.069000
69287.294626	1008.312000
69291.158356	1008.185000
69349.992865	1006.265000
69411.401685	1004.241000
69450.035515	1002.951000
69450.839078	1002.924000
69452.809172	1002.858000
69456.151954	1002.746000
69458.507923	1002.667000
69459.119851	1002.646000
69463.947392	1002.484000
69464.988885	1002.449000
69465.762313	1002.423000
69466.922373	1002.384000
69468.199788	1002.341000
69471.142535	1002.242000
69472.448899	1002.198000
69472.775413	1002.187000
69493.591047	1001.484000
69512.401246	1000.847000
69590.162405	998.206000
69600.277820	997.855000
69680.884734	995.084000
69746.703967	992.804000
69795.640357	991.076000
69885.182880	987.924000
69917.637246	986.758000
70028.738454	982.771000
70044.671991	982.195000
70156.576383	978.083000
70186.843711	977.004000
70309.252223	972.451000
70318.138333	972.128000
70431.669224	967.924000
70444.963219	967.435000
70564.367127	962.959000
70591.460763	961.932000
70710.004916	957.434000
70711.263938	957.385000
70826.964571	952.884000
70845.628385	952.164000
70961.056847	947.704000
70977.057855	947.085000
71089.895642	942.662000
71101.740589	942.196000
71220.549566	937.516000
71223.295756	937.407000
71343.825697	932.622000
71357.038633	932.097000
71468.772235	927.604000
71478.512771	927.215000
71595.844821	922.408000
71600.220805	922.229000
71717.182354	917.470000
71720.728865	917.323000
71840.967079	912.361000
71844.697180	912.205000
71961.737978	907.335000
71966.707668	907.125000
72079.886957	902.359000
72083.859971	902.187000
72195.401924	897.393000
72200.469693	897.169000
72316.199277	892.142000
72318.607597	892.037000
72425.072992	887.323000
72439.508554	886.678000
72534.029165	882.547000
72542.868995	882.148000
72659.629916	877.046000
72666.848285	876.717000
72772.315625	872.022000
72784.250888	871.471000
72873.676743	867.425000
72894.481934	866.446000
72992.655820	861.959000
73002.024330	861.510000
73102.968145	856.878000
73128.296562	855.657000
73205.631432	852.137000
73223.629781	851.273000
73315.663728	847.005000
73342.840325	845.705000
73433.309035	841.453000
73454.508860	840.422000
73519.082971	837.345000
73552.397314	835.709000
73638.223147	831.612000
73665.470573	830.260000
73743.947829	826.486000
73777.895213	824.789000
73832.000398	822.142000
73864.042047	820.512000
73946.227750	816.435000
73987.783256	814.309000
74042.787237	811.571000
74075.569852	809.887000
74140.603386	806.688000
74185.568093	804.383000
74240.098313	801.682000
74282.027081	799.545000
74347.379472	796.300000
74393.450591	793.950000
74438.621496	791.687000
74487.833507	789.177000
74537.583060	786.666000
74590.710202	783.938000
74641.977787	781.338000
74695.151777	778.612000
74733.522259	776.646000
74792.786401	773.590000
74832.784100	771.533000
74889.349505	768.581000
74926.089236	766.695000
74994.845466	763.056000
75026.403612	761.437000
75085.881736	758.249000
75118.296302	756.568000
75187.009895	752.874000
75207.947487	751.774000
75280.416411	747.857000
75309.103851	746.330000
75375.711299	742.696000
75390.766367	741.883000
75475.033727	737.234000
75488.359433	736.508000
75559.067114	732.597000
75578.645116	731.529000
75660.372470	726.956000
75662.154283	726.860000
75747.770884	722.031000
75758.168755	721.468000
75842.588703	716.712000
75843.660216	716.654000
75930.467475	711.800000
75933.729845	711.622000
76025.250753	706.510000
76030.771302	706.200000
76113.688854	701.679000
76116.169818	701.538000
76208.634709	696.486000
76217.928929	695.965000
76303.480692	691.321000
76310.107126	690.946000
76389.537414	686.579000
76404.602766	685.713000
76481.366604	681.456000
76493.978990	680.725000
76574.657918	676.219000
76591.172406	675.264000
76662.140008	671.262000
76679.575287	670.252000
76747.705793	666.365000
76768.342672	665.158000
76837.959962	661.171000
76858.541429	659.955000
76928.674376	655.922000
76952.892953	654.497000
77007.921732	651.291000
77034.291966	649.733000
77100.265344	645.863000
77117.999880	644.808000
77189.886503	640.576000
77208.991504	639.443000
77270.289871	635.831000
77283.327738	635.066000
77361.957232	630.487000
77374.428178	629.762000
77451.651678	625.251000
77460.909645	624.711000
77537.774021	620.156000
77538.305005	620.125000
77626.783256	615.047000
77628.645676	614.938000
77714.252183	609.946000
77717.681890	609.742000
77793.121328	605.275000
77808.270447	604.365000
77877.729176	600.215000
77886.708360	599.676000
77965.046955	594.976000
77981.771748	593.970000
78042.459728	590.322000
78062.185887	589.133000
78124.809915	585.387000
78147.691199	584.004000
78213.615907	580.041000
78240.486738	578.414000
78287.280412	575.583000
78318.288805	573.708000
78372.078394	570.435000
78413.884580	567.944000
78458.568154	565.259000
78489.986708	563.398000
78537.899596	560.510000
78592.748393	557.222000
78624.368157	555.319000
78667.702380	552.740000
78706.464117	550.396000
78761.318416	547.207000
78794.183761	545.240000
78852.842050	541.860000
78879.367123	540.271000
78941.806065	536.643000
78961.345937	535.482000
79027.788235	531.621000
79052.636670	530.132000
79119.956739	526.200000
79133.057398	525.407000
79204.343944	521.262000
79219.882765	520.310000
79294.754214	515.951000
79310.193731	515.009000
79380.806406	510.905000
79385.370854	510.628000
79467.320944	505.892000
79481.991762	504.993000
79553.826759	500.816000
79562.827203	500.264000
79637.552003	495.899000
79643.400531	495.543000
79724.247886	490.828000
79737.562124	490.016000
79807.813883	485.881000
79820.694396	485.093000
79890.519637	481.018000
79896.803946	480.636000
79979.924657	475.799000
79995.101194	474.886000
80061.573364	471.035000
80074.268600	470.271000
80149.866797	465.863000
80157.810368	465.384000
80233.441961	460.935000
80245.367452	460.219000
80319.645287	455.775000
80330.498917	455.120000
80399.900959	450.952000
80407.934134	450.473000
80485.408504	445.844000
80498.831792	445.054000
80570.603198	440.736000
80577.977387	440.307000
80656.530292	435.603000
80659.436516	435.436000
80736.677211	430.860000
80748.136718	430.208000
80827.612651	425.527000
80833.109397	425.214000
80911.501434	420.606000
80913.962963	420.465000
81000.377645	415.453000
81005.397714	415.167000
81087.349283	410.461000
81088.479383	410.396000
81177.525021	405.327000
81181.034573	405.127000
81262.132776	400.448000
81262.324644	400.437000
81352.328893	395.342000
81359.904686	394.906000
81441.344874	390.217000
81443.784737	390.076000
81521.016085	385.599000
81532.107869	384.951000
81615.693011	380.081000
81617.615977	379.967000
81697.082593	375.273000
81705.327656	374.776000
81781.511985	370.228000
81792.466899	369.562000
81866.311681	365.127000
81875.267249	364.580000
81949.669086	360.144000
81960.055609	359.503000
82036.799312	355.093000
82049.316073	354.326000
82126.825576	349.919000
82138.557752	349.213000
82215.429280	344.932000
82229.797206	344.079000
82306.239169	339.886000
82322.224935	338.969000
82404.520465	334.400000
82417.091463	333.681000
82486.577089	329.779000
82506.116355	328.662000
82582.851050	324.327000
82599.665025	323.373000
82673.589596	319.214000
82690.578326	318.264000
82765.566505	314.026000
82784.946347	312.979000
82855.995479	309.113000
82877.555386	307.959000
82952.288978	303.864000
82978.574919	302.446000
83047.615976	298.680000
83063.508103	297.810000
83136.781192	293.920000
83171.046945	292.052000
83231.915420	288.916000
83264.165384	287.172000
83334.624492	283.681000
83365.618071	282.056000
83431.029236	278.949000
83474.201846	276.755000
83534.167486	274.037000
83585.340326	271.601000
83652.757994	268.793000
83699.579584	266.612000
83765.813646	263.996000
83826.842324	261.292000
83886.236871	259.101000
83953.875036	256.228000
84025.127585	253.907000
84102.925964	250.909000
84158.105091	249.006000
84244.778514	245.758000
84287.597147	244.176000
84387.037961	240.610000
84445.502454	238.619000
84532.748238	235.224000
84571.174382	233.968000
84675.113214	230.037000
84712.119934	228.921000
84822.603482	224.914000
84858.948932	223.869000
84987.078725	219.529000
85019.859043	218.704000
85171.480928	214.047000
85178.808547	213.900000
85409.565531	209.540000
85467.432292	208.688000
85942.929896	203.901000
86503.057530	209.540000
86799.183212	213.900000
86806.963321	214.047000
87039.104282	218.704000
87065.964504	219.529000
87238.408843	223.869000
87269.260372	224.914000
87408.625173	228.921000
87439.396233	230.037000
87569.748755	233.968000
87602.958415	235.224000
87706.825262	238.619000
87757.990610	240.610000
87862.704011	244.176000
87906.819369	245.758000
87994.730191	249.006000
88045.512064	250.909000
88132.441662	253.907000
88192.671827	256.228000
88280.870264	259.101000
88332.452311	261.292000
88405.753478	263.996000
88464.796015	266.612000
88520.016386	268.793000
88580.298377	271.601000
88638.784645	274.037000
88695.881435	276.755000
88744.286370	278.949000
88805.424610	282.056000
88839.635470	283.681000
88906.219214	287.172000
88941.418493	288.916000
88999.409254	292.052000
89035.666369	293.920000
89107.022782	297.810000
89123.410337	298.680000
89192.203153	302.446000
89218.198963	303.864000
89294.109349	307.959000
89315.169804	309.113000
89387.397363	312.979000
89406.639071	314.026000
89485.083933	318.264000
89501.893458	319.214000
89576.268332	323.373000
89593.225303	324.327000
89669.628426	328.662000
89689.400664	329.779000
89757.656902	333.681000
89770.460635	334.400000
89850.345048	338.969000
89866.861791	339.886000
89939.957014	344.079000
89955.507931	344.932000
90027.617066	349.213000
90040.294314	349.919000
90113.529016	354.326000
90127.018870	355.093000
90198.986170	359.503000
90210.140980	360.144000
90282.020255	364.580000
90291.194692	365.127000
90363.805192	369.562000
90374.894397	370.228000
90449.703630	374.776000
90458.028962	375.273000
90535.900841	379.967000
90537.830793	380.081000
90619.978563	384.951000
90631.100364	385.599000
90707.732949	390.076000
90710.165297	390.217000
90791.303701	394.906000
90798.876301	395.342000
90887.405357	400.437000
90887.599674	400.448000
90969.213256	405.127000
90972.679732	405.327000
91061.629333	410.396000
91062.771169	410.461000
91144.590419	415.167000
91149.570901	415.453000
91237.544982	420.465000
91239.976041	420.606000
91320.420892	425.214000
91325.745699	425.527000
91407.951025	430.208000
91419.020947	430.860000
91499.448407	435.436000
91502.267287	435.603000
91584.128823	440.307000
91591.292767	440.736000
91665.515962	445.054000
91678.646905	445.844000
91757.300571	450.473000
91765.317469	450.952000
91835.217838	455.120000
91846.124349	455.775000
91919.763329	460.219000
91931.730685	460.935000
92005.831952	465.384000
92013.974801	465.863000
92087.075552	470.271000
92100.178325	471.035000
92164.169630	474.886000
92179.928937	475.799000
92260.332999	480.636000
92266.897421	481.018000
92333.935528	485.093000
92347.437931	485.881000
92415.027935	490.016000
92428.823444	490.828000
92506.134566	495.543000
92512.238841	495.899000
92583.949024	500.264000
92593.398758	500.816000
92661.505380	504.993000
92676.966156	505.892000
92754.253135	510.628000
92759.046246	510.905000
92826.672580	515.009000
92842.880460	515.951000
92914.325102	520.310000
92930.676930	521.262000
92998.332825	525.407000
93011.970999	526.200000
93076.929119	530.132000
93102.422400	531.621000
93166.854778	535.482000
93186.833931	536.643000
93247.893926	540.271000
93275.241081	541.860000
93331.663198	545.240000
93365.799546	547.207000
93419.082507	550.396000
93459.401879	552.740000
93502.049712	555.319000
93534.025293	557.222000
93588.657866	560.510000
93636.834060	563.398000
93667.708673	565.259000
93713.038505	567.944000
93754.493546	570.435000
93809.423954	573.708000
93840.238338	575.583000
93887.056877	578.414000
93913.949603	580.041000
93979.400804	584.004000
94002.407080	585.387000
94064.383426	589.133000
94084.260620	590.322000
94144.782931	593.970000
94161.518706	594.976000
94239.656409	599.676000
94248.640346	600.215000
94317.775067	604.365000
94333.005777	605.275000
94407.369640	609.742000
94410.814826	609.946000
94494.741776	614.938000
94496.610989	615.047000
94583.375821	620.125000
94583.915960	620.156000
94661.936323	624.711000
94671.048675	625.251000
94748.386995	629.762000
94760.798220	630.487000
94839.562997	635.066000
94852.699394	635.831000
94914.258576	639.443000
94933.486441	640.576000
95004.847751	644.808000
95022.768448	645.863000
95087.823096	649.733000
95114.382921	651.291000
95168.646700	654.497000
95193.105842	655.922000
95261.648666	659.955000
95282.794628	661.171000
95350.276788	665.158000
95371.352301	666.365000
95437.810917	670.252000
95455.513981	671.262000
95524.599119	675.264000
95541.534166	676.219000
95619.454883	680.725000
95632.543276	681.456000
95705.991882	685.713000
95721.607922	686.579000
95797.578352	690.946000
95804.399135	691.321000
95886.460889	695.965000
95896.058750	696.486000
95986.182361	701.538000
95988.763032	701.679000
96068.312236	706.200000
96073.997801	706.510000
96165.033440	711.622000
96168.220200	711.800000
96257.183940	716.654000
96258.221192	716.712000
96346.085307	721.468000
96356.078670	722.031000
96445.263959	726.860000
96446.966008	726.956000
96531.843412	731.529000
96550.930404	732.597000
96622.624752	736.508000
96635.750239	737.234000
96721.082479	741.883000
96735.818845	742.696000
96803.112962	746.330000
96831.101287	747.857000
96904.689173	751.774000
96925.040415	752.874000
96995.352657	756.568000
97026.621620	758.249000
97088.095526	761.437000
97118.301010	763.056000
97189.233741	766.695000
97224.868325	768.581000
97282.373990	771.533000
97321.789654	773.590000
97381.212584	776.646000
97419.338665	778.612000
97472.542090	781.338000
97523.258295	783.938000
97577.049822	786.666000
97625.950941	789.177000
97675.680682	791.687000
97720.049918	793.950000
97766.957397	796.300000
97830.574750	799.545000
97873.612673	801.682000
97926.607339	804.383000
97973.142755	806.688000
98035.547135	809.887000
98069.781731	811.571000
98123.082681	814.309000
98165.792127	816.435000
98245.482529	820.512000
98278.340684	822.142000
98330.373962	824.789000
98365.060966	826.486000
98440.557387	830.260000
98468.671125	831.612000
98551.239695	835.709000
98585.511373	837.345000
98648.169216	840.422000
98669.805845	841.453000
98757.237132	845.705000
98784.896897	847.005000
98874.119757	851.273000
98892.750809	852.137000
98966.077417	855.657000
98992.902950	856.878000
99088.989130	861.510000
99098.774055	861.959000
99192.396556	866.446000
99213.816711	867.425000
99299.800165	871.471000
99311.978526	872.022000
99413.677363	876.717000
99421.067939	877.046000
99533.007510	882.148000
99542.138754	882.547000
99633.660902	886.678000
99648.419022	887.323000
99753.921717	892.037000
99756.293135	892.142000
99871.594328	897.169000
99876.751166	897.393000
99985.210476	902.187000
99989.212399	902.359000
100099.301861	907.125000
100104.288779	907.335000
100219.538262	912.205000
100223.287413	912.361000
100341.933310	917.323000
100345.495385	917.470000
100460.310668	922.229000
100464.709936	922.408000
100582.225909	927.215000
100591.720847	927.604000
100704.225293	932.097000
100717.281189	932.622000
100837.707665	937.407000
100840.453279	937.516000
100958.363062	942.196000
100970.193187	942.662000
101082.618514	947.085000
101098.410192	947.704000
101213.700168	952.164000
101232.334359	952.884000
101349.009122	957.385000
101350.268694	957.434000
101465.841705	961.932000
101492.908144	962.959000
101610.991022	967.435000
101624.035819	967.924000
101738.326115	972.128000
101747.048874	972.451000
101872.307265	977.004000
101901.316443	978.083000
102016.663294	982.195000
102032.338617	982.771000
102142.628563	986.758000
102175.120163	987.924000
102262.852720	991.076000
102311.942022	992.804000
102376.510870	995.084000
102456.504333	997.855000
102466.714736	998.206000
102542.825310	1000.847000
102561.581031	1001.484000
102582.340167	1002.187000
102582.665874	1002.198000
102583.971928	1002.242000
102586.911249	1002.341000
102588.189412	1002.384000
102589.347998	1002.423000
102590.121371	1002.449000
102591.162524	1002.484000
102595.983147	1002.646000
102596.608940	1002.667000
102598.910953	1002.746000
102602.251061	1002.858000
102604.220915	1002.924000
102605.026863	1002.951000
102643.419316	1004.241000
102704.035496	1006.265000
102762.288922	1008.185000
102766.180580	1008.312000
102850.056979	1011.069000
102903.685997	1012.790000
102931.708095	1013.694000
103019.714939	1016.486000
103076.328077	1018.260000
103102.492053	1019.081000
103200.508126	1022.122000
103229.458375	1023.017000
103295.435563	1025.063000
103393.001170	1028.037000
103408.775838	1028.514000
103566.605927	1033.223000
103569.887930	1033.317000
103724.559471	1037.998000
103737.562044	1038.358000
103897.694284	1042.983000
103914.867496	1043.457000
104084.654771	1047.998000
104111.928780	1048.705000
104288.563721	1053.322000
104298.104264	1053.565000
104478.922438	1058.135000
104483.653531	1058.251000
104704.616655	1063.635000
104707.796957	1063.709000
104913.706865	1068.466000
104927.362761	1068.775000
105134.036401	1073.364000
105156.693581	1073.837000
105384.290133	1078.574000
105394.827436	1078.790000
105655.584760	1083.945000
105684.030399	1084.508000
105887.448002	1088.725000
105895.131529	1088.878000
106156.186467	1093.785000
106186.485164	1094.324000
106450.135392	1099.230000
106476.347705	1099.661000
106745.656301	1103.978000
106781.273867	1104.507000
107094.140456	1109.196000
107131.790688	1109.708000
107497.967002	1114.501000
107551.315532	1115.229000
107852.395498	1119.011000
107931.023139	1119.935000
108352.821452	1124.719000
108434.315077	1125.319000
108958.148626	1129.518000
109556.833361	1124.719000
110206.609198	1119.935000
110288.076933	1119.011000
110609.905654	1115.229000
110667.860761	1114.501000
111019.096343	1109.708000
111058.212194	1109.196000
111403.020667	1104.507000
111438.317410	1103.978000
111728.980987	1099.661000
111755.868178	1099.230000
112054.238493	1094.324000
112083.204549	1093.785000
112359.040737	1088.878000
112367.180416	1088.725000
112578.954487	1084.508000
112606.112208	1083.945000
112866.569163	1078.790000
112877.495173	1078.574000
113108.584101	1073.837000
113131.310124	1073.364000
113351.127877	1068.775000
113365.044233	1068.466000
113575.274326	1063.709000
113578.477465	1063.635000
113809.865930	1058.251000
113814.626651	1058.135000
114001.015379	1053.565000
114010.629999	1053.322000
114191.900317	1048.705000
114218.948380	1047.998000
114394.126990	1043.457000
114411.849775	1042.983000
114579.415399	1038.358000
114591.879746	1037.998000
114760.949316	1033.317000
114764.055303	1033.223000
114928.469693	1028.514000
114944.457154	1028.037000
115042.809066	1025.063000
115109.930529	1023.017000
115138.791518	1022.122000
115237.157671	1019.081000
115263.619755	1018.260000
115320.154339	1016.486000
115409.254609	1013.694000
115437.749662	1012.790000
115491.097042	1011.069000
115577.009419	1008.312000
115580.873149	1008.185000
115639.707658	1006.265000
115701.116478	1004.241000
115739.750308	1002.951000
115740.553871	1002.924000
115742.523965	1002.858000
115745.866747	1002.746000
115748.222716	1002.667000
115748.834644	1002.646000
115753.662185	1002.484000
115754.703678	1002.449000
115755.477106	1002.423000
115756.637166	1002.384000
115757.914581	1002.341000
115760.857328	1002.242000
115762.163692	1002.198000
115762.490206	1002.187000
115783.305840	1001.484000
115802.116039	1000.847000
115879.877198	998.206000
115889.992613	997.855000
115970.599527	995.084000
116036.418760	992.804000
116085.355150	991.076000
116174.897673	987.924000
116207.352039	986.758000
116318.453247	982.771000
116334.386784	982.195000
116446.291176	978.083000
116476.558504	977.004000
116598.967016	972.451000
116607.853126	972.128000
116721.384017	967.924000
116734.678012	967.435000
116854.081920	962.959000
116881.175556	961.932000
116999.719709	957.434000
117000.978731	957.385000
117116.679364	952.884000
117135.343178	952.164000
117250.771640	947.704000
117266.772648	947.085000
117379.610435	942.662000
117391.455382	942.196000
117510.264359	937.516000
117513.010549	937.407000
117633.540490	932.622000
117646.753426	932.097000
117758.487028	927.604000
117768.227564	927.215000
117885.559614	922.408000
117889.935598	922.229000
118006.897147	917.470000
118010.443658	917.323000
118130.681872	912.361000
118134.411973	912.205000
118251.452771	907.335000
118256.422461	907.125000
118369.601750	902.359000
118373.574764	902.187000
118485.116717	897.393000
118490.184486	897.169000
118605.914070	892.142000
118608.322390	892.037000
118714.787785	887.323000
118729.223347	886.678000
118823.743958	882.547000
118832.583788	882.148000
118949.344709	877.046000
118956.563078	876.717000
119062.030418	872.022000
119073.965681	871.471000
119163.391536	867.425000
119184.196727	866.446000
119282.370613	861.959000
119291.739123	861.510000
119392.682938	856.878000
119418.011355	855.657000
119495.346225	852.137000
119513.344574	851.273000
119605.378521	847.005000
119632.555118	845.705000
119723.023828	841.453000
119744.223653	840.422000
119808.797764	837.345000
119842.112107	835.709000
119927.937940	831.612000
119955.185366	830.260000
120033.662622	826.486000
120067.610006	824.789000
120121.715191	822.142000
120153.756840	820.512000
120235.942543	816.435000
120277.498049	814.309000
120332.502030	811.571000
120365.284645	809.887000
120430.318179	806.688000
120475.282886	804.383000
120529.813106	801.682000
120571.741874	799.545000
120637.094265	796.300000
120683.165384	793.950000
120728.336289	791.687000
120777.548300	789.177000
120827.297853	786.666000
120880.424995	783.938000
120931.692580	781.338000
120984.866570	778.612000
121023.237052	776.646000
121082.501194	773.590000
121122.498893	771.533000
121179.064298	768.581000
121215.804029	766.695000
121284.560259	763.056000
121316.118405	761.437000
121375.596529	758.249000
121408.011095	756.568000
121476.724688	752.874000
121497.662280	751.774000
121570.131204	747.857000
121598.818644	746.330000
121665.426092	742.696000
121680.481160	741.883000
121764.748520	737.234000
121778.074226	736.508000
121848.781907	732.597000
121868.359909	731.529000
121950.087263	726.956000
121951.869076	726.860000
122037.485677	722.031000
122047.883548	721.468000
122132.303496	716.712000
122133.375009	716.654000
122220.182268	711.800000
122223.444638	711.622000
122314.965546	706.510000
122320.486095	706.200000
122403.403647	701.679000
122405.884611	701.538000
122498.349502	696.486000
122507.643722	695.965000
122593.195485	691.321000
122599.821919	690.946000
122679.252207	686.579000
122694.317559	685.713000
122771.081397	681.456000
122783.693783	680.725000
122864.372711	676.219000
122880.887199	675.264000
122951.854801	671.262000
122969.290080	670.252000
123037.420586	666.365000
123058.057465	665.158000
123127.674755	661.171000
123148.256222	659.955000
123218.389169	655.922000
123242.607746	654.497000
123297.636525	651.291000
123324.006759	649.733000
123389.980137	645.863000
123407.714673	644.808000
123479.601296	640.576000
123498.706297	639.443000
123560.004664	635.831000
123573.042531	635.066000
123651.672025	630.487000
123664.142971	629.762000
123741.366471	625.251000
123750.624438	624.711000
123827.488814	620.156000
123828.019798	620.125000
123916.498049	615.047000
123918.360469	614.938000
124003.966976	609.946000
124007.396683	609.742000
124082.836121	605.275000
124097.985240	604.365000
124167.443969	600.215000
124176.423153	599.676000
124254.761748	594.976000
124271.486541	593.970000
124332.174521	590.322000
124351.900680	589.133000
124414.524708	585.387000
124437.405992	584.004000
124503.330700	580.041000
124530.201531	578.414000
124576.995205	575.583000
124608.003598	573.708000
124661.793187	570.435000
124703.599373	567.944000
124748.282947	565.259000
124779.701501	563.398000
124827.614389	560.510000
124882.463186	557.222000
124914.082950	555.319000
124957.417173	552.740000
124996.178910	550.396000
125051.033209	547.207000
125083.898554	545.240000
125142.556843	541.860000
125169.081916	540.271000
125231.520858	536.643000
125251.060730	535.482000
125317.503028	531.621000
125342.351463	530.132000
125409.671532	526.200000
125422.772191	525.407000
125494.058737	521.262000
125509.597558	520.310000
125584.469007	515.951000
125599.908524	515.009000
125670.521199	510.905000
125675.085647	510.628000
125757.035737	505.892000
125771.706555	504.993000
125843.541552	500.816000
125852.541996	500.264000
125927.266796	495.899000
125933.115324	495.543000
126013.962679	490.828000
126027.276917	490.016000
126097.528676	485.881000
126110.409189	485.093000
126180.234430	481.018000
126186.518739	480.636000
126269.639450	475.799000
126284.815987	474.886000
126351.288157	471.035000
126363.983393	470.271000
126439.581590	465.863000
126447.525161	465.384000
126523.156754	460.935000
126535.082245	460.219000
126609.360080	455.775000
126620.213710	455.120000
126689.615752	450.952000
126697.648927	450.473000
126775.123297	445.844000
126788.546585	445.054000
126860.317991	440.736000
126867.692180	440.307000
126946.245085	435.603000
126949.151309	435.436000
127026.392004	430.860000
127037.851511	430.208000
127117.327444	425.527000
127122.824190	425.214000
127201.216227	420.606000
127203.677756	420.465000
127290.092438	415.453000
127295.112507	415.167000
127377.064076	410.461000
127378.194176	410.396000
127467.239814	405.327000
127470.749366	405.127000
127551.847569	400.448000
127552.039437	400.437000
127642.043686	395.342000
127649.619479	394.906000
127731.059667	390.217000
127733.499530	390.076000
127810.730878	385.599000
127821.822662	384.951000
127905.407804	380.081000
127907.330770	379.967000
127986.797386	375.273000
127995.042449	374.776000
128071.226778	370.228000
128082.181692	369.562000
128156.026474	365.127000
128164.982042	364.580000
128239.383879	360.144000
128249.770402	359.503000
128326.514105	355.093000
128339.030866	354.326000
128416.540369	349.919000
128428.272545	349.213000
128505.144073	344.932000
128519.511999	344.079000
128595.953962	339.886000
128611.939728	338.969000
128694.235258	334.400000
128706.806256	333.681000
128776.291882	329.779000
128795.831148	328.662000
128872.565843	324.327000
128889.379818	323.373000
128963.304389	319.214000
128980.293119	318.264000
129055.281298	314.026000
129074.661140	312.979000
129145.710272	309.113000
129167.270179	307.959000
129242.003771	303.864000
129268.289712	302.446000
129337.330769	298.680000
129353.222896	297.810000
129426.495985	293.920000
129460.761738	292.052000
129521.630213	288.916000
129553.880177	287.172000
129624.339285	283.681000
129655.332864	282.056000
129720.744029	278.949000
129763.916639	276.755000
129823.882279	274.037000
129875.055119	271.601000
129942.472787	268.793000
129989.294377	266.612000
130055.528439	263.996000
130116.557117	261.292000
130175.951664	259.101000
130243.589829	256.228000
130314.842378	253.907000
130392.640757	250.909000
130447.819884	249.006000
130534.493307	245.758000
130577.311940	244.176000
130676.752754	240.610000
130735.217247	238.619000
130822.463031	235.224000
130860.889175	233.968000
130964.828007	230.037000
131001.834727	228.921000
131112.318275	224.914000
131148.663725	223.869000
131276.793518	219.529000
131309.573836	218.704000
131461.195721	214.047000
131468.523340	213.900000
131699.280324	209.540000
131757.147085	208.688000
132232.644689	203.901000
132792.772323	209.540000
133088.898005	213.900000
133096.678114	214.047000
133328.819075	218.704000
133355.679297	219.529000
133528.123636	223.869000
133558.975165	224.914000
133698.339966	228.921000
133729.111026	230.037000
133859.463548	233.968000
133892.673208	235.224000
133996.540055	238.619000
134047.705403	240.610000
134152.418804	244.176000
134196.534162	245.758000
134284.444984	249.006000
134335.226857	250.909000
134422.156455	253.907000
134482.386620	256.228000
134570.585057	259.101000
134622.167104	261.292000
134695.468271	263.996000
134754.510808	266.612000
134809.731179	268.793000
134870.013170	271.601000
134928.499438	274.037000
134985.596228	276.755000
135034.001163	278.949000
135095.139403	282.056000
135129.350263	283.681000
135195.934007	287.172000
135231.133286	288.916000
135289.124047	292.052000
135325.381162	293.920000
135396.737575	297.810000
135413.125130	298.680000
135481.917946	302.446000
135507.913756	303.864000
135583.824142	307.959000
135604.884597	309.113000
135677.112156	312.979000
135696.353864	314.026000
135774.798726	318.264000
135791.608251	319.214000
135865.983125	323.373000
135882.940096	324.327000
135959.343219	328.662000
135979.115457	329.779000
136047.371695	333.681000
136060.175428	334.400000
136140.059841	338.969000
136156.576584	339.886000
136229.671807	344.079000
136245.222724	344.932000
136317.331859	349.213000
136330.009107	349.919000
136403.243809	354.326000
136416.733663	355.093000
136488.700963	359.503000
136499.855773	360.144000
136571.735048	364.580000
136580.909485	365.127000
136653.519985	369.562000
136664.609190	370.228000
136739.418423	374.776000
136747.743755	375.273000
136825.615634	379.967000
136827.545586	380.081000
136909.693356	384.951000
136920.815157	385.599000
136997.447742	390.076000
136999.880090	390.217000
137081.018494	394.906000
137088.591094	395.342000
137177.120150	400.437000
137177.314467	400.448000
137258.928049	405.127000
137262.394525	405.327000
137351.344126	410.396000
137352.485962	410.461000
137434.305212	415.167000
137439.285694	415.453000
137527.259775	420.465000
137529.690834	420.606000
137610.135685	425.214000
137615.460492	425.527000
137697.665818	430.208000
137708.735740	430.860000
137789.163200	435.436000
137791.982080	435.603000
137873.843616	440.307000
137881.007560	440.736000
137955.230755	445.054000
137968.361698	445.844000
138047.015364	450.473000
138055.032262	450.952000
138124.932631	455.120000
138135.839142	455.775000
138209.478122	460.219000
138221.445478	460.935000
138295.546745	465.384000
138303.689594	465.863000
138376.790345	470.271000
138389.893118	471.035000
138453.884423	474.886000
138469.643730	475.799000
138550.047792	480.636000
138556.612214	481.018000
138623.650321	485.093000
138637.152724	485.881000
138704.742728	490.016000
138718.538237	490.828000
138795.849359	495.543000
138801.953634	495.899000
138873.663817	500.264000
138883.113551	500.816000
138951.220173	504.993000
138966.680949	505.892000
139043.967928	510.628000
139048.761039	510.905000
139116.387373	515.009000
139132.595253	515.951000
139204.039895	520.310000
139220.391723	521.262000
139288.047618	525.407000
139301.685792	526.200000
139366.643912	530.132000
139392.137193	531.621000
139456.569571	535.482000
139476.548724	536.643000
139537.608719	540.271000
139564.955874	541.860000
139621.377991	545.240000
139655.514339	547.207000
139708.797300	550.396000
139749.116672	552.740000
139791.764505	555.319000
139823.740086	557.222000
139878.372659	560.510000
139926.548853	563.398000
139957.423466	565.259000
140002.753298	567.944000
140044.208339	570.435000
140099.138747	573.708000
140129.953131	575.583000
140176.771670	578.414000
140203.664396	580.041000
140269.115597	584.004000
140292.121873	585.387000
140354.098219	589.133000
140373.975413	590.322000
140434.497724	593.970000
140451.233499	594.976000
140529.371202	599.676000
140538.355139	600.215000
140607.489860	604.365000
140622.720570	605.275000
140697.084433	609.742000
140700.529619	609.946000
140784.456569	614.938000
140786.325782	615.047000
140873.090614	620.125000
140873.630753	620.156000
140951.651116	624.711000
140960.763468	625.251000
141038.101788	629.762000
141050.513013	630.487000
141129.277790	635.066000
141142.414187	635.831000
141203.973369	639.443000
141223.201234	640.576000
141294.562544	644.808000
141312.483241	645.863000
141377.537889	649.733000
141404.097714	651.291000
141458.361493	654.497000
141482.820635	655.922000
141551.363459	659.955000
141572.509421	661.171000
141639.991581	665.158000
141661.067094	666.365000
141727.525710	670.252000
141745.228774	671.262000
141814.313912	675.264000
141831.248959	676.219000
141909.169676	680.725000
141922.258069	681.456000
141995.706675	685.713000
142011.322715	686.579000
142087.293145	690.946000
142094.113928	691.321000
142176.175682	695.965000
142185.773543	696.486000
142275.897154	701.538000
142278.477825	701.679000
142358.027029	706.200000
142363.712594	706.510000
142454.748233	711.622000
142457.934993	711.800000
142546.898733	716.654000
142547.935985	716.712000
142635.800100	721.468000
142645.793463	722.031000
142734.978752	726.860000
142736.680801	726.956000
142821.558205	731.529000
142840.645197	732.597000
142912.339545	736.508000
142925.465032	737.234000
143010.797272	741.883000
143025.533638	742.696000
143092.827755	746.330000
143120.816080	747.857000
143194.403966	751.774000
143214.755208	752.874000
143285.067450	756.568000
143316.336413	758.249000
143377.810319	761.437000
143408.015803	763.056000
143478.948534	766.695000
143514.583118	768.581000
143572.088783	771.533000
143611.504447	773.590000
143670.927377	776.646000
143709.053458	778.612000
143762.256883	781.338000
143812.973088	783.938000
143866.764615	786.666000
143915.665734	789.177000
143965.395475	791.687000
144009.764711	793.950000
144056.672190	796.300000
144120.289543	799.545000
144163.327466	801.682000
144216.322132	804.383000
144262.857548	806.688000
144325.261928	809.887000
144359.496524	811.571000
144412.797474	814.309000
144455.506920	816.435000
144535.197322	820.512000
144568.055477	822.142000
144620.088755	824.789000
144654.775759	826.486000
144730.272180	830.260000
144758.385918	831.612000
144840.954488	835.709000
144875.226166	837.345000
144937.884009	840.422000
144959.520638	841.453000
145046.951925	845.705000
145074.611690	847.005000
145163.834550	851.273000
145182.465602	852.137000
145255.792210	855.657000
145282.617743	856.878000
145378.703923	861.510000
145388.488848	861.959000
145482.111349	866.446000
145503.531504	867.425000
145589.514958	871.471000
145601.693319	872.022000
145703.392156	876.717000
145710.782732	877.046000
145822.722303	882.148000
145831.853547	882.547000
145923.375695	886.678000
145938.133815	887.323000
146043.636510	892.037000
146046.007928	892.142000
146161.309121	897.169000
146166.465959	897.393000
146274.925269	902.187000
146278.927192	902.359000
146389.016654	907.125000
146394.003572	907.335000
146509.253055	912.205000
146513.002206	912.361000
146631.648103	917.323000
146635.210178	917.470000
146750.025461	922.229000
146754.424729	922.408000
146871.940702	927.215000
146881.435640	927.604000
146993.940086	932.097000
147006.995982	932.622000
147127.422458	937.407000
147130.168072	937.516000
147248.077855	942.196000
147259.907980	942.662000
147372.333307	947.085000
147388.124985	947.704000
147503.414961	952.164000
147522.049152	952.884000
147638.723915	957.385000
147639.983487	957.434000
147755.556498	961.932000
147782.622937	962.959000
147900.705815	967.435000
147913.750612	967.924000
148028.040908	972.128000
148036.763667	972.451000
148162.022058	977.004000
148191.031236	978.083000
148306.378087	982.195000
148322.053410	982.771000
148432.343356	986.758000
148464.834956	987.924000
148552.567513	991.076000
148601.656815	992.804000
148666.225663	995.084000
148746.219126	997.855000
148756.429529	998.206000
148832.540103	1000.847000
148851.295824	1001.484000
148872.054960	1002.187000
148872.380667	1002.198000
148873.686721	1002.242000
148876.626042	1002.341000
148877.904205	1002.384000
148879.062791	1002.423000
148879.836164	1002.449000
148880.877317	1002.484000
148885.697940	1002.646000
148886.323733	1002.667000
148888.625746	1002.746000
148891.965854	1002.858000
148893.935708	1002.924000
148894.741656	1002.951000
148933.134109	1004.241000
148993.750289	1006.265000
149052.003715	1008.185000
149055.895373	1008.312000
149139.771772	1011.069000
149193.400790	1012.790000
149221.422888	1013.694000
149309.429732	1016.486000
149366.042870	1018.260000
149392.206846	1019.081000
149490.222919	1022.122000
149519.173168	1023.017000
149585.150356	1025.063000
149682.715963	1028.037000
149698.490631	1028.514000
149856.320720	1033.223000
149859.602723	1033.317000
150014.274264	1037.998000
150027.276837	1038.358000
150187.409077	1042.983000
150204.582289	1043.457000
150374.369563	1047.998000
150401.643573	1048.705000
150578.278514	1053.322000
150587.819057	1053.565000
150768.637231	1058.135000
150773.368324	1058.251000
150994.331448	1063.635000
150997.511750	1063.709000
151203.421658	1068.466000
151217.077554	1068.775000
151423.751194	1073.364000
151446.408374	1073.837000
151674.004926	1078.574000
151684.542229	1078.790000
151945.299553	1083.945000
151973.745192	1084.508000
152177.162795	1088.725000
152184.846322	1088.878000
152445.901260	1093.785000
152476.199957	1094.324000
152739.850185	1099.230000
152766.062498	1099.661000
153035.371094	1103.978000
153070.988660	1104.507000
153383.855249	1109.196000
153421.505481	1109.708000
153787.681795	1114.501000
153841.030325	1115.229000
154142.110291	1119.011000
154220.737932	1119.935000
154642.536245	1124.719000
154724.029870	1125.319000
155247.863419	1129.518000
155846.548154	1124.719000
156496.323991	1119.935000
156577.791726	1119.011000
156899.620447	1115.229000
156957.575554	1114.501000
157308.811136	1109.708000
157347.926987	1109.196000
157692.735460	1104.507000
157728.032203	1103.978000
158018.695780	1099.661000
158045.582971	1099.230000
158343.953286	1094.324000
158372.919342	1093.785000
158648.755530	1088.878000
158656.895209	1088.725000
158868.669280	1084.508000
158895.827001	1083.945000
159156.283956	1078.790000
159167.209966	1078.574000
159398.298894	1073.837000
159421.024917	1073.364000
159640.842670	1068.775000
159654.759026	1068.466000
159864.989119	1063.709000
159868.192258	1063.635000
160099.580723	1058.251000
160104.341444	1058.135000
160290.730172	1053.565000
160300.344792	1053.322000
160481.615110	1048.705000
160508.663173	1047.998000
160683.841783	1043.457000
160701.564568	1042.983000
160869.130192	1038.358000
160881.594539	1037.998000
161050.664109	1033.317000
161053.770096	1033.223000
161218.184486	1028.514000
161234.171947	1028.037000
161332.523859	1025.063000
161399.645322	1023.017000
161428.506311	1022.122000
161526.872464	1019.081000
161553.334548	1018.260000
161609.869132	1016.486000
161698.969402	1013.694000
161727.464455	1012.790000
161780.811835	1011.069000
161866.724212	1008.312000
161870.587942	1008.185000
161929.422451	1006.265000
161990.831271	1004.241000
162029.465101	1002.951000
162030.268664	1002.924000
162032.238758	1002.858000
162035.581540	1002.746000
162037.937509	1002.667000
162038.549437	1002.646000
162043.376978	1002.484000
162044.418471	1002.449000
162045.191899	1002.423000
162046.351959	1002.384000
162047.629374	1002.341000
162050.572121	1002.242000
162051.878485	1002.198000
162052.204999	1002.187000
162073.020633	1001.484000
162091.830832	1000.847000
162169.591991	998.206000
162179.707406	997.855000
162260.314320	995.084000
162326.133553	992.804000
162375.069943	991.076000
162464.612466	987.924000
162497.066832	986.758000
162608.168040	982.771000
162624.101577	982.195000
162736.005969	978.083000
162766.273297	977.004000
162888.681809	972.451000
162897.567919	972.128000
163011.098810	967.924000
163024.392805	967.435000
163143.796713	962.959000
163170.890349	961.932000
163289.434502	957.434000
163290.693524	957.385000
163406.394157	952.884000
163425.057971	952.164000
163540.486433	947.704000
163556.487441	947.085000
163669.325228	942.662000
163681.170175	942.196000
163799.979152	937.516000
163802.725342	937.407000
163923.255283	932.622000
163936.468219	932.097000
164048.201821	927.604000
164057.942357	927.215000
164175.274406	922.408000
164179.650391	922.229000
164296.611940	917.470000
164300.158451	917.323000
164420.396665	912.361000
164424.126766	912.205000
164541.167564	907.335000
164546.137254	907.125000
164659.316543	902.359000
164663.289557	902.187000
164774.831510	897.393000
164779.899279	897.169000
164895.628863	892.142000
164898.037183	892.037000
165004.502578	887.323000
165018.938140	886.678000
165113.458751	882.547000
165122.298581	882.148000
165239.059502	877.046000
165246.277871	876.717000
165351.745211	872.022000
165363.680474	871.471000
165453.106329	867.425000
165473.911520	866.446000
165572.085406	861.959000
165581.453916	861.510000
165682.397731	856.878000
165707.726148	855.657000
165785.061018	852.137000
165803.059367	851.273000
165895.093314	847.005000
165922.269911	845.705000
166012.738621	841.453000
166033.938446	840.422000
166098.512557	837.345000
166131.826900	835.709000
166217.652733	831.612000
166244.900159	830.260000
166323.377415	826.486000
166357.324799	824.789000
166411.429984	822.142000
166443.471633	820.512000
166525.657336	816.435000
166567.212842	814.309000
166622.216823	811.571000
166654.999438	809.887000
166720.032972	806.688000
166764.997679	804.383000
166819.527899	801.682000
166861.456667	799.545000
166926.809058	796.300000
166972.880177	793.950000
167018.051082	791.687000
167067.263093	789.177000
167117.012646	786.666000
167170.139788	783.938000
167221.407373	781.338000
167274.581363	778.612000
167312.951845	776.646000
167372.215987	773.590000
167412.213686	771.533000
167468.779091	768.581000
167505.518822	766.695000
167574.275052	763.056000
167605.833198	761.437000
167665.311322	758.249000
167697.725888	756.568000
167766.439481	752.874000
167787.377073	751.774000
167859.845997	747.857000
167888.533437	746.330000
167955.140885	742.696000
167970.195953	741.883000
168054.463313	737.234000
168067.789019	736.508000
168138.496700	732.597000
168158.074702	731.529000
168239.802056	726.956000
168241.583869	726.860000
168327.200470	722.031000
168337.598341	721.468000
168422.018289	716.712000
168423.089802	716.654000
168509.897061	711.800000
168513.159431	711.622000
168604.680339	706.510000
168610.200888	706.200000
168693.118440	701.679000
168695.599404	701.538000
168788.064295	696.486000
168797.358515	695.965000
168882.910278	691.321000
168889.536712	690.946000
168968.967000	686.579000
168984.032352	685.713000
169060.796190	681.456000
169073.408576	680.725000
169154.087504	676.219000
169170.601992	675.264000
169241.569594	671.262000
169259.004873	670.252000
169327.135379	666.365000
169347.772258	665.158000
169417.389548	661.171000
169437.971015	659.955000
169508.103962	655.922000
169532.322539	654.497000
169587.351318	651.291000
169613.721552	649.733000
169679.694930	645.863000
169697.429466	644.808000
169769.316089	640.576000
169788.421090	639.443000
169849.719457	635.831000
169862.757324	635.066000
169941.386818	630.487000
169953.857764	629.762000
170031.081264	625.251000
170040.339231	624.711000
170117.203607	620.156000
170117.734591	620.125000
170206.212842	615.047000
170208.075262	614.938000
170293.681769	609.946000
170297.111476	609.742000
170372.550914	605.275000
170387.700033	604.365000
170457.158762	600.215000
170466.137946	599.676000
170544.476541	594.976000
170561.201334	593.970000
170621.889314	590.322000
170641.615473	589.133000
170704.239501	585.387000
170727.120785	584.004000
170793.045493	580.041000
170819.916324	578.414000
170866.709998	575.583000
170897.718391	573.708000
170951.507980	570.435000
170993.314166	567.944000
171037.997740	565.259000
171069.416294	563.398000
171117.329182	560.510000
171172.177979	557.222000
171203.797743	555.319000
171247.131966	552.740000
171285.893703	550.396000
171340.748002	547.207000
171373.613347	545.240000
171432.271636	541.860000
171458.796709	540.271000
171521.235651	536.643000
171540.775523	535.482000
171607.217821	531.621000
171632.066256	530.132000
171699.386325	526.200000
171712.486984	525.407000
171783.773530	521.262000
171799.312351	520.310000
171874.183800	515.951000
171889.623317	515.009000
171960.235992	510.905000
171964.800440	510.628000
172046.750530	505.892000
172061.421348	504.993000
172133.256345	500.816000
172142.256789	500.264000
172216.981589	495.899000
172222.830117	495.543000
172303.677472	490.828000
172316.991710	490.016000
172387.243469	485.881000
172400.123982	485.093000
172469.949223	481.018000
172476.233532	480.636000
172559.354243	475.799000
172574.530780	474.886000
172641.002950	471.035000
172653.698186	470.271000
172729.296383	465.863000
172737.239954	465.384000
172812.871547	460.935000
172824.797038	460.219000
172899.074873	455.775000
172909.928503	455.120000
172979.330545	450.952000
172987.363720	450.473000
173064.838090	445.844000
173078.261378	445.054000
173150.032784	440.736000
173157.406973	440.307000
173235.959878	435.603000
173238.866102	435.436000
173316.106797	430.860000
173327.566304	430.208000
173407.042237	425.527000
173412.538983	425.214000
173490.931020	420.606000
173493.392549	420.465000
173579.807231	415.453000
173584.827300	415.167000
173666.778869	410.461000
173667.908969	410.396000
173756.954607	405.327000
173760.464159	405.127000
173841.562362	400.448000
173841.754230	400.437000
173931.758479	395.342000
173939.334272	394.906000
174020.774460	390.217000
174023.214323	390.076000
174100.445671	385.599000
174111.537455	384.951000
174195.122597	380.081000
174197.045563	379.967000
174276.512179	375.273000
174284.757242	374.776000
174360.941571	370.228000
174371.896485	369.562000
174445.741267	365.127000
174454.696835	364.580000
174529.098672	360.144000
174539.485195	359.503000
174616.228898	355.093000
174628.745659	354.326000
174706.255162	349.919000
174717.987338	349.213000
174794.858866	344.932000
174809.226792	344.079000
174885.668755	339.886000
174901.654521	338.969000
174983.950051	334.400000
174996.521049	333.681000
175066.006675	329.779000
175085.545941	328.662000
175162.280636	324.327000
175179.094611	323.373000
175253.019182	319.214000
175270.007912	318.264000
175344.996091	314.026000
175364.375933	312.979000
175435.425065	309.113000
175456.984972	307.959000
175531.718564	303.864000
175558.004505	302.446000
175627.045562	298.680000
175642.937689	297.810000
175716.210778	293.920000
175750.476531	292.052000
175811.345006	288.916000
175843.594970	287.172000
175914.054078	283.681000
175945.047657	282.056000
176010.458822	278.949000
176053.631432	276.755000
176113.597072	274.037000
176164.769912	271.601000
176232.187580	268.793000
176279.009170	266.612000
176345.243232	263.996000
176406.271910	261.292000
176465.666457	259.101000
176533.304622	256.228000
176604.557171	253.907000
176682.355550	250.909000
176737.534677	249.006000
176824.208100	245.758000
176867.026733	244.176000
176966.467547	240.610000
177024.932040	238.619000
177112.177824	235.224000
177150.603968	233.968000
177254.542800	230.037000
177291.549520	228.921000
177402.033068	224.914000
177438.378518	223.869000
177566.508311	219.529000
177599.288629	218.704000
177750.910514	214.047000
177758.238133	213.900000
177988.995117	209.540000
178046.861878	208.688000
178522.359482	203.901000
179082.487116	209.540000
179378.612798	213.900000
179386.392907	214.047000
179618.533868	218.704000
179645.394090	219.529000
179817.838429	223.869000
179848.689958	224.914000
179988.054759	228.921000
180018.825819	230.037000
180149.178341	233.968000
180182.388001	235.224000
180286.254848	238.619000
180337.420196	240.610000
180442.133597	244.176000
180486.248955	245.758000
180574.159777	249.006000
180624.941650	250.909000
180711.871248	253.907000
180772.101413	256.228000
180860.299850	259.101000
180911.881897	261.292000
180985.183064	263.996000
181044.225601	266.612000
181099.445972	268.793000
181159.727963	271.601000
181218.214231	274.037000
181275.311021	276.755000
181323.715956	278.949000
181384.854196	282.056000
181419.065056	283.681000
181485.648800	287.172000
181520.848079	288.916000
181578.838840	292.052000
181615.095955	293.920000
181686.452368	297.810000
181702.839923	298.680000
181771.632739	302.446000
181797.628549	303.864000
181873.538935	307.959000
181894.599390	309.113000
181966.826949	312.979000
181986.068657	314.026000
182064.513519	318.264000
182081.323044	319.214000
182155.697918	323.373000
182172.654889	324.327000
182249.058012	328.662000
182268.830250	329.779000
182337.086488	333.681000
182349.890221	334.400000
182429.774634	338.969000
182446.291377	339.886000
182519.386600	344.079000
182534.937517	344.932000
182607.046652	349.213000
182619.723900	349.919000
182692.958602	354.326000
182706.448456	355.093000
182778.415756	359.503000
182789.570566	360.144000
182861.449841	364.580000
182870.624278	365.127000
182943.234778	369.562000
182954.323983	370.228000
183029.133216	374.776000
183037.458548	375.273000
183115.330427	379.967000
183117.260379	380.081000
183199.408149	384.951000
183210.529950	385.599000
183287.162535	390.076000
183289.594883	390.217000
183370.733287	394.906000
183378.305887	395.342000
183466.834943	400.437000
183467.029260	400.448000
183548.642842	405.127000
183552.109318	405.327000
183641.058919	410.396000
183642.200755	410.461000
183724.020005	415.167000
183729.000487	415.453000
183816.974568	420.465000
183819.405627	420.606000
183899.850478	425.214000
183905.175285	425.527000
183987.380611	430.208000
183998.450533	430.860000
184078.877993	435.436000
184081.696873	435.603000
184163.558409	440.307000
184170.722353	440.736000
184244.945548	445.054000
184258.076491	445.844000
184336.730157	450.473000
184344.747055	450.952000
184414.647424	455.120000
184425.553934	455.775000
184499.192915	460.219000
184511.160271	460.935000
184585.261538	465.384000
184593.404387	465.863000
184666.505138	470.271000
184679.607911	471.035000
184743.599216	474.886000
184759.358523	475.799000
184839.762585	480.636000
184846.327007	481.018000
184913.365114	485.093000
184926.867517	485.881000
184994.457521	490.016000
185008.253030	490.828000
185085.564152	495.543000
185091.668427	495.899000
185163.378610	500.264000
185172.828344	500.816000
185240.934966	504.993000
185256.395742	505.892000
185333.682721	510.628000
185338.475832	510.905000
185406.102166	515.009000
185422.310046	515.951000
185493.754688	520.310000
185510.106516	521.262000
185577.762411	525.407000
185591.400585	526.200000
185656.358705	530.132000
185681.851986	531.621000
185746.284364	535.482000
185766.263517	536.643000
185827.323512	540.271000
185854.670667	541.860000
185911.092784	545.240000
185945.229132	547.207000
185998.512093	550.396000
186038.831465	552.740000
186081.479298	555.319000
186113.454879	557.222000
186168.087452	560.510000
186216.263646	563.398000
186247.138259	565.259000
186292.468091	567.944000
186333.923132	570.435000
186388.853540	573.708000
186419.667924	575.583000
186466.486463	578.414000
186493.379189	580.041000
186558.830390	584.004000
186581.836666	585.387000
186643.813012	589.133000
186663.690206	590.322000
186724.212517	593.970000
186740.948292	594.976000
186819.085995	599.676000
186828.069932	600.215000
186897.204653	604.365000
186912.435363	605.275000
186986.799226	609.742000
186990.244412	609.946000
187074.171362	614.938000
187076.040575	615.047000
187162.805407	620.125000
187163.345546	620.156000
187241.365909	624.711000
187250.478261	625.251000
187327.816581	629.762000
187340.227806	630.487000
187418.992583	635.066000
187432.128980	635.831000
187493.688162	639.443000
187512.916027	640.576000
187584.277337	644.808000
187602.198034	645.863000
187667.252682	649.733000
187693.812507	651.291000
187748.076286	654.497000
187772.535428	655.922000
187841.078252	659.955000
187862.224214	661.171000
187929.706374	665.158000
187950.781887	666.365000
188017.240503	670.252000
188034.943567	671.262000
188104.028705	675.264000
188120.963752	676.219000
188198.884469	680.725000
188211.972862	681.456000
188285.421468	685.713000
188301.037508	686.579000
188377.007938	690.946000
188383.828721	691.321000
188465.890475	695.965000
188475.488336	696.486000
188565.611947	701.538000
188568.192618	701.679000
188647.741822	706.200000
188653.427387	706.510000
188744.463026	711.622000
188747.649786	711.800000
188836.613526	716.654000
188837.650778	716.712000
188925.514893	721.468000
188935.508256	722.031000
189024.693545	726.860000
189026.395594	726.956000
189111.272998	731.529000
189130.359990	732.597000
189202.054338	736.508000
189215.179825	737.234000
189300.512065	741.883000
189315.248431	742.696000
189382.542548	746.330000
189410.530873	747.857000
189484.118759	751.774000
189504.470001	752.874000
189574.782243	756.568000
189606.051206	758.249000
189667.525112	761.437000
189697.730596	763.056000
189768.663327	766.695000
189804.297911	768.581000
189861.803576	771.533000
189901.219240	773.590000
189960.642170	776.646000
189998.768251	778.612000
190051.971676	781.338000
190102.687881	783.938000
190156.479408	786.666000
190205.380527	789.177000
190255.110268	791.687000
190299.479504	793.950000
190346.386983	796.300000
190410.004336	799.545000
190453.042259	801.682000
190506.036925	804.383000
190552.572341	806.688000
190614.976721	809.887000
190649.211317	811.571000
190702.512267	814.309000
190745.221713	816.435000
190824.912115	820.512000
190857.770270	822.142000
190909.803548	824.789000
190944.490552	826.486000
191019.986973	830.260000
191048.100711	831.612000
191130.669281	835.709000
191164.940959	837.345000
191227.598802	840.422000
191249.235431	841.453000
191336.666718	845.705000
191364.326483	847.005000
191453.549343	851.273000
191472.180395	852.137000
191545.507003	855.657000
191572.332536	856.878000
191668.418716	861.510000
191678.203641	861.959000
191771.826142	866.446000
191793.246297	867.425000
191879.229751	871.471000
191891.408112	872.022000
191993.106949	876.717000
192000.497525	877.046000
192112.437096	882.148000
192121.568340	882.547000
192213.090488	886.678000
192227.848608	887.323000
192333.351303	892.037000
192335.722721	892.142000
192451.023914	897.169000
192456.180752	897.393000
192564.640062	902.187000
192568.641985	902.359000
192678.731447	907.125000
192683.718365	907.335000
192798.967848	912.205000
192802.716999	912.361000
192921.362896	917.323000
192924.924971	917.470000
193039.740254	922.229000
193044.139522	922.408000
193161.655495	927.215000
193171.150433	927.604000
193283.654879	932.097000
193296.710775	932.622000
193417.137251	937.407000
193419.882865	937.516000
193537.792648	942.196000
193549.622773	942.662000
193662.048100	947.085000
193677.839778	947.704000
193793.129754	952.164000
193811.763945	952.884000
193928.438708	957.385000
193929.698280	957.434000
194045.271291	961.932000
194072.337730	962.959000
194190.420608	967.435000
194203.465405	967.924000
194317.755701	972.128000
194326.478460	972.451000
194451.736851	977.004000
194480.746029	978.083000
194596.092880	982.195000
194611.768203	982.771000
194722.058149	986.758000
194754.549749	987.924000
194842.282306	991.076000
194891.371608	992.804000
194955.940456	995.084000
195035.933919	997.855000
195046.144322	998.206000
195122.254896	1000.847000
195141.010617	1001.484000
195161.769753	1002.187000
195162.095460	1002.198000
195163.401514	1002.242000
195166.340835	1002.341000
195167.618998	1002.384000
195168.777584	1002.423000
195169.550957	1002.449000
195170.592110	1002.484000
195175.412733	1002.646000
195176.038526	1002.667000
195178.340539	1002.746000
195181.680647	1002.858000
195183.650501	1002.924000
195184.456449	1002.951000
195222.848902	1004.241000
195283.465082	1006.265000
195341.718508	1008.185000
195345.610166	1008.312000
195429.486565	1011.069000
195483.115583	1012.790000
195511.137681	1013.694000
195599.144525	1016.486000
195655.757663	1018.260000
195681.921639	1019.081000
195779.937712	1022.122000
195808.887961	1023.017000
195874.865149	1025.063000
195972.430756	1028.037000
195988.205424	1028.514000
196146.035513	1033.223000
196149.317516	1033.317000
196303.989057	1037.998000
196316.991630	1038.358000
196477.123870	1042.983000
196494.297082	1043.457000
196664.084356	1047.998000
196691.358366	1048.705000
196867.993307	1053.322000
196877.533850	1053.565000
197058.352024	1058.135000
197063.083117	1058.251000
197284.046241	1063.635000
197287.226543	1063.709000
197493.136451	1068.466000
197506.792347	1068.775000
197713.465987	1073.364000
197736.123167	1073.837000
197963.719719	1078.574000
197974.257022	1078.790000
198235.014346	1083.945000
198263.459985	1084.508000
198466.877588	1088.725000
198474.561115	1088.878000
198735.616053	1093.785000
198765.914750	1094.324000
199029.564978	1099.230000
199055.777291	1099.661000
199325.085887	1103.978000
199360.703453	1104.507000
199673.570042	1109.196000
