0.000000	500.000000
14.306535	500.816000
83.900775	504.993000
99.738491	505.892000
178.716570	510.628000
183.628032	510.905000
252.763945	515.009000
269.367363	515.951000
342.389326	520.310000
359.138791	521.262000
428.275657	525.407000
442.246353	526.200000
508.662157	530.132000
534.771262	531.621000
600.679926	535.482000
621.146812	536.643000
683.630524	540.271000
711.645420	541.860000
769.361078	545.240000
804.345446	547.207000
858.852308	550.396000
900.155078	552.740000
943.761878	555.319000
976.480515	557.222000
1032.353691	560.510000
1081.632821	563.398000
1113.206331	565.259000
1159.599908	567.944000
1201.999375	570.435000
1258.203162	573.708000
1289.701634	575.583000
1337.573083	578.414000
1365.069943	580.041000
1431.989011	584.004000
1455.518968	585.387000
1518.890303	589.133000
1539.224593	590.322000
1601.116960	593.970000
1618.233727	594.976000
1698.147838	599.676000
1707.337102	600.215000
1778.050174	604.365000
1793.631970	605.275000
1869.691133	609.742000
1873.217221	609.946000
1959.096774	614.938000
1961.011291	615.047000
2049.863288	620.125000
2050.416956	620.156000
2130.323695	624.711000
2139.649678	625.251000
2218.861467	629.762000
2231.572424	630.487000
2312.258338	635.066000
2325.714007	635.831000
2388.746252	639.443000
2408.430209	640.576000
2481.461985	644.808000
2499.808578	645.863000
2566.376328	649.733000
2593.572050	651.291000
2649.115940	654.497000
2674.169012	655.922000
2744.342592	659.955000
2766.016074	661.171000
2835.090145	665.158000
2856.695891	666.365000
2924.755370	670.252000
2942.907350	671.262000
3013.689977	675.264000
3031.064944	676.219000
3110.907136	680.725000
3124.342385	681.456000
3199.593740	685.713000
3215.629764	686.579000
3293.496912	690.946000
3300.504453	691.321000
3384.682368	695.965000
3394.550077	696.486000
3487.043958	701.538000
3489.696212	701.679000
3571.278794	706.200000
3577.122745	706.510000
3670.544032	711.622000
3673.815229	711.800000
3765.253740	716.654000
3766.318413	716.712000
3856.667485	721.468000
3866.920965	722.031000
3958.626963	726.860000
3960.373208	726.956000
4047.674449	731.529000
4067.265332	732.597000
4140.954857	736.508000
4154.435248	737.234000
4242.148525	741.883000
4257.285494	742.696000
4326.492153	746.330000
4355.259142	747.857000
4431.002145	751.774000
4451.930693	752.874000
4524.359034	756.568000
4556.525036	758.249000
4619.899854	761.437000
4650.977256	763.056000
4724.153460	766.695000
4760.844125	768.581000
4820.166225	771.533000
4860.784776	773.590000
4922.077545	776.646000
4961.396637	778.612000
5016.287244	781.338000
5068.609896	783.938000
5124.144258	786.666000
5174.589112	789.177000
5225.946267	791.687000
5271.736039	793.950000
5320.202690	796.300000
5385.856473	799.545000
5430.351941	801.682000
5485.045833	804.383000
5533.165378	806.688000
5597.546692	809.887000
5632.963759	811.571000
5687.945958	814.309000
5732.094259	816.435000
5814.319734	820.512000
5848.292880	822.142000
5902.001158	824.789000
5937.900024	826.486000
6015.917426	830.260000
6045.049492	831.612000
6130.418455	835.709000
6165.950986	837.345000
6230.780645	840.422000
6253.216299	841.453000
6343.740684	845.705000
6372.451973	847.005000
6464.943033	851.273000
6484.302703	852.137000
6560.295348	855.657000
6588.212261	856.878000
6687.761186	861.510000
6697.937425	861.959000
6794.975548	866.446000
6817.259579	867.425000
6906.503623	871.471000
6919.183792	872.022000
7024.897919	876.717000
7032.603695	877.046000
7149.084377	882.148000
7158.620778	882.547000
7253.933185	886.678000
7269.345853	887.323000
7379.312854	892.037000
7381.786574	892.142000
7502.228084	897.169000
7507.616648	897.393000
7620.772073	902.187000
7624.957940	902.359000
7740.029848	907.125000
7745.256226	907.335000
7865.998838	912.205000
7869.932692	912.361000
7994.360180	917.323000
7998.100875	917.470000
8118.619630	922.229000
8123.246314	922.408000
8246.768146	927.215000
8256.746706	927.604000
8375.305941	932.097000
8389.054126	932.622000
8516.033327	937.407000
8518.928615	937.516000
8643.269026	942.196000
8655.755047	942.662000
8774.430484	947.085000
8791.107071	947.704000
8913.044800	952.164000
8932.756267	952.884000
9056.199539	957.385000
9057.530862	957.434000
9179.681210	961.932000
9208.375482	962.959000
9333.575682	967.435000
9347.426076	967.924000
9469.073164	972.128000
9478.349252	972.451000
9611.883783	977.004000
9642.715270	978.083000
9766.017082	982.195000
9782.703699	982.771000
9900.369227	986.758000
9935.069067	987.924000
10028.749170	991.076000
10081.319950	992.804000
10150.436580	995.084000
10236.309122	997.855000
10247.282799	998.206000
10328.965897	1000.847000
10349.162074	1001.484000
10371.525898	1002.187000
10371.876936	1002.198000
10373.285127	1002.242000
10376.454435	1002.341000
10377.832868	1002.384000
10379.082226	1002.423000
10379.916362	1002.449000
10381.039332	1002.484000
10386.239047	1002.646000
10386.914210	1002.667000
10389.388967	1002.746000
10392.993037	1002.858000
10395.118843	1002.924000
10395.988614	1002.951000
10437.401294	1004.241000
10502.853438	1006.265000
10565.891994	1008.185000
10570.110556	1008.312000
10660.919219	1011.069000
10719.227432	1012.790000
10749.665501	1013.694000
10845.553692	1016.486000
10907.381413	1018.260000
10935.947704	1019.081000
11043.199455	1022.122000
11074.899943	1023.017000
11147.100706	1025.063000
11254.240159	1028.037000
11271.591656	1028.514000
11445.694944	1033.223000
11449.349215	1033.317000
11619.451286	1037.998000
11634.051825	1038.358000
11811.993069	1042.983000
11831.292454	1043.457000
12023.751897	1047.998000
12054.955770	1048.705000
12256.528967	1053.322000
12267.505009	1053.565000
12476.055947	1058.135000
12481.569893	1058.251000
12739.677087	1063.635000
12743.459125	1063.709000
12989.062533	1068.466000
13005.498777	1068.775000
13256.427325	1073.364000
13284.833578	1073.837000
13570.678534	1078.574000
13584.032330	1078.790000
13922.274216	1083.945000
13959.143582	1084.508000
14215.210685	1088.725000
14225.128947	1088.878000
14576.730073	1093.785000
14619.620392	1094.324000
14977.701103	1099.230000
15018.458036	1099.661000
15453.590863	1103.978000
15520.739412	1104.507000
16097.516420	1109.196000
16197.145921	1109.708000
17536.127442	1114.501000
17674.456830	1115.229000
18723.518023	1109.708000
18866.551309	1109.196000
19778.978519	1104.507000
19844.048905	1103.978000
20392.026762	1099.661000
20435.469488	1099.230000
20899.398751	1094.324000
20938.739457	1093.785000
21329.208469	1088.878000
21340.171373	1088.725000
21613.539438	1084.508000
21647.726248	1083.945000
21985.313427	1078.790000
21999.486123	1078.574000
22292.342290	1073.837000
22320.884546	1073.364000
22596.479242	1068.775000
22613.375499	1068.466000
22866.408550	1063.709000
22870.229162	1063.635000
23145.398014	1058.251000
23150.959016	1058.135000
23368.189478	1053.565000
23379.278730	1053.322000
23587.823537	1048.705000
23618.690388	1047.998000
23819.110176	1043.457000
23839.199534	1042.983000
24027.511046	1038.358000
24041.361608	1037.998000
24231.209166	1033.317000
24234.625017	1033.223000
24417.688410	1028.514000
24435.324271	1028.037000
24543.507397	1025.063000
24617.215306	1023.017000
24648.798729	1022.122000
24756.509550	1019.081000
24785.465054	1018.260000
24847.190511	1016.486000
24944.497726	1013.694000
24975.544618	1012.790000
25033.491429	1011.069000
25126.899762	1008.312000
25131.082823	1008.185000
25194.859519	1006.265000
25261.312663	1004.241000
25303.028704	1002.951000
25303.895481	1002.924000
25306.021590	1002.858000
25309.629018	1002.746000
25312.171174	1002.667000
25312.829021	1002.646000
25318.037420	1002.484000
25319.160815	1002.449000
25319.995021	1002.423000
25321.246226	1002.384000
25322.623723	1002.341000
25325.797324	1002.242000
25327.205906	1002.198000
25327.557953	1002.187000
25349.992452	1001.484000
25370.256685	1000.847000
25453.989973	998.206000
25464.846000	997.855000
25551.478647	995.084000
25622.135231	992.804000
25674.518361	991.076000
25770.411359	987.924000
25805.065864	986.758000
25923.717890	982.771000
25940.716973	982.195000
26059.840880	978.083000
26092.195611	977.004000
26222.293628	972.451000
26231.766866	972.128000
26352.499611	967.924000
26366.649331	967.435000
26493.427167	962.959000
26522.153844	961.932000
26647.827489	957.434000
26649.158162	957.385000
26771.449643	952.884000
26791.196179	952.164000
26913.297766	947.704000
26930.221411	947.085000
27049.382221	942.662000
27061.885670	942.196000
27187.281754	937.516000
27190.177716	937.407000
27317.278206	932.622000
27331.210094	932.097000
27448.868372	927.604000
27459.133127	927.215000
27582.441457	922.408000
27587.041084	922.229000
27710.048851	917.470000
27713.771536	917.323000
27840.039066	912.361000
27843.950934	912.205000
27966.757790	907.335000
27971.964350	907.125000
28090.578230	902.359000
28094.731056	902.187000
28211.399934	897.393000
28216.687129	897.169000
28337.617089	892.142000
28340.132776	892.037000
28451.191050	887.323000
28466.237447	886.678000
28564.950211	882.547000
28574.156130	882.148000
28696.097780	877.046000
28703.608980	876.717000
28813.574391	872.022000
28825.980884	871.471000
28919.091529	867.425000
28940.685676	866.446000
29042.818924	861.959000
29052.529225	861.510000
29157.509941	856.878000
29183.751140	855.657000
29264.232332	852.137000
29282.885072	851.273000
29378.518256	847.005000
29406.690322	845.705000
29500.598323	841.453000
29522.548145	840.422000
29589.506929	837.345000
29623.975998	835.709000
29712.959359	831.612000
29741.130908	830.260000
29822.450743	826.486000
29857.531700	824.789000
29913.527161	822.142000
29946.600260	820.512000
30031.574810	816.435000
30074.452259	814.309000
30131.309290	811.571000
30165.125953	809.887000
30232.405763	806.688000
30278.794924	804.383000
30335.181427	801.682000
30378.454603	799.545000
30446.020254	796.300000
30493.566137	793.950000
30540.238490	791.687000
30591.026085	789.177000
30642.403701	786.666000
30697.207986	783.938000
30750.136631	781.338000
30804.994919	778.612000
30844.582202	776.646000
30905.700790	773.590000
30946.957082	771.533000
31005.248750	768.581000
31043.148981	766.695000
31113.942898	763.056000
31146.499171	761.437000
31207.694202	758.249000
31241.111100	756.568000
31311.795938	752.874000
31333.363663	751.774000
31407.888318	747.857000
31437.415907	746.330000
31505.876442	742.696000
31521.359385	741.883000
31607.917528	737.234000
31621.615063	736.508000
31694.234640	732.597000
31714.357476	731.529000
31798.242410	726.956000
31800.075106	726.860000
31887.914886	722.031000
31898.606639	721.468000
31985.223954	716.712000
31986.325772	716.654000
32075.427893	711.800000
32078.781015	711.622000
32172.726869	706.510000
32178.392088	706.200000
32263.619520	701.679000
32266.163900	701.538000
32361.193586	696.486000
32370.732246	695.965000
32458.689328	691.321000
32465.486640	690.946000
32547.091790	686.579000
32562.533272	685.713000
32641.361624	681.456000
32654.283574	680.725000
32737.100580	676.219000
32754.022305	675.264000
32826.833423	671.262000
32844.697105	670.252000
32914.555268	666.365000
32935.689250	665.158000
33007.058022	661.171000
33028.125007	659.955000
33100.007534	655.922000
33124.802315	654.497000
33181.167332	651.291000
33208.159653	649.733000
33275.712569	645.863000
33293.859592	644.808000
33367.454646	640.576000
33387.006868	639.443000
33449.759254	635.831000
33463.109107	635.066000
33543.649637	630.487000
33556.424760	629.762000
33635.513213	625.251000
33644.995449	624.711000
33723.661843	620.156000
33724.205665	620.125000
33814.900104	615.047000
33816.807325	614.938000
33904.488681	609.946000
33907.998182	609.742000
33985.209140	605.275000
34000.703619	604.365000
34071.763457	600.215000
34080.947637	599.676000
34161.076659	594.976000
34178.181679	593.970000
34240.251227	590.322000
34260.423931	589.133000
34324.488061	585.387000
34347.884365	584.004000
34415.309688	580.041000
34442.783148	578.414000
34490.628022	575.583000
34522.333768	573.708000
34577.317501	570.435000
34620.092825	567.944000
34665.794378	565.259000
34697.950224	563.398000
34746.947696	560.510000
34803.052191	557.222000
34835.389981	555.319000
34879.731213	552.740000
34919.364536	550.396000
34975.556743	547.207000
35009.176999	545.240000
35069.292486	541.860000
35096.425676	540.271000
35160.389201	536.643000
35180.384678	535.482000
35248.448972	531.621000
35273.866740	530.132000
35342.813014	526.200000
35356.207656	525.407000
35429.232292	521.262000
35445.111253	520.310000
35521.803395	515.951000
35537.583777	515.009000
35609.919687	510.905000
35614.586025	510.628000
35698.559608	505.892000
35713.551435	504.993000
35787.137798	500.816000
35796.334835	500.264000
35872.864277	495.899000
35878.842548	495.543000
35961.648956	490.828000
35975.257386	490.016000
36047.179352	485.881000
36060.342655	485.093000
36131.857459	481.018000
36138.281573	480.636000
36223.425540	475.799000
36238.947005	474.886000
36307.052140	471.035000
36320.035700	470.271000
36397.466501	465.863000
36405.589738	465.384000
36483.021659	460.935000
36495.219300	460.219000
36571.204512	455.775000
36582.303224	455.120000
36653.288189	450.952000
36661.507308	450.473000
36740.767491	445.844000
36754.509988	445.054000
36827.912341	440.736000
36835.466133	440.307000
36915.821340	435.603000
36918.800174	435.436000
36997.852773	430.860000
37009.604526	430.208000
37090.967412	425.527000
37096.604100	425.214000
37176.865004	420.606000
37179.388436	420.465000
37267.921051	415.453000
37273.068794	415.167000
37357.070741	410.461000
37358.229021	410.396000
37449.543075	405.327000
37453.141833	405.127000
37536.249376	400.448000
37536.446060	400.437000
37628.769851	395.342000
37636.534318	394.906000
37720.000989	390.217000
37722.501099	390.076000
37801.627380	385.599000
37812.986967	384.951000
37898.601514	380.081000
37900.569526	379.967000
37981.911649	375.273000
37990.343337	374.776000
38068.286867	370.228000
38079.485425	369.562000
38155.014314	365.127000
38164.167152	364.580000
38240.291498	360.144000
38250.901991	359.503000
38329.563022	355.093000
38342.353663	354.326000
38421.842617	349.919000
38433.841277	349.213000
38512.762195	344.932000
38527.465700	344.079000
38606.010775	339.886000
38622.397371	338.969000
38706.900927	334.400000
38719.789056	333.681000
38791.095485	329.779000
38811.128175	328.662000
38889.848790	324.327000
38907.094031	323.373000
38982.948271	319.214000
39000.386080	318.264000
39077.313398	314.026000
39097.243530	312.979000
39170.280316	309.113000
39192.464375	307.959000
39269.258557	303.864000
39296.293191	302.446000
39367.255861	298.680000
39383.587014	297.810000
39459.017789	293.920000
39494.238428	292.052000
39557.015016	288.916000
39590.178873	287.172000
39663.035052	283.681000
39694.965375	282.056000
39762.808355	278.949000
39807.373711	276.755000
39869.800790	274.037000
39922.867364	271.601000
39993.599309	268.793000
40042.234837	266.612000
40112.119928	263.996000
40175.777604	261.292000
40238.971422	259.101000
40309.797805	256.228000
40387.060438	253.907000
40469.382693	250.909000
40528.657218	249.006000
40620.687072	245.758000
40666.235312	244.176000
40772.445139	240.610000
40835.372752	238.619000
40927.585432	235.224000
40969.227818	233.968000
41079.462310	230.037000
41120.191376	228.921000
41238.010780	224.914000
41278.441537	223.869000
41416.471035	219.529000
41454.332006	218.704000
41620.574455	214.047000
41629.987218	213.900000
41939.487753	209.540000
42051.114114	208.688000
42733.973964	213.900000
42744.408959	214.047000
43042.607831	218.704000
43072.058125	219.529000
43271.229780	223.869000
43304.464993	224.914000
43459.494701	228.921000
43492.308890	230.037000
43635.773008	233.968000
43670.994204	235.224000
43783.554635	238.619000
43837.632823	240.610000
43950.339938	244.176000
43997.458263	245.758000
44090.973233	249.006000
44144.893434	250.909000
44238.274950	253.907000
44302.007423	256.228000
44397.645314	259.101000
44451.658751	261.292000
44529.648748	263.996000
44591.234724	266.612000
44649.499015	268.793000
44712.116421	271.601000
44773.477894	274.037000
44832.687643	276.755000
44883.079480	278.949000
44946.190036	282.056000
44981.672766	283.681000
45050.268925	287.172000
45086.665710	288.916000
45146.299802	292.052000
45183.693509	293.920000
45257.038416	297.810000
45273.908538	298.680000
45344.601783	302.446000
45371.321131	303.864000
45449.393647	307.959000
45471.034791	309.113000
45545.353310	312.979000
45565.133319	314.026000
45645.805622	318.264000
45663.049829	319.214000
45739.390721	323.373000
45756.790323	324.327000
45835.153129	328.662000
45855.437080	329.779000
45925.416985	333.681000
45938.556228	334.400000
46020.455895	338.969000
46037.415790	339.886000
46112.343812	344.079000
46128.322574	344.932000
46202.115899	349.213000
46215.131121	349.919000
46290.029272	354.326000
46303.863633	355.093000
46377.405650	359.503000
46388.839147	360.144000
46462.268392	364.580000
46471.655231	365.127000
46545.865170	369.562000
46557.207276	370.228000
46633.680310	374.776000
46642.197886	375.273000
46721.832374	379.967000
46723.807875	380.081000
46807.879973	384.951000
46819.271806	385.599000
46897.754632	390.076000
46900.246659	390.217000
46983.388596	394.906000
46991.149626	395.342000
47081.883480	400.437000
47082.082805	400.448000
47165.745169	405.127000
47169.297532	405.327000
47260.508047	410.396000
47261.678971	410.461000
47345.538457	415.167000
47350.643548	415.453000
47440.855047	420.465000
47443.345689	420.606000
47525.813608	425.214000
47531.265358	425.527000
47615.563557	430.208000
47626.896307	430.860000
47709.374865	435.436000
47712.259870	435.603000
47796.166677	440.307000
47803.494990	440.736000
47879.525928	445.054000
47892.955261	445.844000
47973.479332	450.473000
47981.681023	450.952000
48053.199375	455.120000
48064.354642	455.775000
48139.656440	460.219000
48151.898881	460.935000
48227.691204	465.384000
48236.027885	465.863000
48310.782017	470.271000
48324.202419	471.035000
48389.647037	474.886000
48405.793489	475.799000
48488.024955	480.636000
48494.749163	481.018000
48563.278657	485.093000
48577.107778	485.881000
48646.181708	490.016000
48660.305199	490.828000
48739.324596	495.543000
48745.576787	495.899000
48818.877782	500.264000
48828.555732	500.816000
48898.149972	504.993000
48913.987688	505.892000
48992.965767	510.628000
48997.877229	510.905000
49067.013142	515.009000
49083.616560	515.951000
49156.638523	520.310000
49173.387988	521.262000
49242.524854	525.407000
49256.495551	526.200000
49322.911354	530.132000
49349.020460	531.621000
49414.929123	535.482000
49435.396009	536.643000
49497.879722	540.271000
49525.894617	541.860000
49583.610275	545.240000
49618.594643	547.207000
49673.101505	550.396000
49714.404275	552.740000
49758.011075	555.319000
49790.729712	557.222000
49846.602888	560.510000
49895.882018	563.398000
49927.455528	565.259000
49973.849105	567.944000
50016.248572	570.435000
50072.452359	573.708000
50103.950831	575.583000
50151.822280	578.414000
50179.319140	580.041000
50246.238208	584.004000
50269.768166	585.387000
50333.139500	589.133000
50353.473790	590.322000
50415.366157	593.970000
50432.482924	594.976000
50512.397035	599.676000
50521.586299	600.215000
50592.299371	604.365000
50607.881167	605.275000
50683.940330	609.742000
50687.466418	609.946000
50773.345971	614.938000
50775.260488	615.047000
50864.112485	620.125000
50864.666153	620.156000
50944.572892	624.711000
50953.898875	625.251000
51033.110664	629.762000
51045.821621	630.487000
51126.507535	635.066000
51139.963204	635.831000
51202.995449	639.443000
51222.679406	640.576000
51295.711182	644.808000
51314.057775	645.863000
51380.625525	649.733000
51407.821247	651.291000
51463.365137	654.497000
51488.418209	655.922000
51558.591789	659.955000
51580.265271	661.171000
51649.339342	665.158000
51670.945088	666.365000
51739.004567	670.252000
51757.156547	671.262000
51827.939174	675.264000
51845.314141	676.219000
51925.156333	680.725000
51938.591582	681.456000
52013.842937	685.713000
52029.878961	686.579000
52107.746109	690.946000
52114.753650	691.321000
52198.931565	695.965000
52208.799274	696.486000
52301.293155	701.538000
52303.945409	701.679000
52385.527991	706.200000
52391.371942	706.510000
52484.793229	711.622000
52488.064427	711.800000
52579.502937	716.654000
52580.567611	716.712000
52670.916683	721.468000
52681.170162	722.031000
52772.876160	726.860000
52774.622405	726.956000
52861.923646	731.529000
52881.514529	732.597000
52955.204054	736.508000
52968.684446	737.234000
53056.397722	741.883000
53071.534691	742.696000
53140.741350	746.330000
53169.508339	747.857000
53245.251342	751.774000
53266.179890	752.874000
53338.608231	756.568000
53370.774233	758.249000
53434.149051	761.437000
53465.226453	763.056000
53538.402657	766.695000
53575.093322	768.581000
53634.415422	771.533000
53675.033973	773.590000
53736.326743	776.646000
53775.645835	778.612000
53830.536441	781.338000
53882.859093	783.938000
53938.393455	786.666000
53988.838309	789.177000
54040.195464	791.687000
54085.985236	793.950000
54134.451887	796.300000
54200.105670	799.545000
54244.601138	801.682000
54299.295030	804.383000
54347.414575	806.688000
54411.795889	809.887000
54447.212956	811.571000
54502.195155	814.309000
54546.343456	816.435000
54628.568931	820.512000
54662.542077	822.142000
54716.250355	824.789000
54752.149221	826.486000
54830.166623	830.260000
54859.298689	831.612000
54944.667652	835.709000
54980.200183	837.345000
55045.029842	840.422000
55067.465496	841.453000
55157.989881	845.705000
55186.701170	847.005000
55279.192230	851.273000
55298.551900	852.137000
55374.544545	855.657000
55402.461459	856.878000
55502.010383	861.510000
55512.186622	861.959000
55609.224745	866.446000
55631.508776	867.425000
55720.752820	871.471000
55733.432989	872.022000
55839.147116	876.717000
55846.852892	877.046000
55963.333574	882.148000
55972.869975	882.547000
56068.182382	886.678000
56083.595050	887.323000
56193.562051	892.037000
56196.035771	892.142000
56316.477281	897.169000
56321.865845	897.393000
56435.021270	902.187000
56439.207137	902.359000
56554.279045	907.125000
56559.505423	907.335000
56680.248035	912.205000
56684.181889	912.361000
56808.609377	917.323000
56812.350072	917.470000
56932.868827	922.229000
56937.495511	922.408000
57061.017343	927.215000
57070.995903	927.604000
57189.555138	932.097000
57203.303324	932.622000
57330.282524	937.407000
57333.177812	937.516000
57457.518223	942.196000
57470.004244	942.662000
57588.679681	947.085000
57605.356268	947.704000
57727.293997	952.164000
57747.005464	952.884000
57870.448736	957.385000
57871.780059	957.434000
57993.930407	961.932000
58022.624679	962.959000
58147.824879	967.435000
58161.675273	967.924000
58283.322361	972.128000
58292.598449	972.451000
58426.132981	977.004000
58456.964468	978.083000
58580.266279	982.195000
58596.952897	982.771000
58714.618424	986.758000
58749.318264	987.924000
58842.998367	991.076000
58895.569147	992.804000
58964.685777	995.084000
59050.558319	997.855000
59061.531996	998.206000
59143.215094	1000.847000
59163.411271	1001.484000
59185.775095	1002.187000
59186.126133	1002.198000
59187.534324	1002.242000
59190.703632	1002.341000
59192.082065	1002.384000
59193.331423	1002.423000
59194.165559	1002.449000
59195.288529	1002.484000
59200.488244	1002.646000
59201.163407	1002.667000
59203.638165	1002.746000
59207.242234	1002.858000
59209.368040	1002.924000
59210.237811	1002.951000
59251.650491	1004.241000
59317.102635	1006.265000
59380.141191	1008.185000
59384.359753	1008.312000
59475.168416	1011.069000
59533.476629	1012.790000
59563.914698	1013.694000
59659.802889	1016.486000
59721.630610	1018.260000
59750.196901	1019.081000
59857.448652	1022.122000
59889.149140	1023.017000
59961.349903	1025.063000
60068.489356	1028.037000
60085.840853	1028.514000
60259.944142	1033.223000
60263.598412	1033.317000
60433.700484	1037.998000
60448.301022	1038.358000
60626.242266	1042.983000
60645.541651	1043.457000
60838.001094	1047.998000
60869.204967	1048.705000
61070.778164	1053.322000
61081.754206	1053.565000
61290.305144	1058.135000
61295.819090	1058.251000
61553.926284	1063.635000
61557.708322	1063.709000
61803.311730	1068.466000
61819.747974	1068.775000
62070.676523	1073.364000
62099.082775	1073.837000
62384.927731	1078.574000
62398.281527	1078.790000
62736.523413	1083.945000
62773.392779	1084.508000
63029.459882	1088.725000
63039.378145	1088.878000
63390.979270	1093.785000
63433.869590	1094.324000
63791.950300	1099.230000
63832.707233	1099.661000
64267.840060	1103.978000
64334.988609	1104.507000
64911.765617	1109.196000
65011.395118	1109.708000
66350.376639	1114.501000
66488.706027	1115.229000
67537.767221	1109.708000
67680.800506	1109.196000
68593.227716	1104.507000
68658.298102	1103.978000
69206.275959	1099.661000
69249.718685	1099.230000
69713.647948	1094.324000
69752.988654	1093.785000
70143.457666	1088.878000
70154.420571	1088.725000
70427.788635	1084.508000
70461.975445	1083.945000
70799.562624	1078.790000
70813.735320	1078.574000
71106.591487	1073.837000
71135.133743	1073.364000
71410.728439	1068.775000
71427.624696	1068.466000
71680.657747	1063.709000
71684.478359	1063.635000
71959.647211	1058.251000
71965.208213	1058.135000
72182.438676	1053.565000
72193.527927	1053.322000
72402.072735	1048.705000
72432.939585	1047.998000
72633.359373	1043.457000
72653.448731	1042.983000
72841.760243	1038.358000
72855.610805	1037.998000
73045.458364	1033.317000
73048.874214	1033.223000
73231.937607	1028.514000
73249.573468	1028.037000
73357.756594	1025.063000
73431.464503	1023.017000
73463.047926	1022.122000
73570.758747	1019.081000
73599.714251	1018.260000
73661.439709	1016.486000
73758.746923	1013.694000
73789.793816	1012.790000
73847.740626	1011.069000
73941.148959	1008.312000
73945.332021	1008.185000
74009.108716	1006.265000
74075.561860	1004.241000
74117.277901	1002.951000
74118.144678	1002.924000
74120.270787	1002.858000
74123.878215	1002.746000
74126.420371	1002.667000
74127.078218	1002.646000
74132.286617	1002.484000
74133.410012	1002.449000
74134.244218	1002.423000
74135.495423	1002.384000
74136.872920	1002.341000
74140.046522	1002.242000
74141.455103	1002.198000
74141.807151	1002.187000
74164.241649	1001.484000
74184.505882	1000.847000
74268.239170	998.206000
74279.095197	997.855000
74365.727844	995.084000
74436.384428	992.804000
74488.767558	991.076000
74584.660556	987.924000
74619.315061	986.758000
74737.967087	982.771000
74754.966170	982.195000
74874.090077	978.083000
74906.444808	977.004000
75036.542825	972.451000
75046.016063	972.128000
75166.748808	967.924000
75180.898528	967.435000
75307.676364	962.959000
75336.403041	961.932000
75462.076686	957.434000
75463.407359	957.385000
75585.698840	952.884000
75605.445376	952.164000
75727.546963	947.704000
75744.470608	947.085000
75863.631418	942.662000
75876.134867	942.196000
76001.530951	937.516000
76004.426913	937.407000
76131.527404	932.622000
76145.459291	932.097000
76263.117569	927.604000
76273.382324	927.215000
76396.690654	922.408000
76401.290281	922.229000
76524.298048	917.470000
76528.020733	917.323000
76654.288264	912.361000
76658.200131	912.205000
76781.006987	907.335000
76786.213547	907.125000
76904.827427	902.359000
76908.980253	902.187000
77025.649131	897.393000
77030.936326	897.169000
77151.866286	892.142000
77154.381973	892.037000
77265.440247	887.323000
77280.486644	886.678000
77379.199408	882.547000
77388.405327	882.148000
77510.346977	877.046000
77517.858177	876.717000
77627.823589	872.022000
77640.230081	871.471000
77733.340726	867.425000
77754.934873	866.446000
77857.068121	861.959000
77866.778422	861.510000
77971.759138	856.878000
77998.000338	855.657000
78078.481529	852.137000
78097.134269	851.273000
78192.767453	847.005000
78220.939519	845.705000
78314.847520	841.453000
78336.797342	840.422000
78403.756127	837.345000
78438.225195	835.709000
78527.208556	831.612000
78555.380106	830.260000
78636.699940	826.486000
78671.780897	824.789000
78727.776358	822.142000
78760.849457	820.512000
78845.824007	816.435000
78888.701456	814.309000
78945.558487	811.571000
78979.375150	809.887000
79046.654960	806.688000
79093.044121	804.383000
79149.430625	801.682000
79192.703801	799.545000
79260.269451	796.300000
79307.815334	793.950000
79354.487687	791.687000
79405.275282	789.177000
79456.652898	786.666000
79511.457183	783.938000
79564.385828	781.338000
79619.244116	778.612000
79658.831399	776.646000
79719.949987	773.590000
79761.206279	771.533000
79819.497947	768.581000
79857.398178	766.695000
79928.192096	763.056000
79960.748368	761.437000
80021.943399	758.249000
80055.360297	756.568000
80126.045135	752.874000
80147.612860	751.774000
80222.137515	747.857000
80251.665104	746.330000
80320.125640	742.696000
80335.608582	741.883000
80422.166725	737.234000
80435.864260	736.508000
80508.483837	732.597000
80528.606673	731.529000
80612.491607	726.956000
80614.324303	726.860000
80702.164083	722.031000
80712.855836	721.468000
80799.473151	716.712000
80800.574969	716.654000
80889.677090	711.800000
80893.030212	711.622000
80986.976066	706.510000
80992.641285	706.200000
81077.868717	701.679000
81080.413097	701.538000
81175.442783	696.486000
81184.981443	695.965000
81272.938525	691.321000
81279.735837	690.946000
81361.340987	686.579000
81376.782469	685.713000
81455.610821	681.456000
81468.532771	680.725000
81551.349777	676.219000
81568.271503	675.264000
81641.082621	671.262000
81658.946302	670.252000
81728.804465	666.365000
81749.938448	665.158000
81821.307219	661.171000
81842.374204	659.955000
81914.256731	655.922000
81939.051512	654.497000
81995.416529	651.291000
82022.408850	649.733000
82089.961767	645.863000
82108.108789	644.808000
82181.703843	640.576000
82201.256065	639.443000
82264.008451	635.831000
82277.358304	635.066000
82357.898834	630.487000
82370.673957	629.762000
82449.762410	625.251000
82459.244646	624.711000
82537.911040	620.156000
82538.454862	620.125000
82629.149301	615.047000
82631.056522	614.938000
82718.737878	609.946000
82722.247379	609.742000
82799.458337	605.275000
82814.952816	604.365000
82886.012655	600.215000
82895.196834	599.676000
82975.325856	594.976000
82992.430876	593.970000
83054.500424	590.322000
83074.673128	589.133000
83138.737258	585.387000
83162.133562	584.004000
83229.558885	580.041000
83257.032345	578.414000
83304.877219	575.583000
83336.582965	573.708000
83391.566698	570.435000
83434.342022	567.944000
83480.043575	565.259000
83512.199421	563.398000
83561.196894	560.510000
83617.301388	557.222000
83649.639178	555.319000
83693.980410	552.740000
83733.613733	550.396000
83789.805940	547.207000
83823.426196	545.240000
83883.541683	541.860000
83910.674873	540.271000
83974.638398	536.643000
83994.633875	535.482000
84062.698170	531.621000
84088.115937	530.132000
84157.062211	526.200000
84170.456853	525.407000
84243.481489	521.262000
84259.360450	520.310000
84336.052592	515.951000
84351.832975	515.009000
84424.168884	510.905000
84428.835222	510.628000
84512.808805	505.892000
84527.800632	504.993000
84601.386996	500.816000
84610.584032	500.264000
84687.113474	495.899000
84693.091745	495.543000
84775.898153	490.828000
84789.506583	490.016000
84861.428550	485.881000
84874.591852	485.093000
84946.106656	481.018000
84952.530770	480.636000
85037.674737	475.799000
85053.196202	474.886000
85121.301337	471.035000
85134.284897	470.271000
85211.715698	465.863000
85219.838935	465.384000
85297.270856	460.935000
85309.468497	460.219000
85385.453709	455.775000
85396.552421	455.120000
85467.537386	450.952000
85475.756505	450.473000
85555.016688	445.844000
85568.759185	445.054000
85642.161538	440.736000
85649.715330	440.307000
85730.070537	435.603000
85733.049371	435.436000
85812.101971	430.860000
85823.853723	430.208000
85905.216609	425.527000
85910.853297	425.214000
85991.114201	420.606000
85993.637633	420.465000
86082.170248	415.453000
86087.317991	415.167000
86171.319938	410.461000
86172.478218	410.396000
86263.792272	405.327000
86267.391030	405.127000
86350.498573	400.448000
86350.695257	400.437000
86443.019048	395.342000
86450.783515	394.906000
86534.250186	390.217000
86536.750296	390.076000
86615.876577	385.599000
86627.236164	384.951000
86712.850711	380.081000
86714.818723	379.967000
86796.160846	375.273000
86804.592534	374.776000
86882.536064	370.228000
86893.734622	369.562000
86969.263511	365.127000
86978.416349	364.580000
87054.540695	360.144000
87065.151188	359.503000
87143.812219	355.093000
87156.602860	354.326000
87236.091815	349.919000
87248.090475	349.213000
87327.011392	344.932000
87341.714897	344.079000
87420.259972	339.886000
87436.646568	338.969000
87521.150124	334.400000
87534.038253	333.681000
87605.344683	329.779000
87625.377372	328.662000
87704.097987	324.327000
87721.343228	323.373000
87797.197468	319.214000
87814.635277	318.264000
87891.562595	314.026000
87911.492727	312.979000
87984.529513	309.113000
88006.713572	307.959000
88083.507754	303.864000
88110.542388	302.446000
88181.505058	298.680000
88197.836211	297.810000
88273.266986	293.920000
88308.487626	292.052000
88371.264213	288.916000
88404.428071	287.172000
88477.284249	283.681000
88509.214573	282.056000
88577.057552	278.949000
88621.622908	276.755000
88684.049987	274.037000
88737.116561	271.601000
88807.848506	268.793000
88856.484034	266.612000
88926.369126	263.996000
88990.026801	261.292000
89053.220619	259.101000
89124.047002	256.228000
89201.309635	253.907000
89283.631890	250.909000
89342.906415	249.006000
89434.936269	245.758000
89480.484509	244.176000
89586.694336	240.610000
89649.621949	238.619000
89741.834629	235.224000
89783.477015	233.968000
89893.711507	230.037000
89934.440573	228.921000
90052.259977	224.914000
90092.690734	223.869000
90230.720232	219.529000
90268.581203	218.704000
90434.823652	214.047000
90444.236415	213.900000
90753.736950	209.540000
90865.363311	208.688000
91548.223161	213.900000
91558.658156	214.047000
91856.857028	218.704000
91886.307322	219.529000
92085.478977	223.869000
92118.714190	224.914000
92273.743898	228.921000
92306.558087	230.037000
92450.022205	233.968000
92485.243401	235.224000
92597.803832	238.619000
92651.882020	240.610000
92764.589135	244.176000
92811.707460	245.758000
92905.222430	249.006000
92959.142631	250.909000
93052.524148	253.907000
93116.256620	256.228000
93211.894511	259.101000
93265.907949	261.292000
93343.897945	263.996000
93405.483921	266.612000
93463.748212	268.793000
93526.365618	271.601000
93587.727092	274.037000
93646.936840	276.755000
93697.328677	278.949000
93760.439233	282.056000
93795.921963	283.681000
93864.518122	287.172000
93900.914907	288.916000
93960.548999	292.052000
93997.942706	293.920000
94071.287613	297.810000
94088.157735	298.680000
94158.850980	302.446000
94185.570328	303.864000
94263.642844	307.959000
94285.283988	309.113000
94359.602507	312.979000
94379.382516	314.026000
94460.054819	318.264000
94477.299026	319.214000
94553.639918	323.373000
94571.039520	324.327000
94649.402326	328.662000
94669.686277	329.779000
94739.666183	333.681000
94752.805425	334.400000
94834.705092	338.969000
94851.664987	339.886000
94926.593009	344.079000
94942.571771	344.932000
95016.365096	349.213000
95029.380318	349.919000
95104.278470	354.326000
95118.112830	355.093000
95191.654847	359.503000
95203.088344	360.144000
95276.517589	364.580000
95285.904428	365.127000
95360.114367	369.562000
95371.456473	370.228000
95447.929507	374.776000
95456.447083	375.273000
95536.081571	379.967000
95538.057072	380.081000
95622.129171	384.951000
95633.521004	385.599000
95712.003829	390.076000
95714.495856	390.217000
95797.637793	394.906000
95805.398823	395.342000
95896.132677	400.437000
95896.332003	400.448000
95979.994366	405.127000
95983.546730	405.327000
96074.757244	410.396000
96075.928168	410.461000
96159.787654	415.167000
96164.892745	415.453000
96255.104244	420.465000
96257.594886	420.606000
96340.062805	425.214000
96345.514555	425.527000
96429.812754	430.208000
96441.145504	430.860000
96523.624062	435.436000
96526.509067	435.603000
96610.415874	440.307000
96617.744187	440.736000
96693.775125	445.054000
96707.204458	445.844000
96787.728529	450.473000
96795.930220	450.952000
96867.448572	455.120000
96878.603839	455.775000
96953.905637	460.219000
96966.148079	460.935000
97041.940402	465.384000
97050.277082	465.863000
97125.031214	470.271000
97138.451616	471.035000
97203.896234	474.886000
97220.042686	475.799000
97302.274152	480.636000
97308.998360	481.018000
97377.527855	485.093000
97391.356975	485.881000
97460.430905	490.016000
97474.554396	490.828000
97553.573793	495.543000
97559.825984	495.899000
97633.126979	500.264000
97642.804929	500.816000
97712.399169	504.993000
97728.236885	505.892000
97807.214964	510.628000
97812.126426	510.905000
97881.262340	515.009000
97897.865758	515.951000
97970.887720	520.310000
97987.637185	521.262000
98056.774051	525.407000
98070.744748	526.200000
98137.160551	530.132000
98163.269657	531.621000
98229.178321	535.482000
98249.645206	536.643000
98312.128919	540.271000
98340.143814	541.860000
98397.859472	545.240000
98432.843840	547.207000
98487.350702	550.396000
98528.653472	552.740000
98572.260272	555.319000
98604.978909	557.222000
98660.852085	560.510000
98710.131215	563.398000
98741.704725	565.259000
98788.098302	567.944000
98830.497769	570.435000
98886.701556	573.708000
98918.200028	575.583000
98966.071477	578.414000
98993.568337	580.041000
99060.487405	584.004000
99084.017363	585.387000
99147.388698	589.133000
99167.722987	590.322000
99229.615354	593.970000
99246.732121	594.976000
99326.646232	599.676000
99335.835497	600.215000
99406.548568	604.365000
99422.130364	605.275000
99498.189527	609.742000
99501.715615	609.946000
99587.595168	614.938000
99589.509685	615.047000
99678.361682	620.125000
99678.915350	620.156000
99758.822089	624.711000
99768.148072	625.251000
99847.359861	629.762000
99860.070818	630.487000
99940.756732	635.066000
99954.212401	635.831000
100017.244646	639.443000
100036.928603	640.576000
100109.960379	644.808000
100128.306972	645.863000
100194.874722	649.733000
100222.070444	651.291000
100277.614334	654.497000
100302.667406	655.922000
100372.840986	659.955000
100394.514468	661.171000
100463.588540	665.158000
100485.194285	666.365000
100553.253764	670.252000
100571.405744	671.262000
100642.188371	675.264000
100659.563338	676.219000
100739.405530	680.725000
100752.840779	681.456000
100828.092134	685.713000
100844.128158	686.579000
100921.995306	690.946000
100929.002847	691.321000
101013.180762	695.965000
101023.048471	696.486000
101115.542352	701.538000
101118.194606	701.679000
101199.777188	706.200000
101205.621139	706.510000
101299.042426	711.622000
101302.313624	711.800000
101393.752135	716.654000
101394.816808	716.712000
101485.165880	721.468000
101495.419359	722.031000
101587.125357	726.860000
101588.871602	726.956000
101676.172843	731.529000
101695.763726	732.597000
101769.453251	736.508000
101782.933643	737.234000
101870.646919	741.883000
101885.783888	742.696000
101954.990547	746.330000
101983.757536	747.857000
102059.500540	751.774000
102080.429087	752.874000
102152.857428	756.568000
102185.023430	758.249000
102248.398248	761.437000
102279.475650	763.056000
102352.651855	766.695000
102389.342519	768.581000
102448.664619	771.533000
102489.283170	773.590000
102550.575940	776.646000
102589.895032	778.612000
102644.785638	781.338000
102697.108290	783.938000
102752.642652	786.666000
102803.087506	789.177000
102854.444661	791.687000
102900.234433	793.950000
102948.701084	796.300000
103014.354867	799.545000
103058.850335	801.682000
103113.544228	804.383000
103161.663772	806.688000
103226.045086	809.887000
103261.462153	811.571000
103316.444352	814.309000
103360.592653	816.435000
103442.818128	820.512000
103476.791274	822.142000
103530.499552	824.789000
103566.398418	826.486000
103644.415820	830.260000
103673.547886	831.612000
103758.916849	835.709000
103794.449380	837.345000
103859.279039	840.422000
103881.714693	841.453000
103972.239078	845.705000
104000.950367	847.005000
104093.441427	851.273000
104112.801097	852.137000
104188.793742	855.657000
104216.710656	856.878000
104316.259580	861.510000
104326.435820	861.959000
104423.473942	866.446000
104445.757973	867.425000
104535.002017	871.471000
104547.682187	872.022000
104653.396313	876.717000
104661.102089	877.046000
104777.582771	882.148000
104787.119172	882.547000
104882.431579	886.678000
104897.844247	887.323000
105007.811248	892.037000
105010.284968	892.142000
105130.726478	897.169000
105136.115042	897.393000
105249.270467	902.187000
105253.456334	902.359000
105368.528243	907.125000
105373.754620	907.335000
105494.497232	912.205000
105498.431086	912.361000
105622.858574	917.323000
105626.599269	917.470000
105747.118024	922.229000
105751.744708	922.408000
105875.266540	927.215000
105885.245100	927.604000
106003.804335	932.097000
106017.552521	932.622000
106144.531721	937.407000
106147.427009	937.516000
106271.767420	942.196000
106284.253441	942.662000
106402.928878	947.085000
106419.605465	947.704000
106541.543194	952.164000
106561.254661	952.884000
106684.697934	957.385000
106686.029256	957.434000
106808.179604	961.932000
106836.873876	962.959000
106962.074076	967.435000
106975.924470	967.924000
107097.571558	972.128000
107106.847646	972.451000
107240.382178	977.004000
107271.213665	978.083000
107394.515476	982.195000
107411.202094	982.771000
107528.867622	986.758000
107563.567462	987.924000
107657.247564	991.076000
107709.818344	992.804000
107778.934975	995.084000
107864.807516	997.855000
107875.781193	998.206000
107957.464291	1000.847000
107977.660469	1001.484000
108000.024292	1002.187000
108000.375330	1002.198000
108001.783522	1002.242000
108004.952829	1002.341000
108006.331262	1002.384000
108007.580620	1002.423000
108008.414756	1002.449000
108009.537726	1002.484000
108014.737441	1002.646000
108015.412604	1002.667000
108017.887362	1002.746000
108021.491431	1002.858000
108023.617237	1002.924000
108024.487009	1002.951000
108065.899688	1004.241000
108131.351832	1006.265000
108194.390388	1008.185000
108198.608951	1008.312000
108289.417614	1011.069000
108347.725826	1012.790000
108378.163895	1013.694000
108474.052086	1016.486000
108535.879807	1018.260000
108564.446098	1019.081000
108671.697849	1022.122000
108703.398337	1023.017000
108775.599101	1025.063000
108882.738553	1028.037000
108900.090050	1028.514000
109074.193339	1033.223000
109077.847609	1033.317000
109247.949681	1037.998000
109262.550219	1038.358000
109440.491463	1042.983000
109459.790848	1043.457000
109652.250291	1047.998000
109683.454164	1048.705000
109885.027361	1053.322000
109896.003403	1053.565000
110104.554341	1058.135000
110110.068287	1058.251000
110368.175481	1063.635000
110371.957520	1063.709000
110617.560927	1068.466000
110633.997171	1068.775000
110884.925720	1073.364000
110913.331972	1073.837000
111199.176928	1078.574000
111212.530724	1078.790000
111550.772610	1083.945000
111587.641976	1084.508000
111843.709079	1088.725000
111853.627342	1088.878000
112205.228467	1093.785000
112248.118787	1094.324000
112606.199497	1099.230000
112646.956430	1099.661000
113082.089257	1103.978000
113149.237806	1104.507000
113726.014814	1109.196000
113825.644315	1109.708000
115164.625836	1114.501000
115302.955224	1115.229000
116352.016418	1109.708000
116495.049703	1109.196000
117407.476913	1104.507000
117472.547299	1103.978000
118020.525156	1099.661000
118063.967883	1099.230000
118527.897145	1094.324000
118567.237851	1093.785000
118957.706863	1088.878000
118968.669768	1088.725000
119242.037832	1084.508000
119276.224642	1083.945000
119613.811821	1078.790000
119627.984517	1078.574000
119920.840684	1073.837000
119949.382940	1073.364000
120224.977636	1068.775000
120241.873893	1068.466000
120494.906944	1063.709000
120498.727557	1063.635000
120773.896408	1058.251000
120779.457410	1058.135000
120996.687873	1053.565000
121007.777124	1053.322000
121216.321932	1048.705000
121247.188782	1047.998000
121447.608570	1043.457000
121467.697928	1042.983000
121656.009440	1038.358000
121669.860002	1037.998000
121859.707561	1033.317000
121863.123411	1033.223000
122046.186804	1028.514000
122063.822665	1028.037000
122172.005792	1025.063000
122245.713700	1023.017000
122277.297123	1022.122000
122385.007944	1019.081000
122413.963448	1018.260000
122475.688906	1016.486000
122572.996120	1013.694000
122604.043013	1012.790000
122661.989823	1011.069000
122755.398156	1008.312000
122759.581218	1008.185000
122823.357914	1006.265000
122889.811058	1004.241000
122931.527098	1002.951000
122932.393875	1002.924000
122934.519984	1002.858000
122938.127412	1002.746000
122940.669568	1002.667000
122941.327415	1002.646000
122946.535814	1002.484000
122947.659209	1002.449000
122948.493415	1002.423000
122949.744620	1002.384000
122951.122117	1002.341000
122954.295719	1002.242000
122955.704300	1002.198000
122956.056348	1002.187000
122978.490846	1001.484000
122998.755079	1000.847000
123082.488367	998.206000
123093.344395	997.855000
123179.977041	995.084000
123250.633625	992.804000
123303.016755	991.076000
123398.909753	987.924000
123433.564258	986.758000
123552.216284	982.771000
123569.215367	982.195000
123688.339274	978.083000
123720.694005	977.004000
123850.792022	972.451000
123860.265260	972.128000
123980.998005	967.924000
123995.147725	967.435000
124121.925561	962.959000
124150.652238	961.932000
124276.325883	957.434000
124277.656556	957.385000
124399.948037	952.884000
124419.694573	952.164000
124541.796161	947.704000
124558.719805	947.085000
124677.880615	942.662000
124690.384064	942.196000
124815.780148	937.516000
124818.676111	937.407000
124945.776601	932.622000
124959.708488	932.097000
125077.366766	927.604000
125087.631521	927.215000
125210.939851	922.408000
125215.539478	922.229000
125338.547246	917.470000
125342.269930	917.323000
125468.537461	912.361000
125472.449328	912.205000
125595.256184	907.335000
125600.462744	907.125000
125719.076624	902.359000
125723.229450	902.187000
125839.898328	897.393000
125845.185523	897.169000
125966.115483	892.142000
125968.631170	892.037000
126079.689444	887.323000
126094.735841	886.678000
126193.448605	882.547000
126202.654524	882.148000
126324.596174	877.046000
126332.107375	876.717000
126442.072786	872.022000
126454.479279	871.471000
126547.589924	867.425000
126569.184071	866.446000
126671.317319	861.959000
126681.027619	861.510000
126786.008335	856.878000
126812.249535	855.657000
126892.730726	852.137000
126911.383466	851.273000
127007.016650	847.005000
127035.188716	845.705000
127129.096717	841.453000
127151.046539	840.422000
127218.005324	837.345000
127252.474392	835.709000
127341.457753	831.612000
127369.629303	830.260000
127450.949137	826.486000
127486.030094	824.789000
127542.025555	822.142000
127575.098654	820.512000
127660.073204	816.435000
127702.950653	814.309000
127759.807685	811.571000
127793.624347	809.887000
127860.904157	806.688000
127907.293318	804.383000
127963.679822	801.682000
128006.952998	799.545000
128074.518648	796.300000
128122.064531	793.950000
128168.736884	791.687000
128219.524479	789.177000
128270.902095	786.666000
128325.706381	783.938000
128378.635025	781.338000
128433.493313	778.612000
128473.080596	776.646000
128534.199184	773.590000
128575.455476	771.533000
128633.747144	768.581000
128671.647375	766.695000
128742.441293	763.056000
128774.997565	761.437000
128836.192597	758.249000
128869.609494	756.568000
128940.294332	752.874000
128961.862057	751.774000
129036.386712	747.857000
129065.914301	746.330000
129134.374837	742.696000
129149.857779	741.883000
129236.415922	737.234000
129250.113457	736.508000
129322.733034	732.597000
129342.855870	731.529000
129426.740804	726.956000
129428.573500	726.860000
129516.413280	722.031000
129527.105033	721.468000
129613.722348	716.712000
129614.824166	716.654000
129703.926287	711.800000
129707.279409	711.622000
129801.225263	706.510000
129806.890482	706.200000
129892.117914	701.679000
129894.662294	701.538000
129989.691980	696.486000
129999.230640	695.965000
130087.187722	691.321000
130093.985034	690.946000
130175.590184	686.579000
130191.031666	685.713000
130269.860018	681.456000
130282.781968	680.725000
130365.598975	676.219000
130382.520700	675.264000
130455.331818	671.262000
130473.195499	670.252000
130543.053662	666.365000
130564.187645	665.158000
130635.556416	661.171000
130656.623401	659.955000
130728.505928	655.922000
130753.300709	654.497000
130809.665726	651.291000
130836.658047	649.733000
130904.210964	645.863000
130922.357986	644.808000
130995.953040	640.576000
131015.505262	639.443000
131078.257648	635.831000
131091.607501	635.066000
131172.148031	630.487000
131184.923154	629.762000
131264.011607	625.251000
131273.493843	624.711000
131352.160237	620.156000
131352.704059	620.125000
131443.398498	615.047000
131445.305719	614.938000
131532.987075	609.946000
131536.496576	609.742000
131613.707534	605.275000
131629.202013	604.365000
131700.261852	600.215000
131709.446031	599.676000
131789.575053	594.976000
131806.680073	593.970000
131868.749622	590.322000
131888.922326	589.133000
131952.986455	585.387000
131976.382759	584.004000
132043.808082	580.041000
132071.281542	578.414000
132119.126416	575.583000
132150.832162	573.708000
132205.815895	570.435000
132248.591219	567.944000
132294.292772	565.259000
132326.448618	563.398000
132375.446091	560.510000
132431.550585	557.222000
132463.888375	555.319000
132508.229607	552.740000
132547.862930	550.396000
132604.055137	547.207000
132637.675393	545.240000
132697.790880	541.860000
132724.924070	540.271000
132788.887595	536.643000
132808.883072	535.482000
132876.947367	531.621000
132902.365134	530.132000
132971.311408	526.200000
132984.706050	525.407000
133057.730686	521.262000
133073.609648	520.310000
133150.301789	515.951000
133166.082172	515.009000
133238.418082	510.905000
133243.084419	510.628000
133327.058002	505.892000
133342.049829	504.993000
133415.636193	500.816000
133424.833229	500.264000
133501.362671	495.899000
133507.340942	495.543000
133590.147350	490.828000
133603.755780	490.016000
133675.677747	485.881000
133688.841049	485.093000
133760.355853	481.018000
133766.779967	480.636000
133851.923934	475.799000
133867.445399	474.886000
133935.550534	471.035000
133948.534094	470.271000
134025.964895	465.863000
134034.088133	465.384000
134111.520053	460.935000
134123.717694	460.219000
134199.702906	455.775000
134210.801618	455.120000
134281.786583	450.952000
134290.005702	450.473000
134369.265886	445.844000
134383.008382	445.054000
134456.410735	440.736000
134463.964527	440.307000
134544.319734	435.603000
134547.298569	435.436000
134626.351168	430.860000
134638.102920	430.208000
134719.465806	425.527000
134725.102494	425.214000
134805.363398	420.606000
134807.886830	420.465000
134896.419445	415.453000
134901.567188	415.167000
134985.569135	410.461000
134986.727415	410.396000
135078.041469	405.327000
135081.640227	405.127000
135164.747770	400.448000
135164.944454	400.437000
135257.268245	395.342000
135265.032712	394.906000
135348.499384	390.217000
135350.999493	390.076000
135430.125774	385.599000
135441.485361	384.951000
135527.099908	380.081000
135529.067920	379.967000
135610.410044	375.273000
135618.841731	374.776000
135696.785261	370.228000
135707.983819	369.562000
135783.512708	365.127000
135792.665546	364.580000
135868.789892	360.144000
135879.400385	359.503000
135958.061416	355.093000
135970.852057	354.326000
136050.341012	349.919000
136062.339672	349.213000
136141.260589	344.932000
136155.964094	344.079000
136234.509169	339.886000
136250.895765	338.969000
136335.399321	334.400000
136348.287450	333.681000
136419.593880	329.779000
136439.626569	328.662000
136518.347184	324.327000
136535.592425	323.373000
136611.446665	319.214000
136628.884474	318.264000
136705.811792	314.026000
136725.741924	312.979000
136798.778710	309.113000
136820.962769	307.959000
136897.756951	303.864000
136924.791585	302.446000
136995.754255	298.680000
137012.085408	297.810000
137087.516183	293.920000
137122.736823	292.052000
137185.513411	288.916000
137218.677268	287.172000
137291.533446	283.681000
137323.463770	282.056000
137391.306749	278.949000
137435.872105	276.755000
137498.299184	274.037000
137551.365758	271.601000
137622.097703	268.793000
137670.733231	266.612000
137740.618323	263.996000
137804.275998	261.292000
137867.469816	259.101000
137938.296199	256.228000
138015.558832	253.907000
138097.881087	250.909000
138157.155612	249.006000
138249.185467	245.758000
138294.733706	244.176000
138400.943534	240.610000
138463.871146	238.619000
138556.083826	235.224000
138597.726212	233.968000
138707.960705	230.037000
138748.689770	228.921000
138866.509174	224.914000
138906.939931	223.869000
139044.969429	219.529000
139082.830400	218.704000
139249.072849	214.047000
139258.485612	213.900000
139567.986148	209.540000
139679.612508	208.688000
140362.472358	213.900000
140372.907353	214.047000
140671.106225	218.704000
140700.556519	219.529000
140899.728174	223.869000
140932.963387	224.914000
141087.993095	228.921000
141120.807284	230.037000
141264.271402	233.968000
141299.492598	235.224000
141412.053030	238.619000
141466.131217	240.610000
141578.838332	244.176000
141625.956657	245.758000
141719.471627	249.006000
141773.391828	250.909000
141866.773345	253.907000
141930.505818	256.228000
142026.143708	259.101000
142080.157146	261.292000
142158.147142	263.996000
142219.733118	266.612000
142277.997409	268.793000
142340.614815	271.601000
142401.976289	274.037000
142461.186038	276.755000
142511.577874	278.949000
142574.688430	282.056000
142610.171160	283.681000
142678.767319	287.172000
142715.164104	288.916000
142774.798196	292.052000
142812.191903	293.920000
142885.536810	297.810000
142902.406932	298.680000
142973.100177	302.446000
142999.819525	303.864000
143077.892041	307.959000
143099.533185	309.113000
143173.851705	312.979000
143193.631714	314.026000
143274.304016	318.264000
143291.548223	319.214000
143367.889115	323.373000
143385.288717	324.327000
143463.651523	328.662000
143483.935474	329.779000
143553.915380	333.681000
143567.054622	334.400000
143648.954289	338.969000
143665.914185	339.886000
143740.842207	344.079000
143756.820969	344.932000
143830.614293	349.213000
143843.629516	349.919000
143918.527667	354.326000
143932.362028	355.093000
144005.904044	359.503000
144017.337541	360.144000
144090.766786	364.580000
144100.153625	365.127000
144174.363564	369.562000
144185.705670	370.228000
144262.178704	374.776000
144270.696280	375.273000
144350.330768	379.967000
144352.306269	380.081000
144436.378368	384.951000
144447.770201	385.599000
144526.253026	390.076000
144528.745054	390.217000
144611.886990	394.906000
144619.648020	395.342000
144710.381875	400.437000
144710.581200	400.448000
144794.243563	405.127000
144797.795927	405.327000
144889.006441	410.396000
144890.177365	410.461000
144974.036851	415.167000
144979.141942	415.453000
145069.353441	420.465000
145071.844083	420.606000
145154.312002	425.214000
145159.763752	425.527000
145244.061951	430.208000
145255.394701	430.860000
145337.873259	435.436000
145340.758264	435.603000
145424.665071	440.307000
145431.993384	440.736000
145508.024322	445.054000
145521.453655	445.844000
145601.977726	450.473000
145610.179417	450.952000
145681.697770	455.120000
145692.853036	455.775000
145768.154834	460.219000
145780.397276	460.935000
145856.189599	465.384000
145864.526279	465.863000
145939.280411	470.271000
145952.700813	471.035000
146018.145431	474.886000
146034.291883	475.799000
146116.523349	480.636000
146123.247558	481.018000
146191.777052	485.093000
146205.606172	485.881000
146274.680102	490.016000
146288.803593	490.828000
146367.822990	495.543000
146374.075181	495.899000
146447.376176	500.264000
146457.054126	500.816000
146526.648366	504.993000
146542.486082	505.892000
146621.464161	510.628000
146626.375623	510.905000
146695.511537	515.009000
146712.114955	515.951000
146785.136917	520.310000
146801.886382	521.262000
146871.023249	525.407000
146884.993945	526.200000
146951.409748	530.132000
146977.518854	531.621000
147043.427518	535.482000
147063.894404	536.643000
147126.378116	540.271000
147154.393011	541.860000
147212.108669	545.240000
147247.093037	547.207000
147301.599900	550.396000
147342.902669	552.740000
147386.509470	555.319000
147419.228106	557.222000
147475.101282	560.510000
147524.380412	563.398000
147555.953922	565.259000
147602.347499	567.944000
147644.746966	570.435000
147700.950753	573.708000
147732.449225	575.583000
147780.320674	578.414000
147807.817534	580.041000
147874.736602	584.004000
147898.266560	585.387000
147961.637895	589.133000
147981.972184	590.322000
148043.864551	593.970000
148060.981318	594.976000
148140.895429	599.676000
148150.084694	600.215000
148220.797765	604.365000
148236.379561	605.275000
148312.438724	609.742000
148315.964812	609.946000
148401.844365	614.938000
148403.758882	615.047000
148492.610879	620.125000
148493.164547	620.156000
148573.071286	624.711000
148582.397270	625.251000
148661.609058	629.762000
148674.320015	630.487000
148755.005929	635.066000
148768.461598	635.831000
148831.493843	639.443000
148851.177800	640.576000
148924.209576	644.808000
148942.556169	645.863000
149009.123919	649.733000
149036.319641	651.291000
149091.863531	654.497000
149116.916603	655.922000
149187.090183	659.955000
149208.763665	661.171000
149277.837737	665.158000
149299.443482	666.365000
149367.502961	670.252000
149385.654941	671.262000
149456.437568	675.264000
149473.812535	676.219000
149553.654727	680.725000
149567.089976	681.456000
149642.341331	685.713000
149658.377355	686.579000
149736.244503	690.946000
149743.252044	691.321000
149827.429959	695.965000
149837.297668	696.486000
149929.791549	701.538000
149932.443803	701.679000
150014.026385	706.200000
150019.870336	706.510000
150113.291623	711.622000
150116.562821	711.800000
150208.001332	716.654000
150209.066005	716.712000
150299.415077	721.468000
150309.668556	722.031000
150401.374554	726.860000
150403.120799	726.956000
150490.422040	731.529000
150510.012924	732.597000
150583.702448	736.508000
150597.182840	737.234000
150684.896116	741.883000
150700.033085	742.696000
150769.239744	746.330000
150798.006733	747.857000
150873.749737	751.774000
150894.678284	752.874000
150967.106625	756.568000
150999.272627	758.249000
151062.647445	761.437000
151093.724847	763.056000
151166.901052	766.695000
151203.591716	768.581000
151262.913816	771.533000
151303.532367	773.590000
151364.825137	776.646000
151404.144229	778.612000
151459.034835	781.338000
151511.357488	783.938000
151566.891850	786.666000
151617.336703	789.177000
151668.693858	791.687000
151714.483630	793.950000
151762.950281	796.300000
151828.604064	799.545000
151873.099532	801.682000
151927.793425	804.383000
151975.912969	806.688000
152040.294283	809.887000
152075.711350	811.571000
152130.693549	814.309000
152174.841850	816.435000
152257.067325	820.512000
152291.040471	822.142000
152344.748750	824.789000
152380.647615	826.486000
152458.665017	830.260000
152487.797083	831.612000
152573.166046	835.709000
152608.698577	837.345000
152673.528236	840.422000
152695.963890	841.453000
152786.488275	845.705000
152815.199565	847.005000
152907.690624	851.273000
152927.050294	852.137000
153003.042939	855.657000
153030.959853	856.878000
153130.508777	861.510000
153140.685017	861.959000
153237.723139	866.446000
153260.007171	867.425000
153349.251214	871.471000
153361.931384	872.022000
153467.645510	876.717000
153475.351287	877.046000
153591.831968	882.148000
153601.368369	882.547000
153696.680776	886.678000
153712.093444	887.323000
153822.060445	892.037000
153824.534165	892.142000
153944.975675	897.169000
153950.364239	897.393000
154063.519664	902.187000
154067.705531	902.359000
154182.777440	907.125000
154188.003817	907.335000
154308.746429	912.205000
154312.680283	912.361000
154437.107771	917.323000
154440.848466	917.470000
154561.367221	922.229000
154565.993905	922.408000
154689.515737	927.215000
154699.494297	927.604000
154818.053533	932.097000
154831.801718	932.622000
154958.780919	937.407000
154961.676207	937.516000
155086.016618	942.196000
155098.502638	942.662000
155217.178076	947.085000
155233.854662	947.704000
155355.792391	952.164000
155375.503858	952.884000
155498.947131	957.385000
155500.278453	957.434000
155622.428801	961.932000
155651.123073	962.959000
155776.323274	967.435000
155790.173667	967.924000
155911.820755	972.128000
155921.096844	972.451000
156054.631375	977.004000
156085.462862	978.083000
156208.764673	982.195000
156225.451291	982.771000
156343.116819	986.758000
156377.816659	987.924000
156471.496761	991.076000
156524.067542	992.804000
156593.184172	995.084000
156679.056713	997.855000
156690.030390	998.206000
156771.713488	1000.847000
156791.909666	1001.484000
156814.273490	1002.187000
156814.624527	1002.198000
156816.032719	1002.242000
156819.202026	1002.341000
156820.580459	1002.384000
156821.829817	1002.423000
156822.663953	1002.449000
156823.786923	1002.484000
156828.986638	1002.646000
156829.661801	1002.667000
156832.136559	1002.746000
156835.740628	1002.858000
156837.866434	1002.924000
156838.736206	1002.951000
156880.148885	1004.241000
156945.601029	1006.265000
157008.639585	1008.185000
157012.858148	1008.312000
157103.666811	1011.069000
157161.975023	1012.790000
157192.413092	1013.694000
157288.301283	1016.486000
157350.129004	1018.260000
157378.695295	1019.081000
157485.947046	1022.122000
157517.647534	1023.017000
157589.848298	1025.063000
157696.987750	1028.037000
157714.339247	1028.514000
157888.442536	1033.223000
157892.096806	1033.317000
158062.198878	1037.998000
158076.799416	1038.358000
158254.740660	1042.983000
158274.040045	1043.457000
158466.499488	1047.998000
158497.703362	1048.705000
158699.276558	1053.322000
158710.252601	1053.565000
158918.803538	1058.135000
158924.317484	1058.251000
159182.424678	1063.635000
159186.206717	1063.709000
159431.810124	1068.466000
159448.246368	1068.775000
159699.174917	1073.364000
159727.581169	1073.837000
160013.426125	1078.574000
160026.779921	1078.790000
160365.021807	1083.945000
160401.891173	1084.508000
160657.958276	1088.725000
160667.876539	1088.878000
161019.477664	1093.785000
161062.367984	1094.324000
161420.448694	1099.230000
161461.205627	1099.661000
161896.338454	1103.978000
161963.487003	1104.507000
162540.264011	1109.196000
162639.893512	1109.708000
163978.875034	1114.501000
164117.204421	1115.229000
165166.265615	1109.708000
165309.298901	1109.196000
166221.726110	1104.507000
166286.796496	1103.978000
166834.774354	1099.661000
166878.217080	1099.230000
167342.146342	1094.324000
167381.487048	1093.785000
167771.956060	1088.878000
167782.918965	1088.725000
168056.287029	1084.508000
168090.473839	1083.945000
168428.061018	1078.790000
168442.233714	1078.574000
168735.089881	1073.837000
168763.632137	1073.364000
169039.226834	1068.775000
169056.123090	1068.466000
169309.156141	1063.709000
169312.976754	1063.635000
169588.145605	1058.251000
169593.706607	1058.135000
169810.937070	1053.565000
169822.026321	1053.322000
170030.571129	1048.705000
170061.437980	1047.998000
170261.857767	1043.457000
170281.947125	1042.983000
170470.258637	1038.358000
170484.109199	1037.998000
170673.956758	1033.317000
170677.372608	1033.223000
170860.436001	1028.514000
170878.071862	1028.037000
170986.254989	1025.063000
171059.962897	1023.017000
171091.546320	1022.122000
171199.257142	1019.081000
171228.212645	1018.260000
171289.938103	1016.486000
171387.245317	1013.694000
171418.292210	1012.790000
171476.239020	1011.069000
171569.647353	1008.312000
171573.830415	1008.185000
171637.607111	1006.265000
171704.060255	1004.241000
171745.776295	1002.951000
171746.643072	1002.924000
171748.769181	1002.858000
171752.376609	1002.746000
171754.918765	1002.667000
171755.576612	1002.646000
171760.785011	1002.484000
171761.908406	1002.449000
171762.742612	1002.423000
171763.993817	1002.384000
171765.371314	1002.341000
171768.544916	1002.242000
171769.953497	1002.198000
171770.305545	1002.187000
171792.740043	1001.484000
171813.004276	1000.847000
171896.737565	998.206000
171907.593592	997.855000
171994.226238	995.084000
172064.882822	992.804000
172117.265953	991.076000
172213.158951	987.924000
172247.813455	986.758000
172366.465481	982.771000
172383.464564	982.195000
172502.588471	978.083000
172534.943202	977.004000
172665.041219	972.451000
172674.514457	972.128000
172795.247202	967.924000
172809.396923	967.435000
172936.174758	962.959000
172964.901435	961.932000
173090.575080	957.434000
173091.905753	957.385000
173214.197235	952.884000
173233.943770	952.164000
173356.045358	947.704000
173372.969002	947.085000
173492.129813	942.662000
173504.633261	942.196000
173630.029345	937.516000
173632.925308	937.407000
173760.025798	932.622000
173773.957685	932.097000
173891.615963	927.604000
173901.880718	927.215000
174025.189048	922.408000
174029.788675	922.229000
174152.796443	917.470000
174156.519127	917.323000
174282.786658	912.361000
174286.698526	912.205000
174409.505381	907.335000
174414.711941	907.125000
174533.325821	902.359000
174537.478647	902.187000
174654.147525	897.393000
174659.434720	897.169000
174780.364680	892.142000
174782.880367	892.037000
174893.938641	887.323000
174908.985038	886.678000
175007.697802	882.547000
175016.903721	882.148000
175138.845371	877.046000
175146.356572	876.717000
175256.321983	872.022000
175268.728476	871.471000
175361.839121	867.425000
175383.433268	866.446000
175485.566516	861.959000
175495.276816	861.510000
175600.257532	856.878000
175626.498732	855.657000
175706.979923	852.137000
175725.632663	851.273000
175821.265847	847.005000
175849.437913	845.705000
175943.345914	841.453000
175965.295736	840.422000
176032.254521	837.345000
176066.723589	835.709000
176155.706950	831.612000
176183.878500	830.260000
176265.198334	826.486000
176300.279291	824.789000
176356.274752	822.142000
176389.347851	820.512000
176474.322401	816.435000
176517.199850	814.309000
176574.056882	811.571000
176607.873544	809.887000
176675.153354	806.688000
176721.542515	804.383000
176777.929019	801.682000
176821.202195	799.545000
176888.767845	796.300000
176936.313728	793.950000
176982.986081	791.687000
177033.773676	789.177000
177085.151292	786.666000
177139.955578	783.938000
177192.884222	781.338000
177247.742510	778.612000
177287.329793	776.646000
177348.448382	773.590000
177389.704673	771.533000
177447.996341	768.581000
177485.896572	766.695000
177556.690490	763.056000
177589.246762	761.437000
177650.441794	758.249000
177683.858691	756.568000
177754.543529	752.874000
177776.111254	751.774000
177850.635909	747.857000
177880.163498	746.330000
177948.624034	742.696000
177964.106976	741.883000
178050.665120	737.234000
178064.362654	736.508000
178136.982231	732.597000
178157.105067	731.529000
178240.990001	726.956000
178242.822697	726.860000
178330.662477	722.031000
178341.354230	721.468000
178427.971545	716.712000
178429.073363	716.654000
178518.175484	711.800000
178521.528607	711.622000
178615.474460	706.510000
178621.139679	706.200000
178706.367111	701.679000
178708.911491	701.538000
178803.941177	696.486000
178813.479838	695.965000
178901.436919	691.321000
178908.234232	690.946000
178989.839381	686.579000
179005.280863	685.713000
179084.109215	681.456000
179097.031165	680.725000
179179.848172	676.219000
179196.769897	675.264000
179269.581015	671.262000
179287.444696	670.252000
179357.302859	666.365000
179378.436842	665.158000
179449.805613	661.171000
179470.872598	659.955000
179542.755125	655.922000
179567.549906	654.497000
179623.914923	651.291000
179650.907244	649.733000
179718.460161	645.863000
179736.607183	644.808000
179810.202237	640.576000
179829.754459	639.443000
179892.506845	635.831000
179905.856698	635.066000
179986.397228	630.487000
179999.172351	629.762000
180078.260804	625.251000
180087.743040	624.711000
180166.409434	620.156000
180166.953256	620.125000
180257.647696	615.047000
180259.554916	614.938000
180347.236272	609.946000
180350.745773	609.742000
180427.956731	605.275000
180443.451210	604.365000
180514.511049	600.215000
180523.695228	599.676000
180603.824250	594.976000
180620.929271	593.970000
180682.998819	590.322000
180703.171523	589.133000
180767.235652	585.387000
180790.631956	584.004000
180858.057279	580.041000
180885.530740	578.414000
180933.375614	575.583000
180965.081359	573.708000
181020.065092	570.435000
181062.840416	567.944000
181108.541969	565.259000
181140.697815	563.398000
181189.695288	560.510000
181245.799782	557.222000
181278.137572	555.319000
181322.478804	552.740000
181362.112127	550.396000
181418.304334	547.207000
181451.924590	545.240000
181512.040078	541.860000
181539.173267	540.271000
181603.136792	536.643000
181623.132269	535.482000
181691.196564	531.621000
181716.614331	530.132000
181785.560606	526.200000
181798.955247	525.407000
181871.979883	521.262000
181887.858845	520.310000
181964.550986	515.951000
181980.331369	515.009000
182052.667279	510.905000
182057.333616	510.628000
182141.307199	505.892000
182156.299026	504.993000
182229.885390	500.816000
182239.082426	500.264000
182315.611868	495.899000
182321.590140	495.543000
182404.396547	490.828000
182418.004978	490.016000
182489.926944	485.881000
182503.090246	485.093000
182574.605050	481.018000
182581.029164	480.636000
182666.173131	475.799000
182681.694596	474.886000
182749.799731	471.035000
182762.783291	470.271000
182840.214092	465.863000
182848.337330	465.384000
182925.769250	460.935000
182937.966891	460.219000
183013.952103	455.775000
183025.050815	455.120000
183096.035780	450.952000
183104.254900	450.473000
183183.515083	445.844000
183197.257579	445.054000
183270.659933	440.736000
183278.213724	440.307000
183358.568931	435.603000
183361.547766	435.436000
183440.600365	430.860000
183452.352117	430.208000
183533.715004	425.527000
183539.351692	425.214000
183619.612595	420.606000
183622.136027	420.465000
183710.668642	415.453000
183715.816385	415.167000
183799.818332	410.461000
183800.976612	410.396000
183892.290667	405.327000
183895.889424	405.127000
183978.996967	400.448000
183979.193651	400.437000
184071.517442	395.342000
184079.281909	394.906000
184162.748581	390.217000
184165.248690	390.076000
184244.374971	385.599000
184255.734558	384.951000
184341.349105	380.081000
184343.317118	379.967000
184424.659241	375.273000
184433.090928	374.776000
184511.034458	370.228000
184522.233016	369.562000
184597.761905	365.127000
184606.914743	364.580000
184683.039089	360.144000
184693.649582	359.503000
184772.310613	355.093000
184785.101254	354.326000
184864.590209	349.919000
184876.588869	349.213000
184955.509786	344.932000
184970.213291	344.079000
185048.758366	339.886000
185065.144962	338.969000
185149.648518	334.400000
185162.536647	333.681000
185233.843077	329.779000
185253.875766	328.662000
185332.596382	324.327000
185349.841622	323.373000
185425.695862	319.214000
185443.133671	318.264000
185520.060989	314.026000
185539.991121	312.979000
185613.027907	309.113000
185635.211966	307.959000
185712.006148	303.864000
185739.040782	302.446000
185810.003452	298.680000
185826.334606	297.810000
185901.765381	293.920000
185936.986020	292.052000
185999.762608	288.916000
186032.926465	287.172000
186105.782643	283.681000
186137.712967	282.056000
186205.555946	278.949000
186250.121302	276.755000
186312.548381	274.037000
186365.614955	271.601000
186436.346900	268.793000
186484.982428	266.612000
186554.867520	263.996000
186618.525195	261.292000
186681.719013	259.101000
186752.545396	256.228000
186829.808029	253.907000
186912.130284	250.909000
186971.404809	249.006000
187063.434664	245.758000
187108.982903	244.176000
187215.192731	240.610000
187278.120343	238.619000
187370.333023	235.224000
187411.975410	233.968000
187522.209902	230.037000
187562.938967	228.921000
187680.758371	224.914000
187721.189128	223.869000
187859.218626	219.529000
187897.079598	218.704000
188063.322047	214.047000
188072.734809	213.900000
188382.235345	209.540000
188493.861705	208.688000
189176.721555	213.900000
189187.156550	214.047000
189485.355422	218.704000
189514.805716	219.529000
189713.977371	223.869000
189747.212585	224.914000
189902.242292	228.921000
189935.056481	230.037000
190078.520599	233.968000
190113.741796	235.224000
190226.302227	238.619000
190280.380414	240.610000
190393.087529	244.176000
190440.205854	245.758000
190533.720824	249.006000
190587.641025	250.909000
190681.022542	253.907000
190744.755015	256.228000
190840.392905	259.101000
190894.406343	261.292000
190972.396339	263.996000
191033.982316	266.612000
191092.246606	268.793000
191154.864012	271.601000
191216.225486	274.037000
191275.435235	276.755000
191325.827071	278.949000
191388.937627	282.056000
191424.420357	283.681000
191493.016516	287.172000
191529.413301	288.916000
191589.047393	292.052000
191626.441100	293.920000
191699.786007	297.810000
191716.656129	298.680000
191787.349374	302.446000
191814.068722	303.864000
191892.141238	307.959000
191913.782382	309.113000
191988.100902	312.979000
192007.880911	314.026000
192088.553213	318.264000
192105.797420	319.214000
192182.138312	323.373000
192199.537915	324.327000
192277.900720	328.662000
192298.184671	329.779000
192368.164577	333.681000
192381.303819	334.400000
192463.203487	338.969000
192480.163382	339.886000
192555.091404	344.079000
192571.070166	344.932000
192644.863490	349.213000
192657.878713	349.919000
192732.776864	354.326000
192746.611225	355.093000
192820.153241	359.503000
192831.586738	360.144000
192905.015983	364.580000
192914.402822	365.127000
192988.612761	369.562000
192999.954867	370.228000
193076.427901	374.776000
193084.945477	375.273000
193164.579965	379.967000
193166.555466	380.081000
193250.627565	384.951000
193262.019398	385.599000
193340.502224	390.076000
193342.994251	390.217000
193426.136187	394.906000
193433.897217	395.342000
193524.631072	400.437000
193524.830397	400.448000
193608.492760	405.127000
193612.045124	405.327000
193703.255639	410.396000
193704.426562	410.461000
193788.286048	415.167000
193793.391139	415.453000
193883.602638	420.465000
193886.093280	420.606000
193968.561199	425.214000
193974.012949	425.527000
194058.311148	430.208000
194069.643898	430.860000
194152.122456	435.436000
194155.007461	435.603000
194238.914268	440.307000
194246.242581	440.736000
194322.273519	445.054000
194335.702852	445.844000
194416.226923	450.473000
194424.428614	450.952000
194495.946967	455.120000
194507.102233	455.775000
194582.404031	460.219000
194594.646473	460.935000
194670.438796	465.384000
194678.775476	465.863000
194753.529608	470.271000
194766.950010	471.035000
194832.394628	474.886000
194848.541080	475.799000
194930.772546	480.636000
194937.496755	481.018000
195006.026249	485.093000
195019.855369	485.881000
195088.929299	490.016000
195103.052790	490.828000
195182.072187	495.543000
195188.324378	495.899000
195261.625373	500.264000
195271.303323	500.816000
195340.897563	504.993000
195356.735279	505.892000
195435.713359	510.628000
195440.624820	510.905000
195509.760734	515.009000
195526.364152	515.951000
195599.386114	520.310000
195616.135579	521.262000
195685.272446	525.407000
195699.243142	526.200000
195765.658945	530.132000
195791.768051	531.621000
195857.676715	535.482000
195878.143601	536.643000
195940.627313	540.271000
195968.642208	541.860000
196026.357866	545.240000
196061.342234	547.207000
196115.849097	550.396000
196157.151866	552.740000
196200.758667	555.319000
196233.477304	557.222000
196289.350479	560.510000
196338.629609	563.398000
196370.203119	565.259000
196416.596696	567.944000
196458.996163	570.435000
196515.199950	573.708000
196546.698423	575.583000
196594.569871	578.414000
196622.066731	580.041000
196688.985799	584.004000
196712.515757	585.387000
196775.887092	589.133000
196796.221382	590.322000
196858.113749	593.970000
196875.230515	594.976000
196955.144626	599.676000
196964.333891	600.215000
197035.046963	604.365000
197050.628759	605.275000
197126.687921	609.742000
197130.214009	609.946000
197216.093563	614.938000
197218.008079	615.047000
197306.860076	620.125000
197307.413744	620.156000
197387.320484	624.711000
197396.646467	625.251000
197475.858255	629.762000
197488.569212	630.487000
197569.255126	635.066000
197582.710795	635.831000
197645.743040	639.443000
197665.426997	640.576000
197738.458773	644.808000
197756.805366	645.863000
197823.373116	649.733000
197850.568838	651.291000
197906.112728	654.497000
197931.165800	655.922000
198001.339381	659.955000
198023.012862	661.171000
198092.086934	665.158000
198113.692679	666.365000
198181.752159	670.252000
198199.904138	671.262000
198270.686765	675.264000
198288.061732	676.219000
198367.903924	680.725000
198381.339173	681.456000
198456.590528	685.713000
198472.626552	686.579000
198550.493700	690.946000
198557.501241	691.321000
198641.679156	695.965000
198651.546865	696.486000
198744.040747	701.538000
198746.693000	701.679000
198828.275582	706.200000
198834.119533	706.510000
198927.540820	711.622000
198930.812018	711.800000
199022.250529	716.654000
199023.315202	716.712000
199113.664274	721.468000
199123.917753	722.031000
199215.623751	726.860000
199217.369997	726.956000
199304.671237	731.529000
199324.262121	732.597000
199397.951645	736.508000
199411.432037	737.234000
199499.145313	741.883000
199514.282282	742.696000
199583.488941	746.330000
199612.255930	747.857000
199687.998934	751.774000
199708.927481	752.874000
199781.355822	756.568000
199813.521825	758.249000
199876.896642	761.437000
199907.974044	763.056000
