0.000000	500.000000
14.660539	500.816000
85.804883	504.993000
102.038409	505.892000
182.778827	510.628000
187.814682	510.905000
258.525873	515.009000
275.544660	515.951000
350.211368	520.310000
367.378297	521.262000
438.058563	525.407000
452.378429	526.200000
520.315901	530.132000
547.071219	531.621000
614.523177	535.482000
635.502262	536.643000
699.476142	540.271000
728.192284	541.860000
787.260254	545.240000
823.136346	547.207000
878.922886	550.396000
921.258315	552.740000
965.866314	555.319000
999.362502	557.222000
1056.531789	560.510000
1106.963853	563.398000
1139.267371	565.259000
1186.774850	567.944000
1230.161221	570.435000
1287.697274	573.708000
1319.909342	575.583000
1368.880081	578.414000
1397.007639	580.041000
1465.458944	584.004000
1489.536104	585.387000
1554.363961	589.133000
1575.176215	590.322000
1638.499630	593.970000
1656.014504	594.976000
1737.784652	599.676000
1747.188527	600.215000
1819.551179	604.365000
1835.500152	605.275000
1913.330945	609.742000
1916.941755	609.946000
2004.864730	614.938000
2006.826798	615.047000
2097.868282	620.125000
2098.436185	620.156000
2180.322518	624.711000
2189.872189	625.251000
2271.050302	629.762000
2284.075776	630.487000
2366.779066	635.066000
2380.569911	635.831000
2445.146844	639.443000
2465.308766	640.576000
2540.089463	644.808000
2558.882439	645.863000
2627.033636	649.733000
2654.896199	651.291000
2711.781062	654.497000
2737.457612	655.922000
2809.340527	659.955000
2831.568892	661.171000
2902.310559	665.158000
2924.474400	666.365000
2994.213392	670.252000
3012.838164	671.262000
3085.404292	675.264000
3103.243450	676.219000
3185.105019	680.725000
3198.906847	681.456000
3276.052143	685.713000
3292.532562	686.579000
3372.394933	690.946000
3379.600381	691.321000
3466.009926	695.965000
3476.164232	696.486000
3571.161623	701.538000
3573.889816	701.679000
3657.615251	706.200000
3663.627287	706.510000
3759.567601	711.622000
3762.928035	711.800000
3856.992550	716.654000
3858.086198	716.712000
3951.075819	721.468000
3961.603811	722.031000
4055.988200	726.860000
4057.781079	726.956000
4147.660087	731.529000
4167.783347	732.597000
4243.590045	736.508000
4257.446138	737.234000
4347.686614	741.883000
4363.247848	742.696000
4434.487661	746.330000
4464.080907	747.857000
4542.121004	751.774000
4563.663164	752.874000
4638.352599	756.568000
4671.472990	758.249000
4736.884115	761.437000
4768.889682	763.056000
4844.474356	766.695000
4882.291881	768.581000
4943.563759	771.533000
4985.469279	773.590000
5048.768413	776.646000
5089.366934	778.612000
5146.069270	781.338000
5200.116764	783.938000
5257.526569	786.666000
5309.628387	789.177000
5362.738531	791.687000
5410.055126	793.950000
5460.203909	796.300000
5528.046455	799.545000
5574.117446	801.682000
5630.637973	804.383000
5680.470791	806.688000
5746.974764	809.887000
5783.672665	811.571000
5840.459287	814.309000
5886.162061	816.435000
5971.110580	820.512000
6006.289216	822.142000
6061.798787	824.789000
6099.011924	826.486000
6179.750394	830.260000
6209.991218	831.612000
6298.387706	835.709000
6335.295464	837.345000
6402.478476	840.422000
6425.786010	841.453000
6519.669427	845.705000
6549.531973	847.005000
6645.585935	851.273000
6665.746024	852.137000
6744.642681	855.657000
6773.764386	856.878000
6877.081423	861.510000
6887.688716	861.959000
6988.448772	866.446000
7011.685405	867.425000
7104.498243	871.471000
7117.733261	872.022000
7227.863467	876.717000
7235.919324	877.046000
7357.411196	882.148000
7367.400003	882.547000
7466.906000	886.678000
7483.049507	887.323000
7597.969696	892.037000
7600.557213	892.142000
7726.742274	897.169000
7732.390043	897.393000
7850.771791	902.187000
7855.164076	902.359000
7975.814876	907.125000
7981.311697	907.335000
8108.251326	912.205000
8112.394598	912.361000
8243.366319	917.323000
8247.310092	917.470000
8374.303787	922.229000
8379.190288	922.408000
8509.561017	927.215000
8520.090788	927.604000
8645.613814	932.097000
8660.156237	932.622000
8794.686046	937.407000
8797.753856	937.516000
8929.507124	942.196000
8942.751382	942.662000
9068.655596	947.085000
9086.357086	947.704000
9216.033908	952.164000
9237.000102	952.884000
9368.331796	957.385000
9369.746465	957.434000
9499.535774	961.932000
9530.140076	962.959000
9663.694944	967.435000
9678.495453	967.924000
9808.891678	972.128000
9818.823861	972.451000
9962.254620	977.004000
9995.242610	978.083000
10128.145281	982.195000
10146.035149	982.771000
10272.542741	986.758000
10309.899146	987.924000
10410.730345	991.076000
10467.529464	992.804000
10542.160801	995.084000
10635.233201	997.855000
10647.145449	998.206000
10735.646838	1000.847000
10757.626100	1001.484000
10781.979531	1002.187000
10782.362024	1002.198000
10783.897225	1002.242000
10787.352565	1002.341000
10788.855787	1002.384000
10790.218073	1002.423000
10791.127861	1002.449000
10792.352696	1002.484000
10798.024491	1002.646000
10798.761185	1002.667000
10801.448559	1002.746000
10805.381752	1002.858000
10807.702100	1002.924000
10808.651495	1002.951000
10853.825575	1004.241000
10925.322355	1006.265000
10994.388423	1008.185000
10999.021286	1008.312000
11098.576541	1011.069000
11162.878714	1012.790000
11196.401047	1013.694000
11302.462316	1016.486000
11371.078290	1018.260000
11402.768841	1019.081000
11522.128603	1022.122000
11557.443990	1023.017000
11637.806694	1025.063000
11757.662644	1028.037000
11777.121531	1028.514000
11973.206088	1033.223000
11977.381274	1033.317000
12168.092187	1037.998000
12185.003726	1038.358000
12387.675951	1042.983000
12410.060107	1043.457000
12636.570038	1047.998000
12673.906339	1048.705000
12913.984105	1053.322000
12927.253551	1053.565000
13180.595004	1058.135000
13187.432718	1058.251000
13508.990163	1063.635000
13513.890210	1063.709000
13834.332552	1068.466000
13856.254961	1068.775000
14198.590410	1073.364000
14241.324021	1073.837000
14673.971601	1078.574000
14694.864104	1078.790000
15280.316848	1083.945000
15343.888099	1084.508000
15734.659702	1088.725000
15751.431525	1088.878000
16526.950183	1093.785000
16828.492269	1094.324000
17682.840282	1099.230000
18631.051641	1093.785000
21376.259468	1088.878000
21400.440098	1088.725000
21862.706611	1084.508000
21914.877446	1083.945000
22496.955239	1078.790000
22521.486334	1078.574000
22979.670536	1073.837000
23022.871361	1073.364000
23437.468692	1068.775000
23460.519826	1068.466000
23798.011405	1063.709000
23802.996213	1063.635000
24159.507728	1058.251000
24166.435786	1058.135000
24435.818118	1053.565000
24449.289010	1053.322000
24701.408480	1048.705000
24738.171526	1047.998000
24977.979366	1043.457000
25001.622992	1042.983000
25220.033804	1038.358000
25235.809371	1037.998000
25455.706344	1033.317000
25459.536044	1033.223000
25668.695059	1028.514000
25688.557522	1028.037000
25809.879802	1025.063000
25892.336182	1023.017000
25927.489955	1022.122000
26047.483353	1019.081000
26079.707742	1018.260000
26148.184036	1016.486000
26256.174904	1013.694000
26290.515658	1012.790000
26354.334169	1011.069000
26457.344682	1008.312000
26461.930651	1008.185000
26531.970775	1006.265000
26604.777922	1004.241000
26650.346522	1002.951000
26651.292026	1002.924000
26653.612768	1002.858000
26657.550329	1002.746000
26660.324635	1002.667000
26661.039000	1002.646000
26666.722069	1002.484000
26667.947457	1002.449000
26668.857334	1002.423000
26670.222016	1002.384000
26671.724024	1002.341000
26675.184930	1002.242000
26676.720636	1002.198000
26677.104437	1002.187000
26701.549199	1001.484000
26723.616248	1000.847000
26814.742199	998.206000
26826.504406	997.855000
26920.546683	995.084000
26997.127366	992.804000
27053.690063	991.076000
27157.295863	987.924000
27194.595729	986.758000
27322.331567	982.771000
27340.608059	982.195000
27468.321840	978.083000
27503.195863	977.004000
27642.393564	972.451000
27652.568862	972.128000
27781.840985	967.924000
27797.008386	967.435000
27932.482987	962.959000
27963.126608	961.932000
28097.165700	957.434000
28098.579590	957.385000
28228.527031	952.884000
28249.535434	952.164000
28379.409356	947.704000
28397.407104	947.085000
28523.891256	942.662000
28537.156316	942.196000
28670.167322	937.516000
28673.235934	937.407000
28807.909985	932.622000
28822.670309	932.097000
28947.125744	927.604000
28957.993418	927.215000
29088.113238	922.408000
29092.967900	922.229000
29222.883310	917.470000
29226.805999	917.323000
29359.928466	912.361000
29364.046078	912.205000
29493.390529	907.335000
29498.864312	907.125000
29623.615969	902.359000
29627.970131	902.187000
29750.392315	897.393000
29755.923711	897.169000
29882.670733	892.142000
29885.306387	892.037000
30001.473572	887.323000
30017.197696	886.678000
30120.591228	882.547000
30130.202192	882.148000
30257.928743	877.046000
30265.763088	876.717000
30380.724332	872.022000
30393.649091	871.471000
30490.834000	867.425000
30513.291679	866.446000
30619.790937	861.959000
30629.873679	861.510000
30739.301246	856.878000
30766.535724	855.657000
30850.490189	852.137000
30869.855732	851.273000
30969.442835	847.005000
30998.700134	845.705000
31096.373629	841.453000
31119.137929	840.422000
31188.698822	837.345000
31224.419136	835.709000
31316.846450	831.612000
31346.017076	830.260000
31430.431918	826.486000
31466.736418	824.789000
31524.781895	822.142000
31558.964215	820.512000
31646.953968	816.435000
31691.251381	814.309000
31750.110363	811.571000
31785.036831	809.887000
31854.749769	806.688000
31902.668387	804.383000
31961.062504	801.682000
32005.780892	799.545000
32075.738949	796.300000
32124.869914	793.950000
32173.162125	791.687000
32225.643191	789.177000
32278.774495	786.666000
32335.378939	783.938000
32390.095029	781.338000
32446.761748	778.612000
32487.655655	776.646000
32550.763021	773.590000
32593.369800	771.533000
32653.508399	768.581000
32692.654321	766.695000
32765.622493	763.056000
32799.250299	761.437000
32862.272998	758.249000
32896.763619	756.568000
32969.545729	752.874000
32991.786762	751.774000
33068.496434	747.857000
33098.919520	746.330000
33169.346405	742.696000
33185.284206	741.883000
33274.268434	737.234000
33288.360622	736.508000
33363.004121	732.597000
33383.705106	731.529000
33469.869593	726.956000
33471.756404	726.860000
33561.941950	722.031000
33572.945969	721.468000
33661.882255	716.712000
33663.016275	716.654000
33754.543264	711.800000
33757.992684	711.622000
33854.501326	706.510000
33860.319303	706.200000
33947.998068	701.679000
33950.609279	701.538000
34048.359833	696.486000
34058.156674	695.965000
34148.668382	691.321000
34155.645897	690.946000
34239.555740	686.579000
34255.392886	685.713000
34336.405755	681.456000
34349.652927	680.725000
34434.729583	676.219000
34452.079294	675.264000
34526.835641	671.262000
34545.149431	670.252000
34616.827141	666.365000
34638.482650	665.158000
34711.694941	661.171000
34733.270529	659.955000
34806.993387	655.922000
34832.392136	654.497000
34890.159868	651.291000
34917.803853	649.733000
34987.013173	645.863000
35005.591859	644.808000
35080.977523	640.576000
35100.997970	639.443000
35165.274106	635.831000
35178.951114	635.066000
35261.497886	630.487000
35274.592424	629.762000
35355.637821	625.251000
35365.355440	624.711000
35445.908691	620.156000
35446.465986	620.125000
35539.492285	615.047000
35541.446504	614.938000
35631.305628	609.946000
35634.898635	609.742000
35713.964732	605.275000
35729.820121	604.365000
35802.554449	600.215000
35811.952876	599.676000
35893.953267	594.976000
35911.455558	593.970000
35974.968740	590.322000
35995.607868	589.133000
36061.177846	585.387000
36085.111890	584.004000
36154.105227	580.041000
36182.207744	578.414000
36231.150040	575.583000
36263.583857	573.708000
36319.813244	570.435000
36363.602522	567.944000
36410.367839	565.259000
36443.295742	563.398000
36493.426081	560.510000
36550.843195	557.222000
36583.931137	555.319000
36629.326129	552.740000
36669.869421	550.396000
36727.466554	547.207000
36761.876126	545.240000
36823.523910	541.860000
36851.292846	540.271000
36916.857454	536.643000
36937.329801	535.482000
37007.097457	531.621000
37033.110398	530.132000
37103.763125	526.200000
37117.464655	525.407000
37192.314397	521.262000
37208.547839	520.310000
37287.151453	515.951000
37303.287273	515.009000
37377.432815	510.905000
37382.205476	510.628000
37468.305863	505.892000
37483.632222	504.993000
37559.057627	500.816000
37568.459513	500.264000
37646.882617	495.899000
37652.996222	495.543000
37737.858823	490.828000
37751.774040	490.016000
37825.446601	485.881000
37838.904671	485.093000
37912.192631	481.018000
37918.762602	480.636000
38006.030857	475.799000
38021.912706	474.886000
38091.733523	471.035000
38105.018309	470.271000
38184.372644	465.863000
38192.683535	465.384000
38272.002602	460.935000
38284.484667	460.219000
38362.255155	455.775000
38373.609816	455.120000
38446.249029	450.952000
38454.662671	450.473000
38535.790508	445.844000
38549.867584	445.054000
38624.973940	440.736000
38632.716311	440.307000
38714.955808	435.603000
38718.011028	435.436000
38798.960913	430.860000
38811.020590	430.208000
38894.361056	425.527000
38900.145174	425.214000
38982.365282	420.606000
38984.953869	420.465000
39075.711311	415.453000
39080.993550	415.167000
39167.152706	410.461000
39168.340627	410.396000
39262.044599	405.327000
39265.737324	405.127000
39350.957339	400.448000
39351.159093	400.437000
39445.928871	395.342000
39453.891774	394.906000
39539.489632	390.217000
39542.053064	390.076000
39623.170080	385.599000
39634.810675	384.951000
39722.555570	380.081000
39724.570746	379.967000
39807.877609	375.273000
39816.504228	374.776000
39896.287810	370.228000
39907.740552	369.562000
39985.029421	365.127000
39994.387931	364.580000
40072.314280	360.144000
40083.157953	359.503000
40163.835991	355.093000
40176.912048	354.326000
40258.486881	349.919000
40270.763953	349.213000
40351.851835	344.932000
40366.906624	344.079000
40447.681255	339.886000
40464.489635	338.969000
40551.329108	334.400000
40564.551101	333.681000
40637.780125	329.779000
40658.332315	328.662000
40739.147804	324.327000
40756.847651	323.373000
40834.738810	319.214000
40852.651135	318.264000
40931.623848	314.026000
40952.138928	312.979000
41027.285851	309.113000
41050.134495	307.959000
41129.113554	303.864000
41156.944248	302.446000
41229.946056	298.680000
41246.742791	297.810000
41324.474529	293.920000
41360.708560	292.052000
41425.531835	288.916000
41459.666974	287.172000
41535.115477	283.681000
41568.047123	282.056000
41638.545681	278.949000
41684.609111	276.755000
41749.756469	274.037000
41804.889941	271.601000
41879.378402	268.793000
41930.004365	266.612000
42004.105918	263.996000
42070.687413	261.292000
42138.393744	259.101000
42212.810974	256.228000
42297.699129	253.907000
42385.296065	250.909000
42449.597843	249.006000
42547.945924	245.758000
42596.733943	244.176000
42711.089861	240.610000
42779.533904	238.619000
42877.515520	235.224000
42923.229930	233.968000
43040.861552	230.037000
43086.575952	228.921000
43213.176373	224.914000
43259.303551	223.869000
43409.605931	219.529000
43455.722449	218.704000
43641.274247	214.047000
43656.843321	213.900000
44316.311556	209.540000
44998.014155	214.047000
45491.246660	218.704000
45524.117657	219.529000
45766.718495	223.869000
45802.908814	224.914000
45979.781161	228.921000
46015.040974	230.037000
46176.065441	233.968000
46213.650106	235.224000
46337.217323	238.619000
46394.678706	240.610000
46517.266078	244.176000
46567.998288	245.758000
46668.164842	249.006000
46725.786885	250.909000
46827.088372	253.907000
46894.904413	256.228000
46999.981392	259.101000
47056.733271	261.292000
47140.292341	263.996000
47204.706982	266.612000
47266.486602	268.793000
47331.666660	271.601000
47396.286991	274.037000
47457.802909	276.755000
47510.390586	278.949000
47575.622617	282.056000
47612.494247	283.681000
47683.241555	287.172000
47720.933388	288.916000
47782.314005	292.052000
47820.926849	293.920000
47896.382084	297.810000
47913.766817	298.680000
47986.475442	302.446000
48013.962581	303.864000
48094.334014	307.959000
48116.590872	309.113000
48193.135810	312.979000
48213.487292	314.026000
48296.527320	318.264000
48314.230028	319.214000
48392.648300	323.373000
48410.515135	324.327000
48490.943684	328.662000
48511.767421	329.779000
48583.562092	333.681000
48597.055599	334.400000
48681.076863	338.969000
48698.505578	339.886000
48775.362215	344.079000
48791.794545	344.932000
48867.350878	349.213000
48880.723465	349.919000
48957.359523	354.326000
48971.556913	355.093000
49046.739983	359.503000
49058.466654	360.144000
49133.509611	364.580000
49143.118654	365.127000
49218.996150	369.562000
49230.602551	370.228000
49308.811367	374.776000
49317.530021	375.273000
49399.005571	379.967000
49401.028789	380.081000
49487.115697	384.951000
49498.790993	385.599000
49579.215291	390.076000
49581.770015	390.217000
49667.017782	394.906000
49674.976977	395.342000
49768.029699	400.437000
49768.234305	400.448000
49854.052750	405.127000
49857.695410	405.327000
49951.287524	410.396000
49952.489094	410.461000
50038.494574	415.167000
50043.730766	415.453000
50136.299222	420.465000
50138.852454	420.606000
50223.449685	425.214000
50229.034515	425.527000
50315.537580	430.208000
50327.145780	430.860000
50411.785479	435.436000
50414.739726	435.603000
50500.798140	440.307000
50508.298299	440.736000
50586.227335	445.054000
50599.968424	445.844000
50682.452957	450.473000
50690.847909	450.952000
50764.058891	455.120000
50775.474123	455.775000
50852.512465	460.219000
50865.042544	460.935000
50942.602189	465.384000
50951.142048	465.863000
51027.623065	470.271000
51041.376856	471.035000
51108.339826	474.886000
51124.893035	475.799000
51209.033782	480.636000
51215.925755	481.018000
51286.011187	485.093000
51300.183190	485.881000
51370.803902	490.016000
51385.271162	490.828000
51466.071957	495.543000
51472.479399	495.899000
51547.439743	500.264000
51557.357166	500.816000
51628.501510	504.993000
51644.735037	505.892000
51725.475454	510.628000
51730.511309	510.905000
51801.222500	515.009000
51818.241287	515.951000
51892.907996	520.310000
51910.074924	521.262000
51980.755190	525.407000
51995.075057	526.200000
52063.012528	530.132000
52089.767846	531.621000
52157.219804	535.482000
52178.198890	536.643000
52242.172770	540.271000
52270.888912	541.860000
52329.956882	545.240000
52365.832973	547.207000
52421.619514	550.396000
52463.954942	552.740000
52508.562941	555.319000
52542.059129	557.222000
52599.228417	560.510000
52649.660480	563.398000
52681.963999	565.259000
52729.471478	567.944000
52772.857848	570.435000
52830.393901	573.708000
52862.605970	575.583000
52911.576708	578.414000
52939.704266	580.041000
53008.155571	584.004000
53032.232732	585.387000
53097.060588	589.133000
53117.872843	590.322000
53181.196258	593.970000
53198.711132	594.976000
53280.481280	599.676000
53289.885154	600.215000
53362.247806	604.365000
53378.196780	605.275000
53456.027573	609.742000
53459.638382	609.946000
53547.561357	614.938000
53549.523425	615.047000
53640.564909	620.125000
53641.132813	620.156000
53723.019145	624.711000
53732.568817	625.251000
53813.746929	629.762000
53826.772403	630.487000
53909.475693	635.066000
53923.266538	635.831000
53987.843471	639.443000
54008.005393	640.576000
54082.786090	644.808000
54101.579067	645.863000
54169.730263	649.733000
54197.592827	651.291000
54254.477690	654.497000
54280.154239	655.922000
54352.037155	659.955000
54374.265519	661.171000
54445.007186	665.158000
54467.171027	666.365000
54536.910019	670.252000
54555.534791	671.262000
54628.100919	675.264000
54645.940077	676.219000
54727.801647	680.725000
54741.603474	681.456000
54818.748770	685.713000
54835.229190	686.579000
54915.091561	690.946000
54922.297009	691.321000
55008.706553	695.965000
55018.860860	696.486000
55113.858251	701.538000
55116.586443	701.679000
55200.311878	706.200000
55206.323915	706.510000
55302.264228	711.622000
55305.624662	711.800000
55399.689178	716.654000
55400.782825	716.712000
55493.772447	721.468000
55504.300438	722.031000
55598.684827	726.860000
55600.477706	726.956000
55690.356714	731.529000
55710.479975	732.597000
55786.286672	736.508000
55800.142766	737.234000
55890.383241	741.883000
55905.944475	742.696000
55977.184289	746.330000
56006.777534	747.857000
56084.817631	751.774000
56106.359791	752.874000
56181.049226	756.568000
56214.169618	758.249000
56279.580742	761.437000
56311.586310	763.056000
56387.170983	766.695000
56424.988508	768.581000
56486.260386	771.533000
56528.165907	773.590000
56591.465041	776.646000
56632.063562	778.612000
56688.765898	781.338000
56742.813391	783.938000
56800.223196	786.666000
56852.325014	789.177000
56905.435158	791.687000
56952.751754	793.950000
57002.900536	796.300000
57070.743082	799.545000
57116.814074	801.682000
57173.334601	804.383000
57223.167418	806.688000
57289.671391	809.887000
57326.369293	811.571000
57383.155914	814.309000
57428.858689	816.435000
57513.807207	820.512000
57548.985843	822.142000
57604.495414	824.789000
57641.708551	826.486000
57722.447022	830.260000
57752.687845	831.612000
57841.084333	835.709000
57877.992092	837.345000
57945.175104	840.422000
57968.482637	841.453000
58062.366055	845.705000
58092.228600	847.005000
58188.282563	851.273000
58208.442651	852.137000
58287.339308	855.657000
58316.461013	856.878000
58419.778051	861.510000
58430.385343	861.959000
58531.145400	866.446000
58554.382033	867.425000
58647.194870	871.471000
58660.429889	872.022000
58770.560094	876.717000
58778.615951	877.046000
58900.107823	882.148000
58910.096630	882.547000
59009.602627	886.678000
59025.746134	887.323000
59140.666324	892.037000
59143.253840	892.142000
59269.438902	897.169000
59275.086670	897.393000
59393.468418	902.187000
59397.860704	902.359000
59518.511503	907.125000
59524.008324	907.335000
59650.947953	912.205000
59655.091225	912.361000
59786.062946	917.323000
59790.006720	917.470000
59917.000415	922.229000
59921.886916	922.408000
60052.257644	927.215000
60062.787415	927.604000
60188.310442	932.097000
60202.852864	932.622000
60337.382673	937.407000
60340.450483	937.516000
60472.203751	942.196000
60485.448009	942.662000
60611.352224	947.085000
60629.053714	947.704000
60758.730536	952.164000
60779.696729	952.884000
60911.028424	957.385000
60912.443093	957.434000
61042.232402	961.932000
61072.836703	962.959000
61206.391571	967.435000
61221.192081	967.924000
61351.588306	972.128000
61361.520488	972.451000
61504.951247	977.004000
61537.939237	978.083000
61670.841908	982.195000
61688.731777	982.771000
61815.239369	986.758000
61852.595774	987.924000
61953.426973	991.076000
62010.226092	992.804000
62084.857429	995.084000
62177.929828	997.855000
62189.842076	998.206000
62278.343465	1000.847000
62300.322727	1001.484000
62324.676159	1002.187000
62325.058651	1002.198000
62326.593853	1002.242000
62330.049192	1002.341000
62331.552414	1002.384000
62332.914700	1002.423000
62333.824488	1002.449000
62335.049324	1002.484000
62340.721119	1002.646000
62341.457813	1002.667000
62344.145186	1002.746000
62348.078380	1002.858000
62350.398728	1002.924000
62351.348122	1002.951000
62396.522202	1004.241000
62468.018982	1006.265000
62537.085051	1008.185000
62541.717913	1008.312000
62641.273168	1011.069000
62705.575342	1012.790000
62739.097674	1013.694000
62845.158943	1016.486000
62913.774917	1018.260000
62945.465468	1019.081000
63064.825231	1022.122000
63100.140617	1023.017000
63180.503321	1025.063000
63300.359272	1028.037000
63319.818158	1028.514000
63515.902716	1033.223000
63520.077901	1033.317000
63710.788815	1037.998000
63727.700353	1038.358000
63930.372578	1042.983000
63952.756735	1043.457000
64179.266666	1047.998000
64216.602967	1048.705000
64456.680733	1053.322000
64469.950178	1053.565000
64723.291632	1058.135000
64730.129345	1058.251000
65051.686791	1063.635000
65056.586838	1063.709000
65377.029180	1068.466000
65398.951589	1068.775000
65741.287038	1073.364000
65784.020648	1073.837000
66216.668229	1078.574000
66237.560732	1078.790000
66823.013476	1083.945000
66886.584726	1084.508000
67277.356330	1088.725000
67294.128153	1088.878000
68069.646810	1093.785000
68371.188897	1094.324000
69225.536909	1099.230000
70173.748268	1093.785000
72918.956095	1088.878000
72943.136726	1088.725000
73405.403238	1084.508000
73457.574073	1083.945000
74039.651867	1078.790000
74064.182961	1078.574000
74522.367164	1073.837000
74565.567988	1073.364000
74980.165319	1068.775000
75003.216453	1068.466000
75340.708032	1063.709000
75345.692841	1063.635000
75702.204355	1058.251000
75709.132413	1058.135000
75978.514746	1053.565000
75991.985637	1053.322000
76244.105108	1048.705000
76280.868153	1047.998000
76520.675993	1043.457000
76544.319620	1042.983000
76762.730431	1038.358000
76778.505999	1037.998000
76998.402972	1033.317000
77002.232672	1033.223000
77211.391687	1028.514000
77231.254149	1028.037000
77352.576429	1025.063000
77435.032810	1023.017000
77470.186583	1022.122000
77590.179981	1019.081000
77622.404369	1018.260000
77690.880663	1016.486000
77798.871531	1013.694000
77833.212286	1012.790000
77897.030797	1011.069000
78000.041309	1008.312000
78004.627279	1008.185000
78074.667402	1006.265000
78147.474550	1004.241000
78193.043150	1002.951000
78193.988654	1002.924000
78196.309396	1002.858000
78200.246956	1002.746000
78203.021262	1002.667000
78203.735627	1002.646000
78209.418696	1002.484000
78210.644084	1002.449000
78211.553962	1002.423000
78212.918643	1002.384000
78214.420651	1002.341000
78217.881557	1002.242000
78219.417264	1002.198000
78219.801064	1002.187000
78244.245826	1001.484000
78266.312876	1000.847000
78357.438826	998.206000
78369.201033	997.855000
78463.243310	995.084000
78539.823993	992.804000
78596.386691	991.076000
78699.992490	987.924000
78737.292357	986.758000
78865.028194	982.771000
78883.304686	982.195000
79011.018468	978.083000
79045.892491	977.004000
79185.090191	972.451000
79195.265490	972.128000
79324.537613	967.924000
79339.705014	967.435000
79475.179614	962.959000
79505.823236	961.932000
79639.862328	957.434000
79641.276217	957.385000
79771.223658	952.884000
79792.232061	952.164000
79922.105984	947.704000
79940.103731	947.085000
80066.587883	942.662000
80079.852944	942.196000
80212.863949	937.516000
80215.932562	937.407000
80350.606612	932.622000
80365.366936	932.097000
80489.822371	927.604000
80500.690045	927.215000
80630.809865	922.408000
80635.664527	922.229000
80765.579938	917.470000
80769.502626	917.323000
80902.625093	912.361000
80906.742705	912.205000
81036.087156	907.335000
81041.560939	907.125000
81166.312596	902.359000
81170.666758	902.187000
81293.088943	897.393000
81298.620338	897.169000
81425.367360	892.142000
81428.003014	892.037000
81544.170199	887.323000
81559.894324	886.678000
81663.287855	882.547000
81672.898819	882.148000
81800.625370	877.046000
81808.459715	876.717000
81923.420959	872.022000
81936.345718	871.471000
82033.530627	867.425000
82055.988306	866.446000
82162.487564	861.959000
82172.570306	861.510000
82281.997873	856.878000
82309.232351	855.657000
82393.186817	852.137000
82412.552360	851.273000
82512.139462	847.005000
82541.396761	845.705000
82639.070257	841.453000
82661.834557	840.422000
82731.395449	837.345000
82767.115764	835.709000
82859.543078	831.612000
82888.713703	830.260000
82973.128545	826.486000
83009.433046	824.789000
83067.478522	822.142000
83101.660842	820.512000
83189.650596	816.435000
83233.948008	814.309000
83292.806990	811.571000
83327.733459	809.887000
83397.446396	806.688000
83445.365014	804.383000
83503.759131	801.682000
83548.477519	799.545000
83618.435576	796.300000
83667.566541	793.950000
83715.858752	791.687000
83768.339819	789.177000
83821.471122	786.666000
83878.075567	783.938000
83932.791656	781.338000
83989.458375	778.612000
84030.352283	776.646000
84093.459648	773.590000
84136.066428	771.533000
84196.205026	768.581000
84235.350948	766.695000
84308.319120	763.056000
84341.946926	761.437000
84404.969625	758.249000
84439.460246	756.568000
84512.242356	752.874000
84534.483390	751.774000
84611.193061	747.857000
84641.616148	746.330000
84712.043033	742.696000
84727.980834	741.883000
84816.965061	737.234000
84831.057250	736.508000
84905.700748	732.597000
84926.401733	731.529000
85012.566220	726.956000
85014.453031	726.860000
85104.638577	722.031000
85115.642597	721.468000
85204.578882	716.712000
85205.712902	716.654000
85297.239892	711.800000
85300.689311	711.622000
85397.197953	706.510000
85403.015930	706.200000
85490.694695	701.679000
85493.305907	701.538000
85591.056461	696.486000
85600.853302	695.965000
85691.365010	691.321000
85698.342525	690.946000
85782.252368	686.579000
85798.089513	685.713000
85879.102382	681.456000
85892.349555	680.725000
85977.426210	676.219000
85994.775921	675.264000
86069.532268	671.262000
86087.846059	670.252000
86159.523769	666.365000
86181.179278	665.158000
86254.391569	661.171000
86275.967156	659.955000
86349.690014	655.922000
86375.088763	654.497000
86432.856495	651.291000
86460.500480	649.733000
86529.709801	645.863000
86548.288486	644.808000
86623.674151	640.576000
86643.694597	639.443000
86707.970733	635.831000
86721.647742	635.066000
86804.194514	630.487000
86817.289051	629.762000
86898.334449	625.251000
86908.052068	624.711000
86988.605319	620.156000
86989.162613	620.125000
87082.188913	615.047000
87084.143131	614.938000
87174.002256	609.946000
87177.595262	609.742000
87256.661360	605.275000
87272.516748	604.365000
87345.251077	600.215000
87354.649503	599.676000
87436.649895	594.976000
87454.152186	593.970000
87517.665367	590.322000
87538.304496	589.133000
87603.874474	585.387000
87627.808517	584.004000
87696.801855	580.041000
87724.904371	578.414000
87773.846668	575.583000
87806.280484	573.708000
87862.509871	570.435000
87906.299149	567.944000
87953.064467	565.259000
87985.992369	563.398000
88036.122709	560.510000
88093.539822	557.222000
88126.627765	555.319000
88172.022756	552.740000
88212.566048	550.396000
88270.163182	547.207000
88304.572754	545.240000
88366.220537	541.860000
88393.989473	540.271000
88459.554082	536.643000
88480.026429	535.482000
88549.794084	531.621000
88575.807025	530.132000
88646.459753	526.200000
88660.161282	525.407000
88735.011025	521.262000
88751.244466	520.310000
88829.848080	515.951000
88845.983900	515.009000
88920.129442	510.905000
88924.902103	510.628000
89011.002491	505.892000
89026.328850	504.993000
89101.754254	500.816000
89111.156140	500.264000
89189.579245	495.899000
89195.692849	495.543000
89280.555451	490.828000
89294.470667	490.016000
89368.143228	485.881000
89381.601299	485.093000
89454.889258	481.018000
89461.459230	480.636000
89548.727484	475.799000
89564.609333	474.886000
89634.430150	471.035000
89647.714936	470.271000
89727.069272	465.863000
89735.380163	465.384000
89814.699229	460.935000
89827.181294	460.219000
89904.951782	455.775000
89916.306443	455.120000
89988.945657	450.952000
89997.359299	450.473000
90078.487136	445.844000
90092.564211	445.054000
90167.670568	440.736000
90175.412938	440.307000
90257.652435	435.603000
90260.707655	435.436000
90341.657540	430.860000
90353.717217	430.208000
90437.057683	425.527000
90442.841802	425.214000
90525.061910	420.606000
90527.650497	420.465000
90618.407939	415.453000
90623.690177	415.167000
90709.849334	410.461000
90711.037255	410.396000
90804.741226	405.327000
90808.433951	405.127000
90893.653967	400.448000
90893.855720	400.437000
90988.625499	395.342000
90996.588401	394.906000
91082.186259	390.217000
91084.749692	390.076000
91165.866707	385.599000
91177.507303	384.951000
91265.252197	380.081000
91267.267373	379.967000
91350.574237	375.273000
91359.200855	374.776000
91438.984438	370.228000
91450.437180	369.562000
91527.726049	365.127000
91537.084559	364.580000
91615.010907	360.144000
91625.854581	359.503000
91706.532618	355.093000
91719.608676	354.326000
91801.183508	349.919000
91813.460580	349.213000
91894.548462	344.932000
91909.603251	344.079000
91990.377883	339.886000
92007.186262	338.969000
92094.025735	334.400000
92107.247729	333.681000
92180.476752	329.779000
92201.028942	328.662000
92281.844432	324.327000
92299.544279	323.373000
92377.435438	319.214000
92395.347762	318.264000
92474.320475	314.026000
92494.835555	312.979000
92569.982478	309.113000
92592.831123	307.959000
92671.810182	303.864000
92699.640876	302.446000
92772.642684	298.680000
92789.439419	297.810000
92867.171157	293.920000
92903.405188	292.052000
92968.228462	288.916000
93002.363601	287.172000
93077.812105	283.681000
93110.743751	282.056000
93181.242308	278.949000
93227.305738	276.755000
93292.453096	274.037000
93347.586568	271.601000
93422.075029	268.793000
93472.700993	266.612000
93546.802545	263.996000
93613.384040	261.292000
93681.090372	259.101000
93755.507602	256.228000
93840.395756	253.907000
93927.992693	250.909000
93992.294470	249.006000
94090.642551	245.758000
94139.430571	244.176000
94253.786489	240.610000
94322.230531	238.619000
94420.212147	235.224000
94465.926558	233.968000
94583.558180	230.037000
94629.272579	228.921000
94755.873001	224.914000
94802.000179	223.869000
94952.302558	219.529000
94998.419077	218.704000
95183.970874	214.047000
95199.539949	213.900000
95859.008183	209.540000
96540.710782	214.047000
97033.943288	218.704000
97066.814285	219.529000
97309.415122	223.869000
97345.605442	224.914000
97522.477789	228.921000
97557.737601	230.037000
97718.762069	233.968000
97756.346733	235.224000
97879.913950	238.619000
97937.375333	240.610000
98059.962705	244.176000
98110.694915	245.758000
98210.861469	249.006000
98268.483513	250.909000
98369.785000	253.907000
98437.601040	256.228000
98542.678019	259.101000
98599.429899	261.292000
98682.988968	263.996000
98747.403609	266.612000
98809.183230	268.793000
98874.363287	271.601000
98938.983619	274.037000
99000.499537	276.755000
99053.087213	278.949000
99118.319244	282.056000
99155.190874	283.681000
99225.938183	287.172000
99263.630016	288.916000
99325.010633	292.052000
99363.623476	293.920000
99439.078712	297.810000
99456.463445	298.680000
99529.172070	302.446000
99556.659208	303.864000
99637.030641	307.959000
99659.287499	309.113000
99735.832438	312.979000
99756.183919	314.026000
99839.223948	318.264000
99856.926656	319.214000
99935.344927	323.373000
99953.211762	324.327000
100033.640311	328.662000
100054.464049	329.779000
100126.258719	333.681000
100139.752227	334.400000
100223.773490	338.969000
100241.202205	339.886000
100318.058842	344.079000
100334.491172	344.932000
100410.047505	349.213000
100423.420092	349.919000
100500.056151	354.326000
100514.253540	355.093000
100589.436610	359.503000
100601.163282	360.144000
100676.206239	364.580000
100685.815281	365.127000
100761.692778	369.562000
100773.299178	370.228000
100851.507994	374.776000
100860.226649	375.273000
100941.702199	379.967000
100943.725416	380.081000
101029.812324	384.951000
101041.487620	385.599000
101121.911918	390.076000
101124.466642	390.217000
101209.714409	394.906000
101217.673604	395.342000
101310.726327	400.437000
101310.930932	400.448000
101396.749378	405.127000
101400.392037	405.327000
101493.984152	410.396000
101495.185722	410.461000
101581.191202	415.167000
101586.427393	415.453000
101678.995849	420.465000
101681.549081	420.606000
101766.146313	425.214000
101771.731142	425.527000
101858.234208	430.208000
101869.842407	430.860000
101954.482107	435.436000
101957.436353	435.603000
102043.494768	440.307000
102050.994926	440.736000
102128.923963	445.054000
102142.665052	445.844000
102225.149585	450.473000
102233.544537	450.952000
102306.755519	455.120000
102318.170750	455.775000
102395.209093	460.219000
102407.739171	460.935000
102485.298817	465.384000
102493.838676	465.863000
102570.319692	470.271000
102584.073483	471.035000
102651.036453	474.886000
102667.589662	475.799000
102751.730409	480.636000
102758.622382	481.018000
102828.707814	485.093000
102842.879817	485.881000
102913.500530	490.016000
102927.967789	490.828000
103008.768585	495.543000
103015.176026	495.899000
103090.136370	500.264000
103100.053794	500.816000
103171.198138	504.993000
103187.431664	505.892000
103268.172082	510.628000
103273.207936	510.905000
103343.919128	515.009000
103360.937915	515.951000
103435.604623	520.310000
103452.771552	521.262000
103523.451818	525.407000
103537.771684	526.200000
103605.709156	530.132000
103632.464474	531.621000
103699.916432	535.482000
103720.895517	536.643000
103784.869397	540.271000
103813.585539	541.860000
103872.653509	545.240000
103908.529601	547.207000
103964.316141	550.396000
104006.651570	552.740000
104051.259568	555.319000
104084.755757	557.222000
104141.925044	560.510000
104192.357108	563.398000
104224.660626	565.259000
104272.168105	567.944000
104315.554475	570.435000
104373.090529	573.708000
104405.302597	575.583000
104454.273336	578.414000
104482.400894	580.041000
104550.852199	584.004000
104574.929359	585.387000
104639.757216	589.133000
104660.569470	590.322000
104723.892885	593.970000
104741.407759	594.976000
104823.177907	599.676000
104832.581782	600.215000
104904.944434	604.365000
104920.893407	605.275000
104998.724200	609.742000
105002.335009	609.946000
105090.257984	614.938000
105092.220053	615.047000
105183.261536	620.125000
105183.829440	620.156000
105265.715772	624.711000
105275.265444	625.251000
105356.443556	629.762000
105369.469030	630.487000
105452.172320	635.066000
105465.963166	635.831000
105530.540099	639.443000
105550.702021	640.576000
105625.482718	644.808000
105644.275694	645.863000
105712.426891	649.733000
105740.289454	651.291000
105797.174317	654.497000
105822.850867	655.922000
105894.733782	659.955000
105916.962147	661.171000
105987.703813	665.158000
106009.867655	666.365000
106079.606647	670.252000
106098.231418	671.262000
106170.797546	675.264000
106188.636705	676.219000
106270.498274	680.725000
106284.300102	681.456000
106361.445398	685.713000
106377.925817	686.579000
106457.788188	690.946000
106464.993636	691.321000
106551.403180	695.965000
106561.557487	696.486000
106656.554878	701.538000
106659.283071	701.679000
106743.008506	706.200000
106749.020542	706.510000
106844.960856	711.622000
106848.321290	711.800000
106942.385805	716.654000
106943.479453	716.712000
107036.469074	721.468000
107046.997066	722.031000
107141.381455	726.860000
107143.174334	726.956000
107233.053341	731.529000
107253.176602	732.597000
107328.983300	736.508000
107342.839393	737.234000
107433.079868	741.883000
107448.641102	742.696000
107519.880916	746.330000
107549.474161	747.857000
107627.514259	751.774000
107649.056418	752.874000
107723.745854	756.568000
107756.866245	758.249000
107822.277369	761.437000
107854.282937	763.056000
107929.867611	766.695000
107967.685135	768.581000
108028.957013	771.533000
108070.862534	773.590000
108134.161668	776.646000
108174.760189	778.612000
108231.462525	781.338000
108285.510019	783.938000
108342.919824	786.666000
108395.021642	789.177000
108448.131786	791.687000
108495.448381	793.950000
108545.597164	796.300000
108613.439710	799.545000
108659.510701	801.682000
108716.031228	804.383000
108765.864045	806.688000
108832.368019	809.887000
108869.065920	811.571000
108925.852542	814.309000
108971.555316	816.435000
109056.503835	820.512000
109091.682471	822.142000
109147.192042	824.789000
109184.405179	826.486000
109265.143649	830.260000
109295.384472	831.612000
109383.780961	835.709000
109420.688719	837.345000
109487.871731	840.422000
109511.179264	841.453000
109605.062682	845.705000
109634.925228	847.005000
109730.979190	851.273000
109751.139279	852.137000
109830.035935	855.657000
109859.157641	856.878000
109962.474678	861.510000
109973.081970	861.959000
110073.842027	866.446000
110097.078660	867.425000
110189.891497	871.471000
110203.126516	872.022000
110313.256722	876.717000
110321.312579	877.046000
110442.804450	882.148000
110452.793258	882.547000
110552.299255	886.678000
110568.442762	887.323000
110683.362951	892.037000
110685.950468	892.142000
110812.135529	897.169000
110817.783298	897.393000
110936.165046	902.187000
110940.557331	902.359000
111061.208131	907.125000
111066.704951	907.335000
111193.644581	912.205000
111197.787853	912.361000
111328.759574	917.323000
111332.703347	917.470000
111459.697042	922.229000
111464.583543	922.408000
111594.954271	927.215000
111605.484043	927.604000
111731.007069	932.097000
111745.549492	932.622000
111880.079301	937.407000
111883.147111	937.516000
112014.900378	942.196000
112028.144637	942.662000
112154.048851	947.085000
112171.750341	947.704000
112301.427163	952.164000
112322.393357	952.884000
112453.725051	957.385000
112455.139720	957.434000
112584.929029	961.932000
112615.533331	962.959000
112749.088199	967.435000
112763.888708	967.924000
112894.284933	972.128000
112904.217116	972.451000
113047.647875	977.004000
113080.635865	978.083000
113213.538536	982.195000
113231.428404	982.771000
113357.935996	986.758000
113395.292401	987.924000
113496.123600	991.076000
113552.922719	992.804000
113627.554056	995.084000
113720.626456	997.855000
113732.538704	998.206000
113821.040093	1000.847000
113843.019355	1001.484000
113867.372786	1002.187000
113867.755279	1002.198000
113869.290480	1002.242000
113872.745820	1002.341000
113874.249042	1002.384000
113875.611328	1002.423000
113876.521116	1002.449000
113877.745951	1002.484000
113883.417746	1002.646000
113884.154440	1002.667000
113886.841813	1002.746000
113890.775007	1002.858000
113893.095355	1002.924000
113894.044750	1002.951000
113939.218830	1004.241000
114010.715610	1006.265000
114079.781678	1008.185000
114084.414541	1008.312000
114183.969796	1011.069000
114248.271969	1012.790000
114281.794302	1013.694000
114387.855571	1016.486000
114456.471544	1018.260000
114488.162096	1019.081000
114607.521858	1022.122000
114642.837245	1023.017000
114723.199949	1025.063000
114843.055899	1028.037000
114862.514785	1028.514000
115058.599343	1033.223000
115062.774528	1033.317000
115253.485442	1037.998000
115270.396980	1038.358000
115473.069206	1042.983000
115495.453362	1043.457000
115721.963293	1047.998000
115759.299594	1048.705000
115999.377360	1053.322000
116012.646806	1053.565000
116265.988259	1058.135000
116272.825973	1058.251000
116594.383418	1063.635000
116599.283465	1063.709000
116919.725807	1068.466000
116941.648216	1068.775000
117283.983665	1073.364000
117326.717275	1073.837000
117759.364856	1078.574000
117780.257359	1078.790000
118365.710103	1083.945000
118429.281354	1084.508000
118820.052957	1088.725000
118836.824780	1088.878000
119612.343437	1093.785000
119913.885524	1094.324000
120768.233536	1099.230000
121716.444895	1093.785000
124461.652722	1088.878000
124485.833353	1088.725000
124948.099866	1084.508000
125000.270701	1083.945000
125582.348494	1078.790000
125606.879589	1078.574000
126065.063791	1073.837000
126108.264616	1073.364000
126522.861946	1068.775000
126545.913080	1068.466000
126883.404660	1063.709000
126888.389468	1063.635000
127244.900983	1058.251000
127251.829041	1058.135000
127521.211373	1053.565000
127534.682264	1053.322000
127786.801735	1048.705000
127823.564780	1047.998000
128063.372621	1043.457000
128087.016247	1042.983000
128305.427058	1038.358000
128321.202626	1037.998000
128541.099599	1033.317000
128544.929299	1033.223000
128754.088314	1028.514000
128773.950776	1028.037000
128895.273057	1025.063000
128977.729437	1023.017000
129012.883210	1022.122000
129132.876608	1019.081000
129165.100996	1018.260000
129233.577291	1016.486000
129341.568158	1013.694000
129375.908913	1012.790000
129439.727424	1011.069000
129542.737937	1008.312000
129547.323906	1008.185000
129617.364030	1006.265000
129690.171177	1004.241000
129735.739777	1002.951000
129736.685281	1002.924000
129739.006023	1002.858000
129742.943583	1002.746000
129745.717890	1002.667000
129746.432255	1002.646000
129752.115324	1002.484000
129753.340711	1002.449000
129754.250589	1002.423000
129755.615271	1002.384000
129757.117279	1002.341000
129760.578184	1002.242000
129762.113891	1002.198000
129762.497691	1002.187000
129786.942454	1001.484000
129809.009503	1000.847000
129900.135454	998.206000
129911.897660	997.855000
130005.939938	995.084000
130082.520620	992.804000
130139.083318	991.076000
130242.689118	987.924000
130279.988984	986.758000
130407.724822	982.771000
130426.001313	982.195000
130553.715095	978.083000
130588.589118	977.004000
130727.786818	972.451000
130737.962117	972.128000
130867.234240	967.924000
130882.401641	967.435000
131017.876242	962.959000
131048.519863	961.932000
131182.558955	957.434000
131183.972845	957.385000
131313.920286	952.884000
131334.928688	952.164000
131464.802611	947.704000
131482.800358	947.085000
131609.284510	942.662000
131622.549571	942.196000
131755.560577	937.516000
131758.629189	937.407000
131893.303239	932.622000
131908.063563	932.097000
132032.518999	927.604000
132043.386672	927.215000
132173.506492	922.408000
132178.361154	922.229000
132308.276565	917.470000
132312.199253	917.323000
132445.321721	912.361000
132449.439332	912.205000
132578.783784	907.335000
132584.257567	907.125000
132709.009223	902.359000
132713.363386	902.187000
132835.785570	897.393000
132841.316966	897.169000
132968.063988	892.142000
132970.699641	892.037000
133086.866827	887.323000
133102.590951	886.678000
133205.984482	882.547000
133215.595447	882.148000
133343.321998	877.046000
133351.156342	876.717000
133466.117587	872.022000
133479.042346	871.471000
133576.227255	867.425000
133598.684933	866.446000
133705.184191	861.959000
133715.266934	861.510000
133824.694500	856.878000
133851.928979	855.657000
133935.883444	852.137000
133955.248987	851.273000
134054.836090	847.005000
134084.093389	845.705000
134181.766884	841.453000
134204.531184	840.422000
134274.092077	837.345000
134309.812391	835.709000
134402.239705	831.612000
134431.410331	830.260000
134515.825173	826.486000
134552.129673	824.789000
134610.175150	822.142000
134644.357470	820.512000
134732.347223	816.435000
134776.644636	814.309000
134835.503618	811.571000
134870.430086	809.887000
134940.143024	806.688000
134988.061642	804.383000
135046.455759	801.682000
135091.174147	799.545000
135161.132203	796.300000
135210.263169	793.950000
135258.555379	791.687000
135311.036446	789.177000
135364.167750	786.666000
135420.772194	783.938000
135475.488284	781.338000
135532.155002	778.612000
135573.048910	776.646000
135636.156276	773.590000
135678.763055	771.533000
135738.901654	768.581000
135778.047576	766.695000
135851.015748	763.056000
135884.643554	761.437000
135947.666253	758.249000
135982.156874	756.568000
136054.938983	752.874000
136077.180017	751.774000
136153.889689	747.857000
136184.312775	746.330000
136254.739660	742.696000
136270.677461	741.883000
136359.661688	737.234000
136373.753877	736.508000
136448.397376	732.597000
136469.098361	731.529000
136555.262848	726.956000
136557.149658	726.860000
136647.335204	722.031000
136658.339224	721.468000
136747.275510	716.712000
136748.409530	716.654000
136839.936519	711.800000
136843.385939	711.622000
136939.894581	706.510000
136945.712558	706.200000
137033.391323	701.679000
137036.002534	701.538000
137133.753088	696.486000
137143.549929	695.965000
137234.061637	691.321000
137241.039152	690.946000
137324.948995	686.579000
137340.786140	685.713000
137421.799010	681.456000
137435.046182	680.725000
137520.122837	676.219000
137537.472549	675.264000
137612.228896	671.262000
137630.542686	670.252000
137702.220396	666.365000
137723.875905	665.158000
137797.088196	661.171000
137818.663784	659.955000
137892.386642	655.922000
137917.785390	654.497000
137975.553122	651.291000
138003.197108	649.733000
138072.406428	645.863000
138090.985113	644.808000
138166.370778	640.576000
138186.391225	639.443000
138250.667361	635.831000
138264.344369	635.066000
138346.891141	630.487000
138359.985678	629.762000
138441.031076	625.251000
138450.748695	624.711000
138531.301946	620.156000
138531.859240	620.125000
138624.885540	615.047000
138626.839759	614.938000
138716.698883	609.946000
138720.291889	609.742000
138799.357987	605.275000
138815.213376	604.365000
138887.947704	600.215000
138897.346131	599.676000
138979.346522	594.976000
138996.848813	593.970000
139060.361995	590.322000
139081.001123	589.133000
139146.571101	585.387000
139170.505144	584.004000
139239.498482	580.041000
139267.600999	578.414000
139316.543295	575.583000
139348.977112	573.708000
139405.206498	570.435000
139448.995777	567.944000
139495.761094	565.259000
139528.688996	563.398000
139578.819336	560.510000
139636.236450	557.222000
139669.324392	555.319000
139714.719384	552.740000
139755.262675	550.396000
139812.859809	547.207000
139847.269381	545.240000
139908.917164	541.860000
139936.686101	540.271000
140002.250709	536.643000
140022.723056	535.482000
140092.490712	531.621000
140118.503653	530.132000
140189.156380	526.200000
140202.857910	525.407000
140277.707652	521.262000
140293.941093	520.310000
140372.544708	515.951000
140388.680528	515.009000
140462.826070	510.905000
140467.598731	510.628000
140553.699118	505.892000
140569.025477	504.993000
140644.450882	500.816000
140653.852768	500.264000
140732.275872	495.899000
140738.389476	495.543000
140823.252078	490.828000
140837.167295	490.016000
140910.839856	485.881000
140924.297926	485.093000
140997.585885	481.018000
141004.155857	480.636000
141091.424112	475.799000
141107.305961	474.886000
141177.126778	471.035000
141190.411563	470.271000
141269.765899	465.863000
141278.076790	465.384000
141357.395857	460.935000
141369.877922	460.219000
141447.648410	455.775000
141459.003071	455.120000
141531.642284	450.952000
141540.055926	450.473000
141621.183763	445.844000
141635.260838	445.054000
141710.367195	440.736000
141718.109566	440.307000
141800.349062	435.603000
141803.404283	435.436000
141884.354167	430.860000
141896.413845	430.208000
141979.754310	425.527000
141985.538429	425.214000
142067.758537	420.606000
142070.347124	420.465000
142161.104566	415.453000
142166.386805	415.167000
142252.545961	410.461000
142253.733882	410.396000
142347.437853	405.327000
142351.130578	405.127000
142436.350594	400.448000
142436.552347	400.437000
142531.322126	395.342000
142539.285028	394.906000
142624.882886	390.217000
142627.446319	390.076000
142708.563335	385.599000
142720.203930	384.951000
142807.948825	380.081000
142809.964001	379.967000
142893.270864	375.273000
142901.897483	374.776000
142981.681065	370.228000
142993.133807	369.562000
143070.422676	365.127000
143079.781186	364.580000
143157.707535	360.144000
143168.551208	359.503000
143249.229245	355.093000
143262.305303	354.326000
143343.880135	349.919000
143356.157208	349.213000
143437.245089	344.932000
143452.299878	344.079000
143533.074510	339.886000
143549.882890	338.969000
143636.722363	334.400000
143649.944356	333.681000
143723.173379	329.779000
143743.725570	328.662000
143824.541059	324.327000
143842.240906	323.373000
143920.132065	319.214000
143938.044390	318.264000
144017.017103	314.026000
144037.532183	312.979000
144112.679106	309.113000
144135.527750	307.959000
144214.506809	303.864000
144242.337503	302.446000
144315.339311	298.680000
144332.136046	297.810000
144409.867784	293.920000
144446.101815	292.052000
144510.925090	288.916000
144545.060229	287.172000
144620.508732	283.681000
144653.440378	282.056000
144723.938936	278.949000
144770.002365	276.755000
144835.149724	274.037000
144890.283195	271.601000
144964.771656	268.793000
145015.397620	266.612000
145089.499173	263.996000
145156.080668	261.292000
145223.786999	259.101000
145298.204229	256.228000
145383.092383	253.907000
145470.689320	250.909000
145534.991098	249.006000
145633.339179	245.758000
145682.127198	244.176000
145796.483116	240.610000
145864.927159	238.619000
145962.908774	235.224000
146008.623185	233.968000
146126.254807	230.037000
146171.969207	228.921000
146298.569628	224.914000
146344.696806	223.869000
146494.999185	219.529000
146541.115704	218.704000
146726.667502	214.047000
146742.236576	213.900000
147401.704810	209.540000
148083.407410	214.047000
148576.639915	218.704000
148609.510912	219.529000
148852.111750	223.869000
148888.302069	224.914000
149065.174416	228.921000
149100.434229	230.037000
149261.458696	233.968000
149299.043361	235.224000
149422.610577	238.619000
149480.071961	240.610000
149602.659333	244.176000
149653.391543	245.758000
149753.558096	249.006000
149811.180140	250.909000
149912.481627	253.907000
149980.297668	256.228000
150085.374646	259.101000
150142.126526	261.292000
150225.685595	263.996000
150290.100237	266.612000
150351.879857	268.793000
150417.059915	271.601000
150481.680246	274.037000
150543.196164	276.755000
150595.783840	278.949000
150661.015871	282.056000
150697.887502	283.681000
150768.634810	287.172000
150806.326643	288.916000
150867.707260	292.052000
150906.320104	293.920000
150981.775339	297.810000
150999.160072	298.680000
151071.868697	302.446000
151099.355835	303.864000
151179.727269	307.959000
151201.984127	309.113000
151278.529065	312.979000
151298.880547	314.026000
151381.920575	318.264000
151399.623283	319.214000
151478.041555	323.373000
151495.908389	324.327000
151576.336939	328.662000
151597.160676	329.779000
151668.955346	333.681000
151682.448854	334.400000
151766.470118	338.969000
151783.898832	339.886000
151860.755469	344.079000
151877.187800	344.932000
151952.744133	349.213000
151966.116719	349.919000
152042.752778	354.326000
152056.950168	355.093000
152132.133237	359.503000
152143.859909	360.144000
152218.902866	364.580000
152228.511908	365.127000
152304.389405	369.562000
152315.995806	370.228000
152394.204622	374.776000
152402.923276	375.273000
152484.398826	379.967000
152486.422044	380.081000
152572.508952	384.951000
152584.184248	385.599000
152664.608545	390.076000
152667.163269	390.217000
152752.411037	394.906000
152760.370232	395.342000
152853.422954	400.437000
152853.627560	400.448000
152939.446005	405.127000
152943.088664	405.327000
153036.680779	410.396000
153037.882349	410.461000
153123.887829	415.167000
153129.124021	415.453000
153221.692477	420.465000
153224.245709	420.606000
153308.842940	425.214000
153314.427769	425.527000
153400.930835	430.208000
153412.539035	430.860000
153497.178734	435.436000
153500.132980	435.603000
153586.191395	440.307000
153593.691553	440.736000
153671.620590	445.054000
153685.361679	445.844000
153767.846212	450.473000
153776.241164	450.952000
153849.452146	455.120000
153860.867378	455.775000
153937.905720	460.219000
153950.435799	460.935000
154027.995444	465.384000
154036.535303	465.863000
154113.016319	470.271000
154126.770111	471.035000
154193.733081	474.886000
154210.286289	475.799000
154294.427037	480.636000
154301.319010	481.018000
154371.404441	485.093000
154385.576444	485.881000
154456.197157	490.016000
154470.664417	490.828000
154551.465212	495.543000
154557.872654	495.899000
154632.832998	500.264000
154642.750421	500.816000
154713.894765	504.993000
154730.128291	505.892000
154810.868709	510.628000
154815.904564	510.905000
154886.615755	515.009000
154903.634542	515.951000
154978.301251	520.310000
154995.468179	521.262000
155066.148445	525.407000
155080.468312	526.200000
155148.405783	530.132000
155175.161101	531.621000
155242.613059	535.482000
155263.592144	536.643000
155327.566025	540.271000
155356.282167	541.860000
155415.350137	545.240000
155451.226228	547.207000
155507.012768	550.396000
155549.348197	552.740000
155593.956196	555.319000
155627.452384	557.222000
155684.621671	560.510000
155735.053735	563.398000
155767.357254	565.259000
155814.864732	567.944000
155858.251103	570.435000
155915.787156	573.708000
155947.999224	575.583000
155996.969963	578.414000
156025.097521	580.041000
156093.548826	584.004000
156117.625986	585.387000
156182.453843	589.133000
156203.266097	590.322000
156266.589512	593.970000
156284.104386	594.976000
156365.874535	599.676000
156375.278409	600.215000
156447.641061	604.365000
156463.590034	605.275000
156541.420828	609.742000
156545.031637	609.946000
156632.954612	614.938000
156634.916680	615.047000
156725.958164	620.125000
156726.526068	620.156000
156808.412400	624.711000
156817.962072	625.251000
156899.140184	629.762000
156912.165658	630.487000
156994.868948	635.066000
157008.659793	635.831000
157073.236726	639.443000
157093.398648	640.576000
157168.179345	644.808000
157186.972321	645.863000
157255.123518	649.733000
157282.986081	651.291000
157339.870944	654.497000
157365.547494	655.922000
157437.430409	659.955000
157459.658774	661.171000
157530.400441	665.158000
157552.564282	666.365000
157622.303274	670.252000
157640.928046	671.262000
157713.494174	675.264000
157731.333332	676.219000
157813.194901	680.725000
157826.996729	681.456000
157904.142025	685.713000
157920.622445	686.579000
158000.484816	690.946000
158007.690264	691.321000
158094.099808	695.965000
158104.254114	696.486000
158199.251506	701.538000
158201.979698	701.679000
158285.705133	706.200000
158291.717170	706.510000
158387.657483	711.622000
158391.017917	711.800000
158485.082433	716.654000
158486.176080	716.712000
158579.165701	721.468000
158589.693693	722.031000
158684.078082	726.860000
158685.870961	726.956000
158775.749969	731.529000
158795.873230	732.597000
158871.679927	736.508000
158885.536020	737.234000
158975.776496	741.883000
158991.337730	742.696000
159062.577543	746.330000
159092.170789	747.857000
159170.210886	751.774000
159191.753046	752.874000
159266.442481	756.568000
159299.562873	758.249000
159364.973997	761.437000
159396.979564	763.056000
159472.564238	766.695000
159510.381763	768.581000
159571.653641	771.533000
159613.559161	773.590000
159676.858295	776.646000
159717.456817	778.612000
159774.159152	781.338000
159828.206646	783.938000
159885.616451	786.666000
159937.718269	789.177000
159990.828413	791.687000
160038.145009	793.950000
160088.293791	796.300000
160156.136337	799.545000
160202.207328	801.682000
160258.727855	804.383000
160308.560673	806.688000
160375.064646	809.887000
160411.762548	811.571000
160468.549169	814.309000
160514.251944	816.435000
160599.200462	820.512000
160634.379098	822.142000
160689.888669	824.789000
160727.101806	826.486000
160807.840277	830.260000
160838.081100	831.612000
160926.477588	835.709000
160963.385346	837.345000
161030.568358	840.422000
161053.875892	841.453000
161147.759310	845.705000
161177.621855	847.005000
161273.675818	851.273000
161293.835906	852.137000
161372.732563	855.657000
161401.854268	856.878000
161505.171306	861.510000
161515.778598	861.959000
161616.538654	866.446000
161639.775288	867.425000
161732.588125	871.471000
161745.823143	872.022000
161855.953349	876.717000
161864.009206	877.046000
161985.501078	882.148000
161995.489885	882.547000
162094.995882	886.678000
162111.139389	887.323000
162226.059578	892.037000
162228.647095	892.142000
162354.832157	897.169000
162360.479925	897.393000
162478.861673	902.187000
162483.253958	902.359000
162603.904758	907.125000
162609.401579	907.335000
162736.341208	912.205000
162740.484480	912.361000
162871.456201	917.323000
162875.399974	917.470000
163002.393669	922.229000
163007.280171	922.408000
163137.650899	927.215000
163148.180670	927.604000
163273.703697	932.097000
163288.246119	932.622000
163422.775928	937.407000
163425.843738	937.516000
163557.597006	942.196000
163570.841264	942.662000
163696.745479	947.085000
163714.446969	947.704000
163844.123790	952.164000
163865.089984	952.884000
163996.421679	957.385000
163997.836348	957.434000
164127.625657	961.932000
164158.229958	962.959000
164291.784826	967.435000
164306.585335	967.924000
164436.981560	972.128000
164446.913743	972.451000
164590.344502	977.004000
164623.332492	978.083000
164756.235163	982.195000
164774.125031	982.771000
164900.632623	986.758000
164937.989028	987.924000
165038.820228	991.076000
165095.619346	992.804000
165170.250684	995.084000
165263.323083	997.855000
165275.235331	998.206000
165363.736720	1000.847000
165385.715982	1001.484000
165410.069413	1002.187000
165410.451906	1002.198000
165411.987108	1002.242000
165415.442447	1002.341000
165416.945669	1002.384000
165418.307955	1002.423000
165419.217743	1002.449000
165420.442578	1002.484000
165426.114373	1002.646000
165426.851068	1002.667000
165429.538441	1002.746000
165433.471634	1002.858000
165435.791982	1002.924000
165436.741377	1002.951000
165481.915457	1004.241000
165553.412237	1006.265000
165622.478306	1008.185000
165627.111168	1008.312000
165726.666423	1011.069000
165790.968596	1012.790000
165824.490929	1013.694000
165930.552198	1016.486000
165999.168172	1018.260000
166030.858723	1019.081000
166150.218485	1022.122000
166185.533872	1023.017000
166265.896576	1025.063000
166385.752527	1028.037000
166405.211413	1028.514000
166601.295971	1033.223000
166605.471156	1033.317000
166796.182070	1037.998000
166813.093608	1038.358000
167015.765833	1042.983000
167038.149990	1043.457000
167264.659920	1047.998000
167301.996221	1048.705000
167542.073987	1053.322000
167555.343433	1053.565000
167808.684887	1058.135000
167815.522600	1058.251000
168137.080046	1063.635000
168141.980092	1063.709000
168462.422435	1068.466000
168484.344843	1068.775000
168826.680292	1073.364000
168869.413903	1073.837000
169302.061483	1078.574000
169322.953987	1078.790000
169908.406730	1083.945000
169971.977981	1084.508000
170362.749585	1088.725000
170379.521407	1088.878000
171155.040065	1093.785000
171456.582151	1094.324000
172310.930164	1099.230000
173259.141523	1093.785000
176004.349350	1088.878000
176028.529980	1088.725000
176490.796493	1084.508000
176542.967328	1083.945000
177125.045122	1078.790000
177149.576216	1078.574000
177607.760419	1073.837000
177650.961243	1073.364000
178065.558574	1068.775000
178088.609708	1068.466000
178426.101287	1063.709000
178431.086095	1063.635000
178787.597610	1058.251000
178794.525668	1058.135000
179063.908000	1053.565000
179077.378892	1053.322000
179329.498362	1048.705000
179366.261408	1047.998000
179606.069248	1043.457000
179629.712874	1042.983000
179848.123686	1038.358000
179863.899254	1037.998000
180083.796226	1033.317000
180087.625926	1033.223000
180296.784942	1028.514000
180316.647404	1028.037000
180437.969684	1025.063000
180520.426064	1023.017000
180555.579838	1022.122000
180675.573235	1019.081000
180707.797624	1018.260000
180776.273918	1016.486000
180884.264786	1013.694000
180918.605540	1012.790000
180982.424052	1011.069000
181085.434564	1008.312000
181090.020533	1008.185000
181160.060657	1006.265000
181232.867805	1004.241000
181278.436404	1002.951000
181279.381908	1002.924000
181281.702650	1002.858000
181285.640211	1002.746000
181288.414517	1002.667000
181289.128882	1002.646000
181294.811951	1002.484000
181296.037339	1002.449000
181296.947217	1002.423000
181298.311898	1002.384000
181299.813906	1002.341000
181303.274812	1002.242000
181304.810518	1002.198000
181305.194319	1002.187000
181329.639081	1001.484000
181351.706130	1000.847000
181442.832081	998.206000
181454.594288	997.855000
181548.636565	995.084000
181625.217248	992.804000
181681.779945	991.076000
181785.385745	987.924000
181822.685611	986.758000
181950.421449	982.771000
181968.697941	982.195000
182096.411723	978.083000
182131.285746	977.004000
182270.483446	972.451000
182280.658745	972.128000
182409.930867	967.924000
182425.098268	967.435000
182560.572869	962.959000
182591.216490	961.932000
182725.255582	957.434000
182726.669472	957.385000
182856.616913	952.884000
182877.625316	952.164000
183007.499239	947.704000
183025.496986	947.085000
183151.981138	942.662000
183165.246199	942.196000
183298.257204	937.516000
183301.325817	937.407000
183435.999867	932.622000
183450.760191	932.097000
183575.215626	927.604000
183586.083300	927.215000
183716.203120	922.408000
183721.057782	922.229000
183850.973193	917.470000
183854.895881	917.323000
183988.018348	912.361000
183992.135960	912.205000
184121.480411	907.335000
184126.954194	907.125000
184251.705851	902.359000
184256.060013	902.187000
184378.482197	897.393000
184384.013593	897.169000
184510.760615	892.142000
184513.396269	892.037000
184629.563454	887.323000
184645.287578	886.678000
184748.681110	882.547000
184758.292074	882.148000
184886.018625	877.046000
184893.852970	876.717000
185008.814214	872.022000
185021.738973	871.471000
185118.923882	867.425000
185141.381561	866.446000
185247.880819	861.959000
185257.963561	861.510000
185367.391128	856.878000
185394.625606	855.657000
185478.580071	852.137000
185497.945614	851.273000
185597.532717	847.005000
185626.790016	845.705000
185724.463511	841.453000
185747.227811	840.422000
185816.788704	837.345000
185852.509019	835.709000
185944.936333	831.612000
185974.106958	830.260000
186058.521800	826.486000
186094.826301	824.789000
186152.871777	822.142000
186187.054097	820.512000
186275.043850	816.435000
186319.341263	814.309000
186378.200245	811.571000
186413.126714	809.887000
186482.839651	806.688000
186530.758269	804.383000
186589.152386	801.682000
186633.870774	799.545000
186703.828831	796.300000
186752.959796	793.950000
186801.252007	791.687000
186853.733074	789.177000
186906.864377	786.666000
186963.468821	783.938000
187018.184911	781.338000
187074.851630	778.612000
187115.745537	776.646000
187178.852903	773.590000
187221.459683	771.533000
187281.598281	768.581000
187320.744203	766.695000
187393.712375	763.056000
187427.340181	761.437000
187490.362880	758.249000
187524.853501	756.568000
187597.635611	752.874000
187619.876645	751.774000
187696.586316	747.857000
187727.009402	746.330000
187797.436288	742.696000
187813.374089	741.883000
187902.358316	737.234000
187916.450505	736.508000
187991.094003	732.597000
188011.794988	731.529000
188097.959475	726.956000
188099.846286	726.860000
188190.031832	722.031000
188201.035851	721.468000
188289.972137	716.712000
188291.106157	716.654000
188382.633146	711.800000
188386.082566	711.622000
188482.591208	706.510000
188488.409185	706.200000
188576.087950	701.679000
188578.699161	701.538000
188676.449715	696.486000
188686.246556	695.965000
188776.758265	691.321000
188783.735779	690.946000
188867.645623	686.579000
188883.482768	685.713000
188964.495637	681.456000
188977.742809	680.725000
189062.819465	676.219000
189080.169176	675.264000
189154.925523	671.262000
189173.239314	670.252000
189244.917024	666.365000
189266.572533	665.158000
189339.784824	661.171000
189361.360411	659.955000
189435.083269	655.922000
189460.482018	654.497000
189518.249750	651.291000
189545.893735	649.733000
189615.103055	645.863000
189633.681741	644.808000
189709.067406	640.576000
189729.087852	639.443000
189793.363988	635.831000
189807.040997	635.066000
189889.587769	630.487000
189902.682306	629.762000
189983.727703	625.251000
189993.445323	624.711000
190073.998573	620.156000
190074.555868	620.125000
190167.582168	615.047000
190169.536386	614.938000
190259.395511	609.946000
190262.988517	609.742000
190342.054614	605.275000
190357.910003	604.365000
190430.644332	600.215000
190440.042758	599.676000
190522.043149	594.976000
190539.545441	593.970000
190603.058622	590.322000
190623.697750	589.133000
190689.267728	585.387000
190713.201772	584.004000
190782.195109	580.041000
190810.297626	578.414000
190859.239922	575.583000
190891.673739	573.708000
190947.903126	570.435000
190991.692404	567.944000
191038.457721	565.259000
191071.385624	563.398000
191121.515963	560.510000
191178.933077	557.222000
191212.021019	555.319000
191257.416011	552.740000
191297.959303	550.396000
191355.556437	547.207000
191389.966009	545.240000
191451.613792	541.860000
191479.382728	540.271000
191544.947336	536.643000
191565.419683	535.482000
191635.187339	531.621000
191661.200280	530.132000
191731.853007	526.200000
191745.554537	525.407000
191820.404280	521.262000
191836.637721	520.310000
191915.241335	515.951000
191931.377155	515.009000
192005.522697	510.905000
192010.295358	510.628000
192096.395746	505.892000
192111.722105	504.993000
192187.147509	500.816000
192196.549395	500.264000
192274.972500	495.899000
192281.086104	495.543000
192365.948705	490.828000
192379.863922	490.016000
192453.536483	485.881000
192466.994554	485.093000
192540.282513	481.018000
192546.852485	480.636000
192634.120739	475.799000
192650.002588	474.886000
192719.823405	471.035000
192733.108191	470.271000
192812.462527	465.863000
192820.773417	465.384000
192900.092484	460.935000
192912.574549	460.219000
192990.345037	455.775000
193001.699698	455.120000
193074.338911	450.952000
193082.752553	450.473000
193163.880391	445.844000
193177.957466	445.054000
193253.063822	440.736000
193260.806193	440.307000
193343.045690	435.603000
193346.100910	435.436000
193427.050795	430.860000
193439.110472	430.208000
193522.450938	425.527000
193528.235057	425.214000
193610.455164	420.606000
193613.043752	420.465000
193703.801194	415.453000
193709.083432	415.167000
193795.242588	410.461000
193796.430509	410.396000
193890.134481	405.327000
193893.827206	405.127000
193979.047222	400.448000
193979.248975	400.437000
194074.018754	395.342000
194081.981656	394.906000
194167.579514	390.217000
194170.142946	390.076000
194251.259962	385.599000
194262.900558	384.951000
194350.645452	380.081000
194352.660628	379.967000
194435.967491	375.273000
194444.594110	374.776000
194524.377692	370.228000
194535.830435	369.562000
194613.119304	365.127000
194622.477813	364.580000
194700.404162	360.144000
194711.247835	359.503000
194791.925873	355.093000
194805.001930	354.326000
194886.576763	349.919000
194898.853835	349.213000
194979.941717	344.932000
194994.996506	344.079000
195075.771137	339.886000
195092.579517	338.969000
195179.418990	334.400000
195192.640984	333.681000
195265.870007	329.779000
195286.422197	328.662000
195367.237687	324.327000
195384.937533	323.373000
195462.828693	319.214000
195480.741017	318.264000
195559.713730	314.026000
195580.228810	312.979000
195655.375733	309.113000
195678.224377	307.959000
195757.203436	303.864000
195785.034130	302.446000
195858.035939	298.680000
195874.832673	297.810000
195952.564412	293.920000
195988.798442	292.052000
196053.621717	288.916000
196087.756856	287.172000
196163.205360	283.681000
196196.137006	282.056000
196266.635563	278.949000
196312.698993	276.755000
196377.846351	274.037000
196432.979823	271.601000
196507.468284	268.793000
196558.094247	266.612000
196632.195800	263.996000
196698.777295	261.292000
196766.483627	259.101000
196840.900857	256.228000
196925.789011	253.907000
197013.385947	250.909000
197077.687725	249.006000
197176.035806	245.758000
197224.823826	244.176000
197339.179743	240.610000
197407.623786	238.619000
197505.605402	235.224000
197551.319813	233.968000
197668.951434	230.037000
197714.665834	228.921000
197841.266256	224.914000
197887.393434	223.869000
198037.695813	219.529000
198083.812331	218.704000
198269.364129	214.047000
198284.933203	213.900000
198944.401438	209.540000
