0.000000	500.000000
15.032449	500.816000
87.793132	504.993000
104.442801	505.892000
187.021089	510.628000
192.187860	510.905000
264.544192	515.009000
281.999719	515.951000
358.382756	520.310000
375.988503	521.262000
448.278364	525.407000
462.965339	526.200000
532.492570	530.132000
559.926799	531.621000
628.993581	535.482000
650.511233	536.643000
716.046400	540.271000
745.499900	541.860000
805.982924	545.240000
842.797967	547.207000
899.923747	550.396000
943.344917	552.740000
988.999070	555.319000
1023.309711	557.222000
1081.834285	560.510000
1133.472646	563.398000
1166.539326	565.259000
1215.214438	567.944000
1259.633018	570.435000
1318.564307	573.708000
1351.521325	575.583000
1401.640727	578.414000
1430.427257	580.041000
1500.479294	584.004000
1525.128741	585.387000
1591.478633	589.133000
1612.791140	590.322000
1677.610595	593.970000
1695.541829	594.976000
1779.252918	599.676000
1788.881308	600.215000
1862.969536	604.365000
1879.302878	605.275000
1958.986724	609.742000
1962.686345	609.946000
2052.749909	614.938000
2054.761948	615.047000
2148.102947	620.125000
2148.685850	620.156000
2232.652089	624.711000
2242.436222	625.251000
2325.680612	629.762000
2339.036511	630.487000
2423.860881	635.066000
2438.004033	635.831000
2504.202611	639.443000
2524.865968	640.576000
2601.479602	644.808000
2620.740951	645.863000
2690.550853	649.733000
2719.113510	651.291000
2777.404598	654.497000
2803.736444	655.922000
2877.413048	659.955000
2900.225884	661.171000
2972.716290	665.158000
2995.468396	666.365000
3066.971490	670.252000
3086.094938	671.262000
3160.537355	675.264000
3178.867119	676.219000
3262.853742	680.725000
3277.043679	681.456000
3356.181277	685.713000
3373.132807	686.579000
3455.096930	690.946000
3462.512521	691.321000
3551.279205	695.965000
3561.738576	696.486000
3659.384760	701.538000
3662.193682	701.679000
3748.180801	706.200000
3754.371599	706.510000
3852.976290	711.622000
3856.431200	711.800000
3953.288148	716.654000
3954.412465	716.712000
4050.214338	721.468000
4061.032513	722.031000
4158.269283	726.860000
4160.111448	726.956000
4252.738370	731.529000
4273.425089	732.597000
4351.483223	736.508000
4365.737794	737.234000
4458.666400	741.883000
4474.677837	742.696000
4548.084018	746.330000
4578.555894	747.857000
4659.050706	751.774000
4681.246564	752.874000
4758.358839	756.568000
4792.497061	758.249000
4860.096268	761.437000
4893.092291	763.056000
4971.271163	766.695000
5010.294288	768.581000
5073.666007	771.533000
5116.952529	773.590000
5182.411561	776.646000
5224.386596	778.612000
5283.040928	781.338000
5338.946572	783.938000
5398.381768	786.666000
5452.267965	789.177000
5507.273364	791.687000
5556.236700	793.950000
5608.207340	796.300000
5678.410508	799.545000
5726.191579	801.682000
5784.682526	804.383000
5836.376057	806.688000
5905.166778	809.887000
5943.258139	811.571000
6001.987765	814.309000
6049.376742	816.435000
6137.260123	820.512000
6173.747504	822.142000
6231.201000	824.789000
6269.845940	826.486000
6353.533050	830.260000
6384.987195	831.612000
6476.670331	835.709000
6515.086004	837.345000
6584.830377	840.422000
6609.094379	841.453000
6706.642818	845.705000
6737.773151	847.005000
6837.731587	851.273000
6858.776522	852.137000
6940.852577	855.657000
6971.313662	856.878000
7078.751530	861.510000
7089.836843	861.959000
7194.673558	866.446000
7218.967868	867.425000
7315.709414	871.471000
7329.562417	872.022000
7444.581009	876.717000
7453.028818	877.046000
7580.089352	882.148000
7590.587857	882.547000
7694.768126	886.678000
7711.734967	887.323000
7832.194054	892.037000
7834.909205	892.142000
7967.570170	897.169000
7973.510574	897.393000
8097.757527	902.187000
8102.383736	902.359000
8229.340415	907.125000
8235.146062	907.335000
8369.152876	912.205000
8373.536409	912.361000
8512.001121	917.323000
8516.178657	917.470000
8650.612415	922.229000
8655.799756	922.408000
8794.083041	927.215000
8805.249212	927.604000
8938.901642	932.097000
8954.368409	932.622000
9097.732982	937.407000
9101.002735	937.516000
9241.433828	942.196000
9255.568845	942.662000
9389.970246	947.085000
9408.878567	947.704000
9547.726728	952.164000
9570.180744	952.884000
9710.873742	957.385000
9712.386910	957.434000
9851.202103	961.932000
9884.092430	962.959000
10027.651913	967.435000
10043.597011	967.924000
10184.646554	972.128000
10195.374558	972.451000
10350.940873	977.004000
10386.538035	978.083000
10531.358421	982.195000
10550.714300	982.771000
10688.101192	986.758000
10728.741260	987.924000
10838.405213	991.076000
10900.497158	992.804000
10982.017056	995.084000
11084.203188	997.855000
11097.310104	998.206000
11194.431720	1000.847000
11218.701353	1001.484000
11245.616167	1002.187000
11246.039241	1002.198000
11247.738620	1002.242000
11251.563763	1002.341000
11253.228470	1002.384000
11254.736826	1002.423000
11255.744566	1002.449000
11257.101303	1002.484000
11263.384531	1002.646000
11264.201012	1002.667000
11267.159357	1002.746000
11271.519582	1002.858000
11274.092506	1002.924000
11275.145286	1002.951000
11325.191706	1004.241000
11404.558212	1006.265000
11481.557673	1008.185000
11486.740597	1008.312000
11597.835202	1011.069000
11670.219656	1012.790000
11707.880212	1013.694000
11827.813280	1016.486000
11905.803338	1018.260000
11941.801998	1019.081000
12078.061198	1022.122000
12118.441862	1023.017000
12210.202338	1025.063000
12348.167202	1028.037000
12370.656204	1028.514000
12598.884966	1033.223000
12603.867833	1033.317000
12824.180409	1037.998000
12844.890917	1038.358000
13085.414287	1042.983000
13112.899380	1043.457000
13399.569637	1047.998000
13448.639637	1048.705000
13760.728618	1053.322000
13778.624422	1053.565000
14124.652899	1058.135000
14134.569560	1058.251000
14607.916568	1063.635000
14616.343895	1063.709000
15187.299945	1068.466000
15232.032743	1068.775000
16088.053366	1073.364000
17001.714078	1068.466000
17690.367534	1063.709000
17699.249339	1063.635000
18312.394328	1058.251000
18322.592740	1058.135000
18713.274994	1053.565000
18731.674320	1053.322000
19071.694596	1048.705000
19119.484699	1047.998000
19434.657077	1043.457000
19464.580376	1042.983000
19732.762976	1038.358000
19751.484796	1037.998000
20020.778931	1033.317000
20025.203067	1033.223000
20274.823486	1028.514000
20297.942008	1028.037000
20438.156452	1025.063000
20533.071083	1023.017000
20573.210685	1022.122000
20710.414705	1019.081000
20747.201553	1018.260000
20824.986721	1016.486000
20947.730939	1013.694000
20986.563136	1012.790000
21058.259836	1011.069000
21174.217965	1008.312000
21179.335489	1008.185000
21257.691496	1006.265000
21338.861762	1004.241000
21389.446145	1002.951000
21390.493629	1002.924000
21393.067090	1002.858000
21397.433265	1002.746000
21400.508781	1002.667000
21401.295177	1002.646000
21407.593740	1002.484000
21408.951228	1002.449000
21409.959090	1002.423000
21411.470699	1002.384000
21413.133758	1002.341000
21416.966456	1002.242000
21418.666520	1002.198000
21419.091365	1002.187000
21446.129600	1001.484000
21470.517561	1000.847000
21571.139382	998.206000
21584.047253	997.855000
21687.520939	995.084000
21771.600470	992.804000
21833.383972	991.076000
21946.644278	987.924000
21987.211591	986.758000
22126.175530	982.771000
22146.023749	982.195000
22284.203219	978.083000
22322.204483	977.004000
22472.411969	972.451000
22483.448191	972.128000
22623.078317	967.924000
22639.484888	967.435000
22785.436339	962.959000
22818.375479	961.932000
22962.426782	957.434000
22963.938998	957.385000
23102.934333	952.884000
23125.440212	952.164000
23264.530365	947.704000
23283.800996	947.085000
23418.908430	942.662000
23433.068740	942.196000
23575.025568	937.516000
23578.296292	937.407000
23721.835443	932.622000
23737.565098	932.097000
23869.931168	927.604000
23881.502678	927.215000
24019.486693	922.408000
24024.635998	922.229000
24162.549719	917.470000
24166.702222	917.323000
24307.715375	912.361000
24312.068558	912.205000
24448.913478	907.335000
24454.692005	907.125000
24586.452557	902.359000
24591.034292	902.187000
24719.976431	897.393000
24725.781879	897.169000
24859.096203	892.142000
24861.867120	892.037000
24983.764439	887.323000
25000.246431	886.678000
25108.913131	882.547000
25118.975568	882.148000
25253.219605	877.046000
25261.413043	876.717000
25381.967632	872.022000
25395.466087	871.471000
25497.188862	867.425000
25520.597160	866.446000
25631.944010	861.959000
25642.434691	861.510000
25756.793644	856.878000
25785.114378	855.657000
25872.930118	852.137000
25893.076059	851.273000
25997.034142	847.005000
26027.480713	845.705000
26129.300848	841.453000
26152.953821	840.422000
26225.369276	837.345000
26262.451432	835.709000
26358.654985	831.612000
26388.910197	830.260000
26476.711928	826.486000
26514.342301	824.789000
26574.621120	822.142000
26610.000493	820.512000
26701.263715	816.435000
26747.091546	814.309000
26808.122128	811.571000
26844.243637	809.887000
26916.603651	806.688000
26966.169957	804.383000
27026.744459	801.682000
27073.021821	799.545000
27145.576605	796.300000
27196.417112	793.950000
27246.463732	791.687000
27300.771277	789.177000
27355.798591	786.666000
27414.341619	783.938000
27470.988067	781.338000
27529.602985	778.612000
27571.904679	776.646000
27637.151732	773.590000
27681.212343	771.533000
27743.332817	768.581000
27783.820304	766.695000
27859.114658	763.056000
27893.896630	761.437000
27958.869652	758.249000
27994.514027	756.568000
28069.532821	752.874000
28092.495328	751.774000
28171.532761	747.857000
28202.912791	746.330000
28275.430669	742.696000
28291.853131	741.883000
28383.411769	737.234000
28397.923743	736.508000
28474.713867	732.597000
28496.029665	731.529000
28584.606786	726.956000
28586.551283	726.860000
28679.215990	722.031000
28690.552561	721.468000
28781.940194	716.712000
28783.108509	716.654000
28877.202241	711.800000
28880.754062	711.622000
28979.975973	706.510000
28985.955522	706.200000
29076.241324	701.679000
29078.923072	701.538000
29179.566165	696.486000
29189.636169	695.965000
29282.867107	691.321000
29290.034959	690.946000
29376.391995	686.579000
29392.645930	685.713000
29475.974641	681.456000
29489.563925	680.725000
29577.032951	676.219000
29594.833045	675.264000
29671.645309	671.262000
29690.432625	670.252000
29764.029500	666.365000
29786.232802	665.158000
29861.388269	661.171000
29883.497206	659.955000
29959.158528	655.922000
29985.191050	654.497000
30044.433082	651.291000
30072.760441	649.733000
30143.708761	645.863000
30162.739626	644.808000
30240.004106	640.576000
30260.515270	639.443000
30326.389980	635.831000
30340.410442	635.066000
30425.065991	630.487000
30438.496362	629.762000
30521.597683	625.251000
30531.562651	624.711000
30614.093630	620.156000
30614.665080	620.125000
30710.148399	615.047000
30712.151977	614.938000
30804.299668	609.946000
30807.980150	609.742000
30888.990975	605.275000
30905.223861	604.365000
30979.711081	600.215000
30989.333625	599.676000
31073.291757	594.976000
31091.209493	593.970000
31156.232496	590.322000
31177.359232	589.133000
31244.505282	585.387000
31269.001251	584.004000
31339.634482	580.041000
31368.394175	578.414000
31418.483092	575.583000
31451.677680	573.708000
31509.207450	570.435000
31554.058608	567.944000
31601.936523	565.259000
31635.673724	563.398000
31686.988378	560.510000
31745.778867	557.222000
31779.651210	555.319000
31826.149971	552.740000
31867.644091	550.396000
31926.718370	547.207000
31961.953996	545.240000
32025.215228	541.860000
32053.649407	540.271000
32120.897549	536.643000
32141.869525	535.482000
32213.428229	531.621000
32240.063929	530.132000
32312.509455	526.200000
32326.531605	525.407000
32403.300218	521.262000
32419.903342	520.310000
32500.516208	515.951000
32517.022935	515.009000
32593.071217	510.905000
32597.954917	510.628000
32686.293644	505.892000
32701.968872	504.993000
32779.327790	500.816000
32788.943279	500.264000
32869.355825	495.899000
32875.610701	495.543000
32962.634070	490.828000
32976.869444	490.016000
33052.378887	485.881000
33066.144433	485.093000
33141.295516	481.018000
33148.017776	480.636000
33237.519157	475.799000
33253.777866	474.886000
33325.403598	471.035000
33339.003365	470.271000
33420.379127	465.863000
33428.886181	465.384000
33510.185602	460.935000
33522.965185	460.219000
33602.604145	455.775000
33614.226330	455.120000
33688.595878	450.952000
33697.213214	450.473000
33780.296146	445.844000
33794.724297	445.054000
33871.612548	440.736000
33879.553169	440.307000
33963.764492	435.603000
33966.900181	435.436000
34049.838815	430.860000
34062.223430	430.208000
34147.638733	425.527000
34153.578406	425.214000
34237.854727	420.606000
34240.511988	420.465000
34333.609532	415.453000
34339.033663	415.167000
34427.465602	410.461000
34428.684743	410.396000
34524.910444	405.327000
34528.702301	405.127000
34616.146192	400.448000
34616.353287	400.437000
34713.706484	395.342000
34721.878374	394.906000
34809.720592	390.217000
34812.350669	390.076000
34895.561749	385.599000
34907.497560	384.951000
34997.481497	380.081000
34999.546105	379.967000
35084.913386	375.273000
35093.743787	374.776000
35175.453827	370.228000
35187.171956	369.562000
35266.301744	365.127000
35275.874842	364.580000
35355.688179	360.144000
35366.774778	359.503000
35449.577633	355.093000
35462.951340	354.326000
35546.727554	349.919000
35559.295755	349.213000
35642.679086	344.932000
35658.101971	344.079000
35741.245052	339.886000
35758.497893	338.969000
35847.813183	334.400000
35861.387168	333.681000
35936.649710	329.779000
35957.749653	328.662000
36040.778514	324.327000
36058.958317	323.373000
36139.003197	319.214000
36157.417797	318.264000
36238.551453	314.026000
36259.689753	312.979000
36337.081730	309.113000
36360.639759	307.959000
36441.940267	303.864000
36470.619355	302.446000
36545.789644	298.680000
36563.081150	297.810000
36643.273067	293.920000
36680.584892	292.052000
36747.610585	288.916000
36782.780357	287.172000
36861.044077	283.681000
36895.049138	282.056000
36968.463453	278.949000
37016.143960	276.755000
37084.319420	274.037000
37141.720933	271.601000
37220.517476	268.793000
37273.340973	266.612000
37352.389745	263.996000
37422.249851	261.292000
37495.441694	259.101000
37573.945969	256.228000
37668.975047	253.907000
37762.834927	250.909000
37833.520618	249.006000
37939.481523	245.758000
37992.204350	244.176000
38116.633863	240.610000
38192.149132	238.619000
38296.947603	235.224000
38348.060715	233.968000
38474.560907	230.037000
38527.467377	228.921000
38664.850433	224.914000
38719.756754	223.869000
38885.856366	219.529000
38949.307180	218.704000
39162.114808	214.047000
39412.621877	219.529000
39746.411616	223.869000
39786.405647	224.914000
39996.941176	228.921000
40035.204089	230.037000
40221.561916	233.968000
40261.980191	235.224000
40400.140235	238.619000
40461.599368	240.610000
40596.851728	244.176000
40652.052931	245.758000
40760.298028	249.006000
40822.380418	250.909000
40933.739168	253.907000
41006.403871	256.228000
41124.033574	259.101000
41183.902306	261.292000
41274.231263	263.996000
41341.817815	266.612000
41407.722010	268.793000
41475.731353	271.601000
41544.089038	274.037000
41608.135554	276.755000
41663.167548	278.949000
41730.689578	282.056000
41769.086186	283.681000
41842.139521	287.172000
41881.237753	288.916000
41944.478811	292.052000
41984.403554	293.920000
42062.103233	297.810000
42080.038186	298.680000
42154.888546	302.446000
42183.192175	303.864000
42266.013659	307.959000
42288.924718	309.113000
42367.846158	312.979000
42388.805650	314.026000
42474.368321	318.264000
42492.555432	319.214000
42573.172609	323.373000
42591.533469	324.327000
42674.142948	328.662000
42695.537005	329.779000
42769.245134	333.681000
42783.113347	334.400000
42869.371397	338.969000
42887.297009	339.886000
42966.185952	344.079000
42983.100106	344.932000
43060.503825	349.213000
43074.254966	349.919000
43152.708312	354.326000
43167.288833	355.093000
43244.183290	359.503000
43256.218807	360.144000
43332.942915	364.580000
43342.784641	365.127000
43420.401990	369.562000
43432.284840	370.228000
43512.305938	374.776000
43521.235114	375.273000
43604.635323	379.967000
43606.708580	380.081000
43694.907202	384.951000
43706.880424	385.599000
43789.344351	390.076000
43791.965026	390.217000
43879.429067	394.906000
43887.596950	395.342000
43983.091854	400.437000
43983.302038	400.448000
44071.392704	405.127000
44075.130421	405.327000
44171.235020	410.396000
44172.468926	410.461000
44260.734751	415.167000
44266.109068	415.453000
44361.164131	420.465000
44363.783196	420.606000
44450.624769	425.214000
44456.349268	425.527000
44545.178686	430.208000
44557.075883	430.860000
44643.996127	435.436000
44647.022952	435.603000
44735.347987	440.307000
44743.027974	440.736000
44822.952452	445.054000
44837.019547	445.844000
44921.561212	450.473000
44930.158473	450.952000
45005.141888	455.120000
45016.829042	455.775000
45095.682462	460.219000
45108.513581	460.935000
45187.921913	465.384000
45196.674986	465.863000
45274.961200	470.271000
45289.065348	471.035000
45357.616007	474.886000
45374.597127	475.799000
45460.734452	480.636000
45467.802785	481.018000
45539.512762	485.093000
45554.045045	485.881000
45626.279219	490.016000
45641.107192	490.828000
45723.767029	495.543000
45730.337616	495.899000
45807.030123	500.264000
45817.199133	500.816000
45889.959816	504.993000
45906.609485	505.892000
45989.187774	510.628000
45994.354545	510.905000
46066.710876	515.009000
46084.166403	515.951000
46160.549440	520.310000
46178.155187	521.262000
46250.445048	525.407000
46265.132023	526.200000
46334.659254	530.132000
46362.093483	531.621000
46431.160265	535.482000
46452.677917	536.643000
46518.213084	540.271000
46547.666584	541.860000
46608.149608	545.240000
46644.964651	547.207000
46702.090432	550.396000
46745.511601	552.740000
46791.165754	555.319000
46825.476395	557.222000
46884.000969	560.510000
46935.639331	563.398000
46968.706010	565.259000
47017.381123	567.944000
47061.799702	570.435000
47120.730991	573.708000
47153.688009	575.583000
47203.807411	578.414000
47232.593941	580.041000
47302.645978	584.004000
47327.295425	585.387000
47393.645317	589.133000
47414.957824	590.322000
47479.777279	593.970000
47497.708513	594.976000
47581.419602	599.676000
47591.047992	600.215000
47665.136220	604.365000
47681.469562	605.275000
47761.153408	609.742000
47764.853029	609.946000
47854.916593	614.938000
47856.928632	615.047000
47950.269631	620.125000
47950.852534	620.156000
48034.818773	624.711000
48044.602906	625.251000
48127.847296	629.762000
48141.203195	630.487000
48226.027565	635.066000
48240.170718	635.831000
48306.369295	639.443000
48327.032652	640.576000
48403.646287	644.808000
48422.907635	645.863000
48492.717537	649.733000
48521.280194	651.291000
48579.571283	654.497000
48605.903128	655.922000
48679.579732	659.955000
48702.392568	661.171000
48774.882974	665.158000
48797.635080	666.365000
48869.138174	670.252000
48888.261623	671.262000
48962.704040	675.264000
48981.033803	676.219000
49065.020426	680.725000
49079.210363	681.456000
49158.347961	685.713000
49175.299491	686.579000
49257.263614	690.946000
49264.679206	691.321000
49353.445889	695.965000
49363.905260	696.486000
49461.551444	701.538000
49464.360367	701.679000
49550.347485	706.200000
49556.538284	706.510000
49655.142974	711.622000
49658.597884	711.800000
49755.454832	716.654000
49756.579149	716.712000
49852.381022	721.468000
49863.199197	722.031000
49960.435967	726.860000
49962.278132	726.956000
50054.905054	731.529000
50075.591773	732.597000
50153.649907	736.508000
50167.904479	737.234000
50260.833084	741.883000
50276.844522	742.696000
50350.250702	746.330000
50380.722579	747.857000
50461.217390	751.774000
50483.413248	752.874000
50560.525523	756.568000
50594.663745	758.249000
50662.262952	761.437000
50695.258976	763.056000
50773.437847	766.695000
50812.460972	768.581000
50875.832691	771.533000
50919.119213	773.590000
50984.578245	776.646000
51026.553280	778.612000
51085.207612	781.338000
51141.113256	783.938000
51200.548453	786.666000
51254.434649	789.177000
51309.440049	791.687000
51358.403384	793.950000
51410.374024	796.300000
51480.577193	799.545000
51528.358263	801.682000
51586.849210	804.383000
51638.542742	806.688000
51707.333462	809.887000
51745.424823	811.571000
51804.154449	814.309000
51851.543426	816.435000
51939.426807	820.512000
51975.914188	822.142000
52033.367684	824.789000
52072.012625	826.486000
52155.699735	830.260000
52187.153879	831.612000
52278.837015	835.709000
52317.252688	837.345000
52386.997062	840.422000
52411.261064	841.453000
52508.809502	845.705000
52539.939835	847.005000
52639.898271	851.273000
52660.943206	852.137000
52743.019261	855.657000
52773.480346	856.878000
52880.918214	861.510000
52892.003527	861.959000
52996.840243	866.446000
53021.134552	867.425000
53117.876098	871.471000
53131.729101	872.022000
53246.747694	876.717000
53255.195502	877.046000
53382.256036	882.148000
53392.754541	882.547000
53496.934810	886.678000
53513.901652	887.323000
53634.360738	892.037000
53637.075889	892.142000
53769.736855	897.169000
53775.677258	897.393000
53899.924211	902.187000
53904.550420	902.359000
54031.507099	907.125000
54037.312746	907.335000
54171.319560	912.205000
54175.703094	912.361000
54314.167805	917.323000
54318.345341	917.470000
54452.779100	922.229000
54457.966441	922.408000
54596.249725	927.215000
54607.415896	927.604000
54741.068326	932.097000
54756.535093	932.622000
54899.899667	937.407000
54903.169420	937.516000
55043.600512	942.196000
55057.735530	942.662000
55192.136930	947.085000
55211.045251	947.704000
55349.893412	952.164000
55372.347428	952.884000
55513.040426	957.385000
55514.553594	957.434000
55653.368787	961.932000
55686.259114	962.959000
55829.818597	967.435000
55845.763695	967.924000
55986.813238	972.128000
55997.541242	972.451000
56153.107557	977.004000
56188.704719	978.083000
56333.525105	982.195000
56352.880984	982.771000
56490.267876	986.758000
56530.907944	987.924000
56640.571897	991.076000
56702.663842	992.804000
56784.183740	995.084000
56886.369872	997.855000
56899.476788	998.206000
56996.598404	1000.847000
57020.868037	1001.484000
57047.782851	1002.187000
57048.205925	1002.198000
57049.905304	1002.242000
57053.730447	1002.341000
57055.395155	1002.384000
57056.903511	1002.423000
57057.911250	1002.449000
57059.267987	1002.484000
57065.551216	1002.646000
57066.367696	1002.667000
57069.326041	1002.746000
57073.686266	1002.858000
57076.259191	1002.924000
57077.311970	1002.951000
57127.358390	1004.241000
57206.724896	1006.265000
57283.724357	1008.185000
57288.907281	1008.312000
57400.001886	1011.069000
57472.386340	1012.790000
57510.046896	1013.694000
57629.979964	1016.486000
57707.970022	1018.260000
57743.968682	1019.081000
57880.227883	1022.122000
57920.608546	1023.017000
58012.369023	1025.063000
58150.333887	1028.037000
58172.822888	1028.514000
58401.051650	1033.223000
58406.034517	1033.317000
58626.347093	1037.998000
58647.057601	1038.358000
58887.580971	1042.983000
58915.066064	1043.457000
59201.736321	1047.998000
59250.806321	1048.705000
59562.895302	1053.322000
59580.791106	1053.565000
59926.819583	1058.135000
59936.736244	1058.251000
60410.083252	1063.635000
60418.510579	1063.709000
60989.466629	1068.466000
61034.199427	1068.775000
61890.220050	1073.364000
62803.880763	1068.466000
63492.534218	1063.709000
63501.416023	1063.635000
64114.561012	1058.251000
64124.759424	1058.135000
64515.441678	1053.565000
64533.841004	1053.322000
64873.861280	1048.705000
64921.651384	1047.998000
65236.823761	1043.457000
65266.747060	1042.983000
65534.929661	1038.358000
65553.651480	1037.998000
65822.945615	1033.317000
65827.369752	1033.223000
66076.990170	1028.514000
66100.108692	1028.037000
66240.323137	1025.063000
66335.237767	1023.017000
66375.377370	1022.122000
66512.581390	1019.081000
66549.368237	1018.260000
66627.153405	1016.486000
66749.897623	1013.694000
66788.729820	1012.790000
66860.426520	1011.069000
66976.384649	1008.312000
66981.502173	1008.185000
67059.858181	1006.265000
67141.028446	1004.241000
67191.612829	1002.951000
67192.660313	1002.924000
67195.233774	1002.858000
67199.599950	1002.746000
67202.675465	1002.667000
67203.461861	1002.646000
67209.760425	1002.484000
67211.117912	1002.449000
67212.125774	1002.423000
67213.637383	1002.384000
67215.300443	1002.341000
67219.133140	1002.242000
67220.833204	1002.198000
67221.258049	1002.187000
67248.296284	1001.484000
67272.684245	1000.847000
67373.306067	998.206000
67386.213938	997.855000
67489.687623	995.084000
67573.767154	992.804000
67635.550656	991.076000
67748.810962	987.924000
67789.378275	986.758000
67928.342214	982.771000
67948.190433	982.195000
68086.369904	978.083000
68124.371167	977.004000
68274.578653	972.451000
68285.614875	972.128000
68425.245001	967.924000
68441.651572	967.435000
68587.603023	962.959000
68620.542163	961.932000
68764.593467	957.434000
68766.105682	957.385000
68905.101018	952.884000
68927.606896	952.164000
69066.697050	947.704000
69085.967680	947.085000
69221.075114	942.662000
69235.235425	942.196000
69377.192252	937.516000
69380.462976	937.407000
69524.002127	932.622000
69539.731782	932.097000
69672.097852	927.604000
69683.669362	927.215000
69821.653378	922.408000
69826.802682	922.229000
69964.716403	917.470000
69968.868906	917.323000
70109.882059	912.361000
70114.235243	912.205000
70251.080162	907.335000
70256.858690	907.125000
70388.619241	902.359000
70393.200976	902.187000
70522.143115	897.393000
70527.948563	897.169000
70661.262887	892.142000
70664.033804	892.037000
70785.931124	887.323000
70802.413116	886.678000
70911.079815	882.547000
70921.142252	882.148000
71055.386290	877.046000
71063.579727	876.717000
71184.134316	872.022000
71197.632771	871.471000
71299.355546	867.425000
71322.763844	866.446000
71434.110694	861.959000
71444.601375	861.510000
71558.960329	856.878000
71587.281062	855.657000
71675.096802	852.137000
71695.242743	851.273000
71799.200826	847.005000
71829.647397	845.705000
71931.467532	841.453000
71955.120505	840.422000
72027.535960	837.345000
72064.618117	835.709000
72160.821670	831.612000
72191.076881	830.260000
72278.878613	826.486000
72316.508985	824.789000
72376.787805	822.142000
72412.167177	820.512000
72503.430399	816.435000
72549.258231	814.309000
72610.288813	811.571000
72646.410321	809.887000
72718.770335	806.688000
72768.336641	804.383000
72828.911143	801.682000
72875.188505	799.545000
72947.743289	796.300000
72998.583797	793.950000
73048.630417	791.687000
73102.937961	789.177000
73157.965275	786.666000
73216.508303	783.938000
73273.154752	781.338000
73331.769669	778.612000
73374.071363	776.646000
73439.318416	773.590000
73483.379027	771.533000
73545.499501	768.581000
73585.986988	766.695000
73661.281343	763.056000
73696.063314	761.437000
73761.036336	758.249000
73796.680711	756.568000
73871.699505	752.874000
73894.662012	751.774000
73973.699445	747.857000
74005.079475	746.330000
74077.597354	742.696000
74094.019815	741.883000
74185.578453	737.234000
74200.090427	736.508000
74276.880551	732.597000
74298.196349	731.529000
74386.773470	726.956000
74388.717967	726.860000
74481.382674	722.031000
74492.719245	721.468000
74584.106878	716.712000
74585.275194	716.654000
74679.368925	711.800000
74682.920746	711.622000
74782.142657	706.510000
74788.122206	706.200000
74878.408008	701.679000
74881.089756	701.538000
74981.732849	696.486000
74991.802854	695.965000
75085.033791	691.321000
75092.201643	690.946000
75178.558680	686.579000
75194.812614	685.713000
75278.141325	681.456000
75291.730610	680.725000
75379.199635	676.219000
75396.999729	675.264000
75473.811993	671.262000
75492.599309	670.252000
75566.196185	666.365000
75588.399487	665.158000
75663.554953	661.171000
75685.663890	659.955000
75761.325212	655.922000
75787.357734	654.497000
75846.599766	651.291000
75874.927126	649.733000
75945.875445	645.863000
75964.906310	644.808000
76042.170790	640.576000
76062.681954	639.443000
76128.556664	635.831000
76142.577127	635.066000
76227.232675	630.487000
76240.663046	629.762000
76323.764367	625.251000
76333.729335	624.711000
76416.260314	620.156000
76416.831764	620.125000
76512.315083	615.047000
76514.318661	614.938000
76606.466352	609.946000
76610.146834	609.742000
76691.157660	605.275000
76707.390545	604.365000
76781.877766	600.215000
76791.500309	599.676000
76875.458442	594.976000
76893.376177	593.970000
76958.399181	590.322000
76979.525916	589.133000
77046.671966	585.387000
77071.167935	584.004000
77141.801166	580.041000
77170.560860	578.414000
77220.649776	575.583000
77253.844364	573.708000
77311.374134	570.435000
77356.225292	567.944000
77404.103207	565.259000
77437.840408	563.398000
77489.155062	560.510000
77547.945551	557.222000
77581.817894	555.319000
77628.316655	552.740000
77669.810775	550.396000
77728.885054	547.207000
77764.120680	545.240000
77827.381913	541.860000
77855.816092	540.271000
77923.064233	536.643000
77944.036210	535.482000
78015.594913	531.621000
78042.230614	530.132000
78114.676139	526.200000
78128.698289	525.407000
78205.466903	521.262000
78222.070026	520.310000
78302.682892	515.951000
78319.189619	515.009000
78395.237901	510.905000
78400.121601	510.628000
78488.460328	505.892000
78504.135557	504.993000
78581.494474	500.816000
78591.109963	500.264000
78671.522510	495.899000
78677.777385	495.543000
78764.800754	490.828000
78779.036128	490.016000
78854.545572	485.881000
78868.311117	485.093000
78943.462200	481.018000
78950.184460	480.636000
79039.685841	475.799000
79055.944550	474.886000
79127.570282	471.035000
79141.170049	470.271000
79222.545811	465.863000
79231.052866	465.384000
79312.352286	460.935000
79325.131869	460.219000
79404.770829	455.775000
79416.393014	455.120000
79490.762562	450.952000
79499.379898	450.473000
79582.462830	445.844000
79596.890982	445.054000
79673.779232	440.736000
79681.719853	440.307000
79765.931176	435.603000
79769.066865	435.436000
79852.005499	430.860000
79864.390114	430.208000
79949.805417	425.527000
79955.745090	425.214000
80040.021411	420.606000
80042.678673	420.465000
80135.776216	415.453000
80141.200348	415.167000
80229.632286	410.461000
80230.851427	410.396000
80327.077129	405.327000
80330.868985	405.127000
80418.312877	400.448000
80418.519972	400.437000
80515.873169	395.342000
80524.045058	394.906000
80611.887276	390.217000
80614.517353	390.076000
80697.728433	385.599000
80709.664244	384.951000
80799.648181	380.081000
80801.712790	379.967000
80887.080070	375.273000
80895.910472	374.776000
80977.620511	370.228000
80989.338640	369.562000
81068.468428	365.127000
81078.041526	364.580000
81157.854864	360.144000
81168.941463	359.503000
81251.744317	355.093000
81265.118025	354.326000
81348.894238	349.919000
81361.462439	349.213000
81444.845770	344.932000
81460.268655	344.079000
81543.411736	339.886000
81560.664577	338.969000
81649.979867	334.400000
81663.553853	333.681000
81738.816394	329.779000
81759.916337	328.662000
81842.945198	324.327000
81861.125001	323.373000
81941.169882	319.214000
81959.584481	318.264000
82040.718137	314.026000
82061.856437	312.979000
82139.248414	309.113000
82162.806443	307.959000
82244.106951	303.864000
82272.786039	302.446000
82347.956328	298.680000
82365.247835	297.810000
82445.439751	293.920000
82482.751576	292.052000
82549.777269	288.916000
82584.947041	287.172000
82663.210761	283.681000
82697.215822	282.056000
82770.630137	278.949000
82818.310644	276.755000
82886.486104	274.037000
82943.887617	271.601000
83022.684161	268.793000
83075.507657	266.612000
83154.556430	263.996000
83224.416535	261.292000
83297.608379	259.101000
83376.112654	256.228000
83471.141731	253.907000
83565.001611	250.909000
83635.687302	249.006000
83741.648207	245.758000
83794.371035	244.176000
83918.800547	240.610000
83994.315816	238.619000
84099.114287	235.224000
84150.227399	233.968000
84276.727591	230.037000
84329.634062	228.921000
84467.017117	224.914000
84521.923438	223.869000
84688.023050	219.529000
84751.473864	218.704000
84964.281493	214.047000
85214.788561	219.529000
85548.578300	223.869000
85588.572331	224.914000
85799.107861	228.921000
85837.370773	230.037000
86023.728600	233.968000
86064.146875	235.224000
86202.306919	238.619000
86263.766052	240.610000
86399.018412	244.176000
86454.219615	245.758000
86562.464712	249.006000
86624.547102	250.909000
86735.905852	253.907000
86808.570555	256.228000
86926.200259	259.101000
86986.068990	261.292000
87076.397947	263.996000
87143.984499	266.612000
87209.888694	268.793000
87277.898037	271.601000
87346.255722	274.037000
87410.302238	276.755000
87465.334232	278.949000
87532.856263	282.056000
87571.252871	283.681000
87644.306206	287.172000
87683.404437	288.916000
87746.645495	292.052000
87786.570239	293.920000
87864.269917	297.810000
87882.204870	298.680000
87957.055230	302.446000
87985.358860	303.864000
88068.180344	307.959000
88091.091403	309.113000
88170.012842	312.979000
88190.972335	314.026000
88276.535005	318.264000
88294.722116	319.214000
88375.339293	323.373000
88393.700153	324.327000
88476.309632	328.662000
88497.703689	329.779000
88571.411818	333.681000
88585.280031	334.400000
88671.538082	338.969000
88689.463694	339.886000
88768.352637	344.079000
88785.266791	344.932000
88862.670510	349.213000
88876.421650	349.919000
88954.874996	354.326000
88969.455517	355.093000
89046.349974	359.503000
89058.385491	360.144000
89135.109599	364.580000
89144.951325	365.127000
89222.568674	369.562000
89234.451524	370.228000
89314.472622	374.776000
89323.401798	375.273000
89406.802007	379.967000
89408.875264	380.081000
89497.073886	384.951000
89509.047108	385.599000
89591.511035	390.076000
89594.131710	390.217000
89681.595751	394.906000
89689.763635	395.342000
89785.258538	400.437000
89785.468722	400.448000
89873.559388	405.127000
89877.297105	405.327000
89973.401704	410.396000
89974.635610	410.461000
90062.901435	415.167000
90068.275752	415.453000
90163.330815	420.465000
90165.949880	420.606000
90252.791454	425.214000
90258.515952	425.527000
90347.345371	430.208000
90359.242567	430.860000
90446.162811	435.436000
90449.189636	435.603000
90537.514672	440.307000
90545.194658	440.736000
90625.119136	445.054000
90639.186231	445.844000
90723.727896	450.473000
90732.325158	450.952000
90807.308573	455.120000
90818.995726	455.775000
90897.849146	460.219000
90910.680265	460.935000
90990.088598	465.384000
90998.841671	465.863000
91077.127885	470.271000
91091.232032	471.035000
91159.782691	474.886000
91176.763811	475.799000
91262.901136	480.636000
91269.969469	481.018000
91341.679446	485.093000
91356.211729	485.881000
91428.445904	490.016000
91443.273877	490.828000
91525.933713	495.543000
91532.504300	495.899000
91609.196808	500.264000
91619.365817	500.816000
91692.126501	504.993000
91708.776169	505.892000
91791.354458	510.628000
91796.521229	510.905000
91868.877560	515.009000
91886.333087	515.951000
91962.716125	520.310000
91980.321871	521.262000
92052.611732	525.407000
92067.298707	526.200000
92136.825938	530.132000
92164.260167	531.621000
92233.326949	535.482000
92254.844601	536.643000
92320.379769	540.271000
92349.833269	541.860000
92410.316293	545.240000
92447.131335	547.207000
92504.257116	550.396000
92547.678285	552.740000
92593.332438	555.319000
92627.643079	557.222000
92686.167653	560.510000
92737.806015	563.398000
92770.872694	565.259000
92819.547807	567.944000
92863.966386	570.435000
92922.897676	573.708000
92955.854693	575.583000
93005.974095	578.414000
93034.760625	580.041000
93104.812663	584.004000
93129.462110	585.387000
93195.812001	589.133000
93217.124509	590.322000
93281.943963	593.970000
93299.875197	594.976000
93383.586286	599.676000
93393.214676	600.215000
93467.302904	604.365000
93483.636246	605.275000
93563.320092	609.742000
93567.019713	609.946000
93657.083277	614.938000
93659.095316	615.047000
93752.436315	620.125000
93753.019218	620.156000
93836.985457	624.711000
93846.769591	625.251000
93930.013981	629.762000
93943.369879	630.487000
94028.194249	635.066000
94042.337402	635.831000
94108.535979	639.443000
94129.199336	640.576000
94205.812971	644.808000
94225.074319	645.863000
94294.884222	649.733000
94323.446878	651.291000
94381.737967	654.497000
94408.069812	655.922000
94481.746417	659.955000
94504.559252	661.171000
94577.049658	665.158000
94599.801764	666.365000
94671.304858	670.252000
94690.428307	671.262000
94764.870724	675.264000
94783.200487	676.219000
94867.187110	680.725000
94881.377047	681.456000
94960.514645	685.713000
94977.466175	686.579000
95059.430298	690.946000
95066.845890	691.321000
95155.612573	695.965000
95166.071944	696.486000
95263.718128	701.538000
95266.527051	701.679000
95352.514170	706.200000
95358.704968	706.510000
95457.309658	711.622000
95460.764569	711.800000
95557.621516	716.654000
95558.745834	716.712000
95654.547707	721.468000
95665.365881	722.031000
95762.602652	726.860000
95764.444816	726.956000
95857.071738	731.529000
95877.758457	732.597000
95955.816591	736.508000
95970.071163	737.234000
96062.999768	741.883000
96079.011206	742.696000
96152.417386	746.330000
96182.889263	747.857000
96263.384074	751.774000
96285.579932	752.874000
96362.692207	756.568000
96396.830430	758.249000
96464.429636	761.437000
96497.425660	763.056000
96575.604531	766.695000
96614.627657	768.581000
96677.999375	771.533000
96721.285898	773.590000
96786.744929	776.646000
96828.719964	778.612000
96887.374296	781.338000
96943.279940	783.938000
97002.715137	786.666000
97056.601333	789.177000
97111.606733	791.687000
97160.570069	793.950000
97212.540708	796.300000
97282.743877	799.545000
97330.524947	801.682000
97389.015895	804.383000
97440.709426	806.688000
97509.500147	809.887000
97547.591508	811.571000
97606.321134	814.309000
97653.710110	816.435000
97741.593492	820.512000
97778.080873	822.142000
97835.534369	824.789000
97874.179309	826.486000
97957.866419	830.260000
97989.320563	831.612000
98081.003700	835.709000
98119.419373	837.345000
98189.163746	840.422000
98213.427748	841.453000
98310.976186	845.705000
98342.106519	847.005000
98442.064955	851.273000
98463.109890	852.137000
98545.185946	855.657000
98575.647031	856.878000
98683.084898	861.510000
98694.170211	861.959000
98799.006927	866.446000
98823.301236	867.425000
98920.042783	871.471000
98933.895785	872.022000
99048.914378	876.717000
99057.362186	877.046000
99184.422721	882.148000
99194.921225	882.547000
99299.101495	886.678000
99316.068336	887.323000
99436.527423	892.037000
99439.242573	892.142000
99571.903539	897.169000
99577.843942	897.393000
99702.090895	902.187000
99706.717104	902.359000
99833.673783	907.125000
99839.479430	907.335000
99973.486244	912.205000
99977.869778	912.361000
100116.334489	917.323000
100120.512025	917.470000
100254.945784	922.229000
100260.133125	922.408000
100398.416409	927.215000
100409.582580	927.604000
100543.235010	932.097000
100558.701778	932.622000
100702.066351	937.407000
100705.336104	937.516000
100845.767196	942.196000
100859.902214	942.662000
100994.303615	947.085000
101013.211935	947.704000
101152.060097	952.164000
101174.514112	952.884000
101315.207110	957.385000
101316.720279	957.434000
101455.535472	961.932000
101488.425798	962.959000
101631.985281	967.435000
101647.930379	967.924000
101788.979922	972.128000
101799.707927	972.451000
101955.274241	977.004000
101990.871403	978.083000
102135.691789	982.195000
102155.047669	982.771000
102292.434560	986.758000
102333.074629	987.924000
102442.738582	991.076000
102504.830526	992.804000
102586.350425	995.084000
102688.536556	997.855000
102701.643472	998.206000
102798.765089	1000.847000
102823.034721	1001.484000
102849.949536	1002.187000
102850.372609	1002.198000
102852.071988	1002.242000
102855.897132	1002.341000
102857.561839	1002.384000
102859.070195	1002.423000
102860.077934	1002.449000
102861.434671	1002.484000
102867.717900	1002.646000
102868.534380	1002.667000
102871.492725	1002.746000
102875.852950	1002.858000
102878.425875	1002.924000
102879.478655	1002.951000
102929.525075	1004.241000
103008.891581	1006.265000
103085.891042	1008.185000
103091.073965	1008.312000
103202.168570	1011.069000
103274.553024	1012.790000
103312.213580	1013.694000
103432.146648	1016.486000
103510.136707	1018.260000
103546.135367	1019.081000
103682.394567	1022.122000
103722.775230	1023.017000
103814.535707	1025.063000
103952.500571	1028.037000
103974.989572	1028.514000
104203.218334	1033.223000
104208.201201	1033.317000
104428.513777	1037.998000
104449.224285	1038.358000
104689.747656	1042.983000
104717.232748	1043.457000
105003.903005	1047.998000
105052.973006	1048.705000
105365.061987	1053.322000
105382.957791	1053.565000
105728.986267	1058.135000
105738.902929	1058.251000
106212.249936	1063.635000
106220.677263	1063.709000
106791.633314	1068.466000
106836.366111	1068.775000
107692.386734	1073.364000
108606.047447	1068.466000
109294.700902	1063.709000
109303.582708	1063.635000
109916.727696	1058.251000
109926.926109	1058.135000
110317.608362	1053.565000
110336.007688	1053.322000
110676.027964	1048.705000
110723.818068	1047.998000
111038.990445	1043.457000
111068.913745	1042.983000
111337.096345	1038.358000
111355.818164	1037.998000
111625.112299	1033.317000
111629.536436	1033.223000
111879.156854	1028.514000
111902.275376	1028.037000
112042.489821	1025.063000
112137.404451	1023.017000
112177.544054	1022.122000
112314.748074	1019.081000
112351.534921	1018.260000
112429.320089	1016.486000
112552.064308	1013.694000
112590.896504	1012.790000
112662.593205	1011.069000
112778.551333	1008.312000
112783.668857	1008.185000
112862.024865	1006.265000
112943.195130	1004.241000
112993.779514	1002.951000
112994.826997	1002.924000
112997.400459	1002.858000
113001.766634	1002.746000
113004.842149	1002.667000
113005.628545	1002.646000
113011.927109	1002.484000
113013.284596	1002.449000
113014.292458	1002.423000
113015.804067	1002.384000
113017.467127	1002.341000
113021.299825	1002.242000
113022.999888	1002.198000
113023.424733	1002.187000
113050.462968	1001.484000
113074.850929	1000.847000
113175.472751	998.206000
113188.380622	997.855000
113291.854308	995.084000
113375.933839	992.804000
113437.717341	991.076000
113550.977647	987.924000
113591.544959	986.758000
113730.508898	982.771000
113750.357117	982.195000
113888.536588	978.083000
113926.537852	977.004000
114076.745337	972.451000
114087.781559	972.128000
114227.411685	967.924000
114243.818256	967.435000
114389.769708	962.959000
114422.708847	961.932000
114566.760151	957.434000
114568.272366	957.385000
114707.267702	952.884000
114729.773580	952.164000
114868.863734	947.704000
114888.134364	947.085000
115023.241798	942.662000
115037.402109	942.196000
115179.358936	937.516000
115182.629660	937.407000
115326.168811	932.622000
115341.898466	932.097000
115474.264536	927.604000
115485.836046	927.215000
115623.820062	922.408000
115628.969367	922.229000
115766.883087	917.470000
115771.035591	917.323000
115912.048744	912.361000
115916.401927	912.205000
116053.246846	907.335000
116059.025374	907.125000
116190.785926	902.359000
116195.367660	902.187000
116324.309799	897.393000
116330.115247	897.169000
116463.429571	892.142000
116466.200488	892.037000
116588.097808	887.323000
116604.579800	886.678000
116713.246499	882.547000
116723.308936	882.148000
116857.552974	877.046000
116865.746411	876.717000
116986.301001	872.022000
116999.799455	871.471000
117101.522230	867.425000
117124.930528	866.446000
117236.277379	861.959000
117246.768059	861.510000
117361.127013	856.878000
117389.447746	855.657000
117477.263487	852.137000
117497.409427	851.273000
117601.367510	847.005000
117631.814082	845.705000
117733.634217	841.453000
117757.287189	840.422000
117829.702645	837.345000
117866.784801	835.709000
117962.988354	831.612000
117993.243565	830.260000
118081.045297	826.486000
118118.675669	824.789000
118178.954489	822.142000
118214.333861	820.512000
118305.597083	816.435000
118351.424915	814.309000
118412.455497	811.571000
118448.577005	809.887000
118520.937019	806.688000
118570.503325	804.383000
118631.077827	801.682000
118677.355189	799.545000
118749.909973	796.300000
118800.750481	793.950000
118850.797101	791.687000
118905.104645	789.177000
118960.131959	786.666000
119018.674987	783.938000
119075.321436	781.338000
119133.936353	778.612000
119176.238047	776.646000
119241.485101	773.590000
119285.545712	771.533000
119347.666185	768.581000
119388.153672	766.695000
119463.448027	763.056000
119498.229998	761.437000
119563.203020	758.249000
119598.847395	756.568000
119673.866189	752.874000
119696.828697	751.774000
119775.866130	747.857000
119807.246159	746.330000
119879.764038	742.696000
119896.186499	741.883000
119987.745138	737.234000
120002.257112	736.508000
120079.047235	732.597000
120100.363034	731.529000
120188.940154	726.956000
120190.884651	726.860000
120283.549358	722.031000
120294.885929	721.468000
120386.273562	716.712000
120387.441878	716.654000
120481.535610	711.800000
120485.087430	711.622000
120584.309341	706.510000
120590.288890	706.200000
120680.574692	701.679000
120683.256440	701.538000
120783.899534	696.486000
120793.969538	695.965000
120887.200475	691.321000
120894.368328	690.946000
120980.725364	686.579000
120996.979298	685.713000
121080.308009	681.456000
121093.897294	680.725000
121181.366319	676.219000
121199.166413	675.264000
121275.978677	671.262000
121294.765994	670.252000
121368.362869	666.365000
121390.566171	665.158000
121465.721637	661.171000
121487.830575	659.955000
121563.491896	655.922000
121589.524418	654.497000
121648.766450	651.291000
121677.093810	649.733000
121748.042129	645.863000
121767.072994	644.808000
121844.337474	640.576000
121864.848639	639.443000
121930.723348	635.831000
121944.743811	635.066000
122029.399360	630.487000
122042.829730	629.762000
122125.931051	625.251000
122135.896019	624.711000
122218.426998	620.156000
122218.998448	620.125000
122314.481767	615.047000
122316.485345	614.938000
122408.633036	609.946000
122412.313518	609.742000
122493.324344	605.275000
122509.557229	604.365000
122584.044450	600.215000
122593.666993	599.676000
122677.625126	594.976000
122695.542861	593.970000
122760.565865	590.322000
122781.692600	589.133000
122848.838651	585.387000
122873.334620	584.004000
122943.967851	580.041000
122972.727544	578.414000
123022.816460	575.583000
123056.011048	573.708000
123113.540818	570.435000
123158.391977	567.944000
123206.269891	565.259000
123240.007092	563.398000
123291.321746	560.510000
123350.112236	557.222000
123383.984579	555.319000
123430.483340	552.740000
123471.977459	550.396000
123531.051738	547.207000
123566.287364	545.240000
123629.548597	541.860000
123657.982776	540.271000
123725.230918	536.643000
123746.202894	535.482000
123817.761598	531.621000
123844.397298	530.132000
123916.842823	526.200000
123930.864973	525.407000
124007.633587	521.262000
124024.236711	520.310000
124104.849576	515.951000
124121.356303	515.009000
124197.404585	510.905000
124202.288285	510.628000
124290.627013	505.892000
124306.302241	504.993000
124383.661158	500.816000
124393.276647	500.264000
124473.689194	495.899000
124479.944070	495.543000
124566.967439	490.828000
124581.202812	490.016000
124656.712256	485.881000
124670.477801	485.093000
124745.628884	481.018000
124752.351145	480.636000
124841.852525	475.799000
124858.111235	474.886000
124929.736966	471.035000
124943.336733	470.271000
125024.712495	465.863000
125033.219550	465.384000
125114.518970	460.935000
125127.298553	460.219000
125206.937513	455.775000
125218.559698	455.120000
125292.929246	450.952000
125301.546582	450.473000
125384.629514	445.844000
125399.057666	445.054000
125475.945916	440.736000
125483.886537	440.307000
125568.097860	435.603000
125571.233549	435.436000
125654.172183	430.860000
125666.556798	430.208000
125751.972101	425.527000
125757.911774	425.214000
125842.188095	420.606000
125844.845357	420.465000
125937.942900	415.453000
125943.367032	415.167000
126031.798970	410.461000
126033.018111	410.396000
126129.243813	405.327000
126133.035669	405.127000
126220.479561	400.448000
126220.686656	400.437000
126318.039853	395.342000
126326.211742	394.906000
126414.053961	390.217000
126416.684037	390.076000
126499.895117	385.599000
126511.830928	384.951000
126601.814865	380.081000
126603.879474	379.967000
126689.246755	375.273000
126698.077156	374.776000
126779.787195	370.228000
126791.505324	369.562000
126870.635112	365.127000
126880.208210	364.580000
126960.021548	360.144000
126971.108147	359.503000
127053.911002	355.093000
127067.284709	354.326000
127151.060922	349.919000
127163.629123	349.213000
127247.012454	344.932000
127262.435340	344.079000
127345.578420	339.886000
127362.831261	338.969000
127452.146552	334.400000
127465.720537	333.681000
127540.983078	329.779000
127562.083022	328.662000
127645.111883	324.327000
127663.291685	323.373000
127743.336566	319.214000
127761.751165	318.264000
127842.884821	314.026000
127864.023122	312.979000
127941.415098	309.113000
127964.973127	307.959000
128046.273635	303.864000
128074.952723	302.446000
128150.123012	298.680000
128167.414519	297.810000
128247.606436	293.920000
128284.918261	292.052000
128351.943953	288.916000
128387.113726	287.172000
128465.377445	283.681000
128499.382507	282.056000
128572.796821	278.949000
128620.477328	276.755000
128688.652788	274.037000
128746.054302	271.601000
128824.850845	268.793000
128877.674341	266.612000
128956.723114	263.996000
129026.583219	261.292000
129099.775063	259.101000
129178.279338	256.228000
129273.308416	253.907000
129367.168296	250.909000
129437.853986	249.006000
129543.814891	245.758000
129596.537719	244.176000
129720.967231	240.610000
129796.482500	238.619000
129901.280972	235.224000
129952.394084	233.968000
130078.894276	230.037000
130131.800746	228.921000
130269.183801	224.914000
130324.090122	223.869000
130490.189734	219.529000
130553.640549	218.704000
130766.448177	214.047000
131016.955245	219.529000
131350.744984	223.869000
131390.739015	224.914000
131601.274545	228.921000
131639.537457	230.037000
131825.895284	233.968000
131866.313559	235.224000
132004.473603	238.619000
132065.932736	240.610000
132201.185096	244.176000
132256.386299	245.758000
132364.631397	249.006000
132426.713786	250.909000
132538.072536	253.907000
132610.737240	256.228000
132728.366943	259.101000
132788.235675	261.292000
132878.564631	263.996000
132946.151183	266.612000
133012.055378	268.793000
133080.064721	271.601000
133148.422406	274.037000
133212.468922	276.755000
133267.500916	278.949000
133335.022947	282.056000
133373.419555	283.681000
133446.472890	287.172000
133485.571122	288.916000
133548.812180	292.052000
133588.736923	293.920000
133666.436601	297.810000
133684.371554	298.680000
133759.221914	302.446000
133787.525544	303.864000
133870.347028	307.959000
133893.258087	309.113000
133972.179526	312.979000
133993.139019	314.026000
134078.701690	318.264000
134096.888800	319.214000
134177.505977	323.373000
134195.866837	324.327000
134278.476316	328.662000
134299.870373	329.779000
134373.578502	333.681000
134387.446715	334.400000
134473.704766	338.969000
134491.630378	339.886000
134570.519321	344.079000
134587.433475	344.932000
134664.837194	349.213000
134678.588334	349.919000
134757.041680	354.326000
134771.622201	355.093000
134848.516659	359.503000
134860.552176	360.144000
134937.276283	364.580000
134947.118009	365.127000
135024.735359	369.562000
135036.618208	370.228000
135116.639307	374.776000
135125.568482	375.273000
135208.968691	379.967000
135211.041949	380.081000
135299.240570	384.951000
135311.213792	385.599000
135393.677719	390.076000
135396.298394	390.217000
135483.762435	394.906000
135491.930319	395.342000
135587.425223	400.437000
135587.635406	400.448000
135675.726072	405.127000
135679.463789	405.327000
135775.568388	410.396000
135776.802294	410.461000
135865.068120	415.167000
135870.442436	415.453000
135965.497500	420.465000
135968.116565	420.606000
136054.958138	425.214000
136060.682636	425.527000
136149.512055	430.208000
136161.409251	430.860000
136248.329495	435.436000
136251.356320	435.603000
136339.681356	440.307000
136347.361343	440.736000
136427.285820	445.054000
136441.352915	445.844000
136525.894580	450.473000
136534.491842	450.952000
136609.475257	455.120000
136621.162410	455.775000
136700.015830	460.219000
136712.846950	460.935000
136792.255282	465.384000
136801.008355	465.863000
136879.294569	470.271000
136893.398716	471.035000
136961.949375	474.886000
136978.930495	475.799000
137065.067820	480.636000
137072.136153	481.018000
137143.846131	485.093000
137158.378414	485.881000
137230.612588	490.016000
137245.440561	490.828000
137328.100397	495.543000
137334.670984	495.899000
137411.363492	500.264000
137421.532501	500.816000
137494.293185	504.993000
137510.942854	505.892000
137593.521142	510.628000
137598.687913	510.905000
137671.044244	515.009000
137688.499771	515.951000
137764.882809	520.310000
137782.488555	521.262000
137854.778417	525.407000
137869.465391	526.200000
137938.992623	530.132000
137966.426851	531.621000
138035.493633	535.482000
138057.011285	536.643000
138122.546453	540.271000
138151.999953	541.860000
138212.482977	545.240000
138249.298020	547.207000
138306.423800	550.396000
138349.844970	552.740000
138395.499123	555.319000
138429.809763	557.222000
138488.334337	560.510000
138539.972699	563.398000
138573.039379	565.259000
138621.714491	567.944000
138666.133070	570.435000
138725.064360	573.708000
138758.021377	575.583000
138808.140779	578.414000
138836.927310	580.041000
138906.979347	584.004000
138931.628794	585.387000
138997.978685	589.133000
139019.291193	590.322000
139084.110647	593.970000
139102.041881	594.976000
139185.752970	599.676000
139195.381361	600.215000
139269.469588	604.365000
139285.802931	605.275000
139365.486776	609.742000
139369.186398	609.946000
139459.249961	614.938000
139461.262000	615.047000
139554.602999	620.125000
139555.185903	620.156000
139639.152141	624.711000
139648.936275	625.251000
139732.180665	629.762000
139745.536563	630.487000
139830.360934	635.066000
139844.504086	635.831000
139910.702663	639.443000
139931.366021	640.576000
140007.979655	644.808000
140027.241003	645.863000
140097.050906	649.733000
140125.613563	651.291000
140183.904651	654.497000
140210.236496	655.922000
140283.913101	659.955000
140306.725937	661.171000
140379.216342	665.158000
140401.968449	666.365000
140473.471543	670.252000
140492.594991	671.262000
140567.037408	675.264000
140585.367171	676.219000
140669.353794	680.725000
140683.543732	681.456000
140762.681329	685.713000
140779.632860	686.579000
140861.596982	690.946000
140869.012574	691.321000
140957.779258	695.965000
140968.238628	696.486000
141065.884813	701.538000
141068.693735	701.679000
141154.680854	706.200000
141160.871652	706.510000
141259.476343	711.622000
141262.931253	711.800000
141359.788200	716.654000
141360.912518	716.712000
141456.714391	721.468000
141467.532565	722.031000
141564.769336	726.860000
141566.611500	726.956000
141659.238423	731.529000
141679.925141	732.597000
141757.983275	736.508000
141772.237847	737.234000
141865.166453	741.883000
141881.177890	742.696000
141954.584070	746.330000
141985.055947	747.857000
142065.550758	751.774000
142087.746616	752.874000
142164.858892	756.568000
142198.997114	758.249000
142266.596320	761.437000
142299.592344	763.056000
142377.771215	766.695000
142416.794341	768.581000
142480.166060	771.533000
142523.452582	773.590000
142588.911613	776.646000
142630.886648	778.612000
142689.540981	781.338000
142745.446625	783.938000
142804.881821	786.666000
142858.768018	789.177000
142913.773417	791.687000
142962.736753	793.950000
143014.707392	796.300000
143084.910561	799.545000
143132.691632	801.682000
143191.182579	804.383000
143242.876110	806.688000
143311.666831	809.887000
143349.758192	811.571000
143408.487818	814.309000
143455.876794	816.435000
143543.760176	820.512000
143580.247557	822.142000
143637.701053	824.789000
143676.345993	826.486000
143760.033103	830.260000
143791.487248	831.612000
143883.170384	835.709000
143921.586057	837.345000
143991.330430	840.422000
144015.594432	841.453000
144113.142870	845.705000
144144.273203	847.005000
144244.231639	851.273000
144265.276575	852.137000
144347.352630	855.657000
144377.813715	856.878000
144485.251583	861.510000
144496.336896	861.959000
144601.173611	866.446000
144625.467920	867.425000
144722.209467	871.471000
144736.062469	872.022000
144851.081062	876.717000
144859.528870	877.046000
144986.589405	882.148000
144997.087910	882.547000
145101.268179	886.678000
145118.235020	887.323000
145238.694107	892.037000
145241.409257	892.142000
145374.070223	897.169000
145380.010626	897.393000
145504.257579	902.187000
145508.883789	902.359000
145635.840467	907.125000
145641.646115	907.335000
145775.652929	912.205000
145780.036462	912.361000
145918.501173	917.323000
145922.678709	917.470000
146057.112468	922.229000
146062.299809	922.408000
146200.583094	927.215000
146211.749264	927.604000
146345.401694	932.097000
146360.868462	932.622000
146504.233035	937.407000
146507.502788	937.516000
146647.933880	942.196000
146662.068898	942.662000
146796.470299	947.085000
146815.378619	947.704000
146954.226781	952.164000
146976.680797	952.884000
147117.373794	957.385000
147118.886963	957.434000
147257.702156	961.932000
147290.592482	962.959000
147434.151965	967.435000
147450.097063	967.924000
147591.146606	972.128000
147601.874611	972.451000
147757.440926	977.004000
147793.038087	978.083000
147937.858474	982.195000
147957.214353	982.771000
148094.601244	986.758000
148135.241313	987.924000
148244.905266	991.076000
148306.997210	992.804000
148388.517109	995.084000
148490.703240	997.855000
148503.810156	998.206000
148600.931773	1000.847000
148625.201406	1001.484000
148652.116220	1002.187000
148652.539293	1002.198000
148654.238672	1002.242000
148658.063816	1002.341000
148659.728523	1002.384000
148661.236879	1002.423000
148662.244618	1002.449000
148663.601356	1002.484000
148669.884584	1002.646000
148670.701065	1002.667000
148673.659410	1002.746000
148678.019634	1002.858000
148680.592559	1002.924000
148681.645339	1002.951000
148731.691759	1004.241000
148811.058265	1006.265000
148888.057726	1008.185000
148893.240649	1008.312000
149004.335254	1011.069000
149076.719708	1012.790000
149114.380264	1013.694000
149234.313332	1016.486000
149312.303391	1018.260000
149348.302051	1019.081000
149484.561251	1022.122000
149524.941915	1023.017000
149616.702391	1025.063000
149754.667255	1028.037000
149777.156256	1028.514000
150005.385018	1033.223000
150010.367885	1033.317000
150230.680462	1037.998000
150251.390970	1038.358000
150491.914340	1042.983000
150519.399432	1043.457000
150806.069690	1047.998000
150855.139690	1048.705000
151167.228671	1053.322000
151185.124475	1053.565000
151531.152952	1058.135000
151541.069613	1058.251000
152014.416620	1063.635000
152022.843947	1063.709000
152593.799998	1068.466000
152638.532795	1068.775000
153494.553418	1073.364000
154408.214131	1068.466000
155096.867587	1063.709000
155105.749392	1063.635000
155718.894380	1058.251000
155729.092793	1058.135000
156119.775046	1053.565000
156138.174372	1053.322000
156478.194648	1048.705000
156525.984752	1047.998000
156841.157129	1043.457000
156871.080429	1042.983000
157139.263029	1038.358000
157157.984848	1037.998000
157427.278984	1033.317000
157431.703120	1033.223000
157681.323538	1028.514000
157704.442060	1028.037000
157844.656505	1025.063000
157939.571136	1023.017000
157979.710738	1022.122000
158116.914758	1019.081000
158153.701606	1018.260000
158231.486773	1016.486000
158354.230992	1013.694000
158393.063189	1012.790000
158464.759889	1011.069000
158580.718017	1008.312000
158585.835542	1008.185000
158664.191549	1006.265000
158745.361814	1004.241000
158795.946198	1002.951000
158796.993681	1002.924000
158799.567143	1002.858000
158803.933318	1002.746000
158807.008834	1002.667000
158807.795229	1002.646000
158814.093793	1002.484000
158815.451281	1002.449000
158816.459142	1002.423000
158817.970752	1002.384000
158819.633811	1002.341000
158823.466509	1002.242000
158825.166573	1002.198000
158825.591417	1002.187000
158852.629652	1001.484000
158877.017614	1000.847000
158977.639435	998.206000
158990.547306	997.855000
159094.020992	995.084000
159178.100523	992.804000
159239.884025	991.076000
159353.144331	987.924000
159393.711643	986.758000
159532.675582	982.771000
159552.523801	982.195000
159690.703272	978.083000
159728.704536	977.004000
159878.912021	972.451000
159889.948244	972.128000
160029.578369	967.924000
160045.984941	967.435000
160191.936392	962.959000
160224.875531	961.932000
160368.926835	957.434000
160370.439050	957.385000
160509.434386	952.884000
160531.940264	952.164000
160671.030418	947.704000
160690.301048	947.085000
160825.408483	942.662000
160839.568793	942.196000
160981.525620	937.516000
160984.796345	937.407000
161128.335495	932.622000
161144.065151	932.097000
161276.431220	927.604000
161288.002731	927.215000
161425.986746	922.408000
161431.136051	922.229000
161569.049772	917.470000
161573.202275	917.323000
161714.215428	912.361000
161718.568611	912.205000
161855.413530	907.335000
161861.192058	907.125000
161992.952610	902.359000
161997.534345	902.187000
162126.476483	897.393000
162132.281931	897.169000
162265.596255	892.142000
162268.367173	892.037000
162390.264492	887.323000
162406.746484	886.678000
162515.413183	882.547000
162525.475620	882.148000
162659.719658	877.046000
162667.913095	876.717000
162788.467685	872.022000
162801.966140	871.471000
162903.688914	867.425000
162927.097212	866.446000
163038.444063	861.959000
163048.934744	861.510000
163163.293697	856.878000
163191.614430	855.657000
163279.430171	852.137000
163299.576112	851.273000
163403.534194	847.005000
163433.980766	845.705000
163535.800901	841.453000
163559.453873	840.422000
163631.869329	837.345000
163668.951485	835.709000
163765.155038	831.612000
163795.410249	830.260000
163883.211981	826.486000
163920.842353	824.789000
163981.121173	822.142000
164016.500545	820.512000
164107.763767	816.435000
164153.591599	814.309000
164214.622181	811.571000
164250.743690	809.887000
164323.103704	806.688000
164372.670009	804.383000
164433.244512	801.682000
164479.521873	799.545000
164552.076658	796.300000
164602.917165	793.950000
164652.963785	791.687000
164707.271329	789.177000
164762.298643	786.666000
164820.841672	783.938000
164877.488120	781.338000
164936.103037	778.612000
164978.404731	776.646000
165043.651785	773.590000
165087.712396	771.533000
165149.832869	768.581000
165190.320356	766.695000
165265.614711	763.056000
165300.396682	761.437000
165365.369705	758.249000
165401.014079	756.568000
165476.032873	752.874000
165498.995381	751.774000
165578.032814	747.857000
165609.412844	746.330000
165681.930722	742.696000
165698.353183	741.883000
165789.911822	737.234000
165804.423796	736.508000
165881.213919	732.597000
165902.529718	731.529000
165991.106838	726.956000
165993.051335	726.860000
166085.716043	722.031000
166097.052614	721.468000
166188.440247	716.712000
166189.608562	716.654000
166283.702294	711.800000
166287.254114	711.622000
166386.476026	706.510000
166392.455575	706.200000
166482.741376	701.679000
166485.423125	701.538000
166586.066218	696.486000
166596.136222	695.965000
166689.367159	691.321000
166696.535012	690.946000
166782.892048	686.579000
166799.145982	685.713000
166882.474694	681.456000
166896.063978	680.725000
166983.533003	676.219000
167001.333097	675.264000
167078.145361	671.262000
167096.932678	670.252000
167170.529553	666.365000
167192.732855	665.158000
167267.888321	661.171000
167289.997259	659.955000
167365.658580	655.922000
167391.691102	654.497000
167450.933134	651.291000
167479.260494	649.733000
167550.208813	645.863000
167569.239678	644.808000
167646.504158	640.576000
167667.015323	639.443000
167732.890032	635.831000
167746.910495	635.066000
167831.566044	630.487000
167844.996415	629.762000
167928.097736	625.251000
167938.062704	624.711000
168020.593683	620.156000
168021.165132	620.125000
168116.648451	615.047000
168118.652029	614.938000
168210.799720	609.946000
168214.480202	609.742000
168295.491028	605.275000
168311.723913	604.365000
168386.211134	600.215000
168395.833677	599.676000
168479.791810	594.976000
168497.709545	593.970000
168562.732549	590.322000
168583.859285	589.133000
168651.005335	585.387000
168675.501304	584.004000
168746.134535	580.041000
168774.894228	578.414000
168824.983145	575.583000
168858.177733	573.708000
168915.707502	570.435000
168960.558661	567.944000
169008.436576	565.259000
169042.173776	563.398000
169093.488430	560.510000
169152.278920	557.222000
169186.151263	555.319000
169232.650024	552.740000
169274.144143	550.396000
169333.218423	547.207000
169368.454048	545.240000
169431.715281	541.860000
169460.149460	540.271000
169527.397602	536.643000
169548.369578	535.482000
169619.928282	531.621000
169646.563982	530.132000
169719.009507	526.200000
169733.031658	525.407000
169809.800271	521.262000
169826.403395	520.310000
169907.016261	515.951000
169923.522987	515.009000
169999.571269	510.905000
170004.454969	510.628000
170092.793697	505.892000
170108.468925	504.993000
170185.827842	500.816000
170195.443331	500.264000
170275.855878	495.899000
170282.110754	495.543000
170369.134123	490.828000
170383.369496	490.016000
170458.878940	485.881000
170472.644485	485.093000
170547.795568	481.018000
170554.517829	480.636000
170644.019209	475.799000
170660.277919	474.886000
170731.903650	471.035000
170745.503417	470.271000
170826.879179	465.863000
170835.386234	465.384000
170916.685654	460.935000
170929.465238	460.219000
171009.104197	455.775000
171020.726382	455.120000
171095.095930	450.952000
171103.713266	450.473000
171186.796198	445.844000
171201.224350	445.054000
171278.112600	440.736000
171286.053221	440.307000
171370.264544	435.603000
171373.400233	435.436000
171456.338867	430.860000
171468.723483	430.208000
171554.138785	425.527000
171560.078458	425.214000
171644.354779	420.606000
171647.012041	420.465000
171740.109584	415.453000
171745.533716	415.167000
171833.965654	410.461000
171835.184795	410.396000
171931.410497	405.327000
171935.202353	405.127000
172022.646245	400.448000
172022.853340	400.437000
172120.206537	395.342000
172128.378427	394.906000
172216.220645	390.217000
172218.850722	390.076000
172302.061801	385.599000
172313.997612	384.951000
172403.981550	380.081000
172406.046158	379.967000
172491.413439	375.273000
172500.243840	374.776000
172581.953879	370.228000
172593.672009	369.562000
172672.801796	365.127000
172682.374894	364.580000
172762.188232	360.144000
172773.274831	359.503000
172856.077686	355.093000
172869.451393	354.326000
172953.227607	349.919000
172965.795808	349.213000
173049.179138	344.932000
173064.602024	344.079000
173147.745105	339.886000
173164.997945	338.969000
173254.313236	334.400000
173267.887221	333.681000
173343.149762	329.779000
173364.249706	328.662000
173447.278567	324.327000
173465.458369	323.373000
173545.503250	319.214000
173563.917849	318.264000
173645.051506	314.026000
173666.189806	312.979000
173743.581782	309.113000
173767.139811	307.959000
173848.440320	303.864000
173877.119407	302.446000
173952.289697	298.680000
173969.581203	297.810000
174049.773120	293.920000
174087.084945	292.052000
174154.110638	288.916000
174189.280410	287.172000
174267.544129	283.681000
174301.549191	282.056000
174374.963505	278.949000
174422.644012	276.755000
174490.819473	274.037000
174548.220986	271.601000
174627.017529	268.793000
174679.841025	266.612000
174758.889798	263.996000
174828.749904	261.292000
174901.941747	259.101000
174980.446022	256.228000
175075.475100	253.907000
175169.334980	250.909000
175240.020670	249.006000
175345.981575	245.758000
175398.704403	244.176000
175523.133916	240.610000
175598.649184	238.619000
175703.447656	235.224000
175754.560768	233.968000
175881.060960	230.037000
175933.967430	228.921000
176071.350485	224.914000
176126.256806	223.869000
176292.356418	219.529000
176355.807233	218.704000
176568.614861	214.047000
176819.121929	219.529000
177152.911669	223.869000
177192.905700	224.914000
177403.441229	228.921000
177441.704141	230.037000
177628.061968	233.968000
177668.480244	235.224000
177806.640288	238.619000
177868.099421	240.610000
178003.351781	244.176000
178058.552983	245.758000
178166.798081	249.006000
178228.880471	250.909000
178340.239220	253.907000
178412.903924	256.228000
178530.533627	259.101000
178590.402359	261.292000
178680.731316	263.996000
178748.317868	266.612000
178814.222062	268.793000
178882.231406	271.601000
178950.589091	274.037000
179014.635607	276.755000
179069.667601	278.949000
179137.189631	282.056000
179175.586239	283.681000
179248.639574	287.172000
179287.737806	288.916000
179350.978864	292.052000
179390.903607	293.920000
179468.603285	297.810000
179486.538239	298.680000
179561.388598	302.446000
179589.692228	303.864000
179672.513712	307.959000
179695.424771	309.113000
179774.346210	312.979000
179795.305703	314.026000
179880.868374	318.264000
179899.055484	319.214000
179979.672661	323.373000
179998.033521	324.327000
180080.643000	328.662000
180102.037057	329.779000
180175.745186	333.681000
180189.613399	334.400000
180275.871450	338.969000
180293.797062	339.886000
180372.686005	344.079000
180389.600159	344.932000
180467.003878	349.213000
180480.755018	349.919000
180559.208365	354.326000
180573.788885	355.093000
180650.683343	359.503000
180662.718860	360.144000
180739.442967	364.580000
180749.284693	365.127000
180826.902043	369.562000
180838.784893	370.228000
180918.805991	374.776000
180927.735166	375.273000
181011.135375	379.967000
181013.208633	380.081000
181101.407254	384.951000
181113.380476	385.599000
181195.844403	390.076000
181198.465078	390.217000
181285.929119	394.906000
181294.097003	395.342000
181389.591907	400.437000
181389.802090	400.448000
181477.892756	405.127000
181481.630473	405.327000
181577.735072	410.396000
181578.968979	410.461000
181667.234804	415.167000
181672.609121	415.453000
181767.664184	420.465000
181770.283249	420.606000
181857.124822	425.214000
181862.849320	425.527000
181951.678739	430.208000
181963.575936	430.860000
182050.496179	435.436000
182053.523005	435.603000
182141.848040	440.307000
182149.528027	440.736000
182229.452504	445.054000
182243.519600	445.844000
182328.061264	450.473000
182336.658526	450.952000
182411.641941	455.120000
182423.329094	455.775000
182502.182514	460.219000
182515.013634	460.935000
182594.421966	465.384000
182603.175039	465.863000
182681.461253	470.271000
182695.565401	471.035000
182764.116059	474.886000
182781.097179	475.799000
182867.234505	480.636000
182874.302838	481.018000
182946.012815	485.093000
182960.545098	485.881000
183032.779272	490.016000
183047.607245	490.828000
183130.267081	495.543000
183136.837669	495.899000
183213.530176	500.264000
183223.699185	500.816000
183296.459869	504.993000
183313.109538	505.892000
183395.687826	510.628000
183400.854597	510.905000
183473.210929	515.009000
183490.666455	515.951000
183567.049493	520.310000
183584.655239	521.262000
183656.945101	525.407000
183671.632076	526.200000
183741.159307	530.132000
183768.593536	531.621000
183837.660317	535.482000
183859.177970	536.643000
183924.713137	540.271000
183954.166637	541.860000
184014.649661	545.240000
184051.464704	547.207000
184108.590484	550.396000
184152.011654	552.740000
184197.665807	555.319000
184231.976447	557.222000
184290.501021	560.510000
184342.139383	563.398000
184375.206063	565.259000
184423.881175	567.944000
184468.299755	570.435000
184527.231044	573.708000
184560.188062	575.583000
184610.307464	578.414000
184639.093994	580.041000
184709.146031	584.004000
184733.795478	585.387000
184800.145369	589.133000
184821.457877	590.322000
184886.277332	593.970000
184904.208566	594.976000
184987.919655	599.676000
184997.548045	600.215000
185071.636273	604.365000
185087.969615	605.275000
185167.653460	609.742000
185171.353082	609.946000
185261.416645	614.938000
185263.428684	615.047000
185356.769684	620.125000
185357.352587	620.156000
185441.318825	624.711000
185451.102959	625.251000
185534.347349	629.762000
185547.703247	630.487000
185632.527618	635.066000
185646.670770	635.831000
185712.869348	639.443000
185733.532705	640.576000
185810.146339	644.808000
185829.407688	645.863000
185899.217590	649.733000
185927.780247	651.291000
185986.071335	654.497000
186012.403180	655.922000
186086.079785	659.955000
186108.892621	661.171000
186181.383026	665.158000
186204.135133	666.365000
186275.638227	670.252000
186294.761675	671.262000
186369.204092	675.264000
186387.533855	676.219000
186471.520478	680.725000
186485.710416	681.456000
186564.848014	685.713000
186581.799544	686.579000
186663.763667	690.946000
186671.179258	691.321000
186759.945942	695.965000
186770.405313	696.486000
186868.051497	701.538000
186870.860419	701.679000
186956.847538	706.200000
186963.038336	706.510000
187061.643027	711.622000
187065.097937	711.800000
187161.954885	716.654000
187163.079202	716.712000
187258.881075	721.468000
187269.699249	722.031000
187366.936020	726.860000
187368.778184	726.956000
187461.405107	731.529000
187482.091826	732.597000
187560.149960	736.508000
187574.404531	737.234000
187667.333137	741.883000
187683.344574	742.696000
187756.750754	746.330000
187787.222631	747.857000
187867.717442	751.774000
187889.913300	752.874000
187967.025576	756.568000
188001.163798	758.249000
188068.763004	761.437000
188101.759028	763.056000
188179.937900	766.695000
188218.961025	768.581000
188282.332744	771.533000
188325.619266	773.590000
188391.078297	776.646000
188433.053332	778.612000
188491.707665	781.338000
188547.613309	783.938000
188607.048505	786.666000
188660.934702	789.177000
188715.940101	791.687000
188764.903437	793.950000
188816.874077	796.300000
188887.077245	799.545000
188934.858316	801.682000
188993.349263	804.383000
189045.042794	806.688000
189113.833515	809.887000
189151.924876	811.571000
189210.654502	814.309000
189258.043479	816.435000
189345.926860	820.512000
189382.414241	822.142000
189439.867737	824.789000
189478.512677	826.486000
189562.199787	830.260000
189593.653932	831.612000
189685.337068	835.709000
189723.752741	837.345000
189793.497114	840.422000
189817.761116	841.453000
189915.309555	845.705000
189946.439887	847.005000
190046.398324	851.273000
190067.443259	852.137000
190149.519314	855.657000
190179.980399	856.878000
190287.418267	861.510000
190298.503580	861.959000
190403.340295	866.446000
190427.634605	867.425000
190524.376151	871.471000
190538.229154	872.022000
190653.247746	876.717000
190661.695554	877.046000
190788.756089	882.148000
190799.254594	882.547000
190903.434863	886.678000
190920.401704	887.323000
191040.860791	892.037000
191043.575941	892.142000
191176.236907	897.169000
191182.177311	897.393000
191306.424263	902.187000
191311.050473	902.359000
191438.007151	907.125000
191443.812799	907.335000
191577.819613	912.205000
191582.203146	912.361000
191720.667857	917.323000
191724.845393	917.470000
191859.279152	922.229000
191864.466493	922.408000
192002.749778	927.215000
192013.915948	927.604000
192147.568378	932.097000
192163.035146	932.622000
192306.399719	937.407000
192309.669472	937.516000
192450.100565	942.196000
192464.235582	942.662000
192598.636983	947.085000
192617.545304	947.704000
192756.393465	952.164000
192778.847481	952.884000
192919.540479	957.385000
192921.053647	957.434000
193059.868840	961.932000
193092.759167	962.959000
193236.318649	967.435000
193252.263748	967.924000
193393.313291	972.128000
193404.041295	972.451000
193559.607610	977.004000
193595.204771	978.083000
193740.025158	982.195000
193759.381037	982.771000
193896.767929	986.758000
193937.407997	987.924000
194047.071950	991.076000
194109.163895	992.804000
194190.683793	995.084000
194292.869925	997.855000
194305.976840	998.206000
194403.098457	1000.847000
194427.368090	1001.484000
194454.282904	1002.187000
194454.705977	1002.198000
194456.405356	1002.242000
194460.230500	1002.341000
194461.895207	1002.384000
194463.403563	1002.423000
194464.411303	1002.449000
194465.768040	1002.484000
194472.051268	1002.646000
194472.867749	1002.667000
194475.826094	1002.746000
194480.186319	1002.858000
194482.759243	1002.924000
194483.812023	1002.951000
194533.858443	1004.241000
194613.224949	1006.265000
194690.224410	1008.185000
194695.407333	1008.312000
194806.501939	1011.069000
194878.886392	1012.790000
194916.546948	1013.694000
195036.480016	1016.486000
195114.470075	1018.260000
195150.468735	1019.081000
195286.727935	1022.122000
195327.108599	1023.017000
195418.869075	1025.063000
195556.833939	1028.037000
195579.322941	1028.514000
195807.551703	1033.223000
195812.534569	1033.317000
196032.847146	1037.998000
196053.557654	1038.358000
196294.081024	1042.983000
196321.566116	1043.457000
196608.236374	1047.998000
196657.306374	1048.705000
196969.395355	1053.322000
196987.291159	1053.565000
197333.319636	1058.135000
197343.236297	1058.251000
197816.583305	1063.635000
197825.010632	1063.709000
198395.966682	1068.466000
198440.699480	1068.775000
