0.000000	500.000000
15.423659	500.816000
89.870944	504.993000
106.958707	505.892000
191.455011	510.628000
196.759756	510.905000
270.835589	515.009000
288.750932	515.951000
366.926360	520.310000
384.993969	521.262000
458.963668	525.407000
474.037117	526.200000
545.226646	530.132000
573.375033	531.621000
644.133089	535.482000
666.217780	536.643000
733.390460	540.271000
763.620314	541.860000
825.585457	545.240000
863.390597	547.207000
921.919303	550.396000
966.483526	552.740000
1013.231739	555.319000
1048.396360	557.222000
1108.339377	560.510000
1161.241066	563.398000
1195.106272	565.259000
1245.006667	567.944000
1290.505833	570.435000
1350.899787	573.708000
1384.635097	575.583000
1435.955777	578.414000
1465.431405	580.041000
1537.157134	584.004000
1562.405649	585.387000
1630.347398	589.133000
1652.183996	590.322000
1718.568819	593.970000
1736.935902	594.976000
1822.678564	599.676000
1832.542052	600.215000
1908.437033	604.365000
1925.173137	605.275000
2006.796989	609.742000
2010.589812	609.946000
2102.898071	614.938000
2104.962690	615.047000
2200.721729	620.125000
2201.320461	620.156000
2287.474756	624.711000
2297.504908	625.251000
2382.923373	629.762000
2396.626843	630.487000
2483.684261	635.066000
2498.198205	635.831000
2566.101255	639.443000
2587.291272	640.576000
2665.827950	644.808000
2685.581310	645.863000
2757.130549	649.733000
2786.429090	651.291000
2846.196473	654.497000
2873.217942	655.922000
2948.778941	659.955000
2972.208314	661.171000
3046.534591	665.158000
3069.907705	666.365000
3143.266042	670.252000
3162.916297	671.262000
3239.335308	675.264000
3258.184498	676.219000
3344.410479	680.725000
3359.012103	681.456000
3440.248311	685.713000
3457.700282	686.579000
3541.881622	690.946000
3549.520835	691.321000
3640.781445	695.965000
3651.566317	696.486000
3752.020172	701.538000
3754.915114	701.679000
3843.293229	706.200000
3849.674585	706.510000
3951.102504	711.622000
3954.657628	711.800000
4054.490840	716.654000
4055.647682	716.712000
4154.452045	721.468000
4165.577507	722.031000
4265.859410	726.860000
4267.753753	726.956000
4363.317445	731.529000
4384.601632	732.597000
4465.059518	736.508000
4479.737599	737.234000
4575.532195	741.883000
4592.022368	742.696000
4667.742641	746.330000
4699.151003	747.857000
4782.276314	751.774000
4805.170309	752.874000
4884.886769	756.568000
4920.113299	758.249000
4990.071674	761.437000
5024.127432	763.056000
5105.110828	766.695000
5145.427571	768.581000
5211.069022	771.533000
5255.842262	773.590000
5323.634874	776.646000
5367.096123	778.612000
5427.861383	781.338000
5485.776187	783.938000
5547.407440	786.666000
5603.222247	789.177000
5660.285168	791.687000
5711.031387	793.950000
5764.983787	796.300000
5837.742686	799.545000
5887.388457	801.682000
5948.013116	804.383000
6001.736984	806.688000
6073.000333	809.887000
6112.615147	811.571000
6173.444625	814.309000
6222.671001	816.435000
6313.729404	820.512000
6351.644236	822.142000
6411.203773	824.789000
6451.416527	826.486000
6538.312973	830.260000
6571.102470	831.612000
6666.370115	835.709000
6706.449139	837.345000
6778.995150	840.422000
6804.314803	841.453000
6905.883385	845.705000
6938.419130	847.005000
7042.681746	851.273000
7064.711968	852.137000
7150.289103	855.657000
7182.251385	856.878000
7294.221223	861.510000
7305.840764	861.959000
7415.168835	866.446000
7440.646852	867.425000
7541.741904	871.471000
7556.289066	872.022000
7676.759334	876.717000
7685.650111	877.046000
7818.949038	882.148000
7830.027878	882.547000
7939.463207	886.678000
7957.367411	887.323000
8084.077432	892.037000
8086.937133	892.142000
8226.978282	897.169000
8233.252700	897.393000
8364.146778	902.187000
8369.041203	902.359000
8503.205638	907.125000
8509.368661	907.335000
8651.540525	912.205000
8656.203681	912.361000
8803.367511	917.323000
8807.818215	917.470000
8950.927309	922.229000
8956.468770	922.408000
9104.040164	927.215000
9115.952764	927.604000
9259.272363	932.097000
9275.834118	932.622000
9429.735142	937.407000
9433.245854	937.516000
9584.032611	942.196000
9599.235361	942.662000
9743.829754	947.085000
9764.188950	947.704000
9914.153738	952.164000
9938.412535	952.884000
10090.472726	957.385000
10092.104866	957.434000
10241.818855	961.932000
10277.515848	962.959000
10433.367006	967.435000
10450.729453	967.924000
10605.160202	972.128000
10616.882677	972.451000
10787.838122	977.004000
10826.684797	978.083000
10986.872696	982.195000
11008.071461	982.771000
11159.317574	986.758000
11204.167078	987.924000
11325.142757	991.076000
11394.139740	992.804000
11484.620075	995.084000
11598.885835	997.855000
11613.588867	998.206000
11722.116133	1000.847000
11749.486584	1001.484000
11779.880561	1002.187000
11780.358928	1002.198000
11782.282657	1002.242000
11786.613281	1002.341000
11788.499024	1002.384000
11790.207178	1002.423000
11791.349099	1002.449000
11792.886541	1002.484000
11800.007754	1002.646000
11800.933771	1002.667000
11804.254806	1002.746000
11809.201827	1002.858000
11812.122159	1002.924000
11813.317162	1002.951000
11870.042488	1004.241000
11960.278688	1006.265000
12048.418201	1008.185000
12054.383944	1008.312000
12181.740637	1011.069000
12265.911539	1012.790000
12309.559374	1013.694000
12450.090847	1016.486000
12542.294389	1018.260000
12584.809393	1019.081000
12747.157962	1022.122000
12795.411272	1023.017000
12904.783365	1025.063000
13071.700223	1028.037000
13099.118268	1028.514000
13381.290331	1033.223000
13387.797509	1033.317000
13656.172075	1037.998000
13685.091820	1038.358000
13995.118530	1042.983000
14033.791678	1043.457000
14479.637293	1047.998000
14570.598705	1048.705000
15115.935873	1053.322000
15155.775213	1053.565000
16031.197743	1058.135000
16953.169000	1053.322000
17710.116451	1048.705000
17793.623789	1047.998000
18377.861094	1043.457000
18424.399483	1042.983000
18801.748237	1038.358000
18825.880046	1037.998000
19201.917064	1033.317000
19207.306341	1033.223000
19533.288267	1028.514000
19561.870996	1028.037000
19732.817047	1025.063000
19847.649559	1023.017000
19895.493168	1022.122000
20059.446595	1019.081000
20103.276971	1018.260000
20195.142523	1016.486000
20340.256554	1013.694000
20385.758148	1012.790000
20468.853195	1011.069000
20603.692927	1008.312000
20609.559558	1008.185000
20699.750316	1006.265000
20792.664052	1004.241000
20850.176255	1002.951000
20851.363529	1002.924000
20854.284646	1002.858000
20859.240362	1002.746000
20862.729778	1002.667000
20863.612585	1002.646000
20870.756144	1002.484000
20872.294678	1002.449000
20873.436777	1002.423000
20875.149659	1002.384000
20877.033008	1002.341000
20881.374603	1002.242000
20883.299325	1002.198000
20883.780257	1002.187000
20914.352282	1001.484000
20941.892770	1000.847000
21055.370572	998.206000
21069.794302	997.855000
21185.868662	995.084000
21279.887404	992.804000
21348.461974	991.076000
21474.317582	987.924000
21519.069371	986.758000
21672.426982	982.771000
21694.277436	982.195000
21845.613064	978.083000
21887.646805	977.004000
22051.566091	972.451000
22063.694053	972.128000
22216.267692	967.924000
22234.230736	967.435000
22393.155714	962.959000
22428.915129	961.932000
22585.258921	957.434000
22586.889865	957.385000
22736.813551	952.884000
22761.137776	952.164000
22911.407545	947.704000
22932.221044	947.085000
23077.695561	942.662000
23092.929788	942.196000
23245.609767	937.516000
23249.121681	937.407000
23403.238700	932.622000
23420.124393	932.097000
23561.861467	927.604000
23574.269953	927.215000
23721.477850	922.408000
23726.973019	922.229000
23874.301581	917.470000
23878.722056	917.323000
24028.956050	912.361000
24033.582724	912.205000
24179.156880	907.335000
24185.287494	907.125000
24325.158771	902.359000
24330.000626	902.187000
24466.418489	897.393000
24472.534524	897.169000
24613.344790	892.142000
24616.269859	892.037000
24744.656793	887.323000
24761.994079	886.678000
24876.664256	882.547000
24887.234262	882.148000
25028.899032	877.046000
25037.494749	876.717000
25164.370729	872.022000
25178.508986	871.471000
25285.328986	867.425000
25309.790690	866.446000
25426.562765	861.959000
25437.502882	861.510000
25557.373075	856.878000
25586.888440	855.657000
25679.031955	852.137000
25700.037252	851.273000
25808.862468	847.005000
25840.620060	845.705000
25947.036973	841.453000
25971.664726	840.422000
26047.230753	837.345000
26085.802503	835.709000
26186.171550	831.612000
26217.609640	830.260000
26309.138903	826.486000
26348.212371	824.789000
26410.936684	822.142000
26447.612939	820.512000
26542.446539	816.435000
26589.930023	814.309000
26653.326927	811.571000
26690.739944	809.887000
26765.993976	806.688000
26817.341904	804.383000
26880.295555	801.682000
26928.261086	799.545000
27003.647388	796.300000
27056.338732	793.950000
27108.293745	791.687000
27164.578769	789.177000
27221.664425	786.666000
27282.302733	783.938000
27341.042197	781.338000
27401.763641	778.612000
27445.587743	776.646000
27513.145006	773.590000
27558.776355	771.533000
27623.030417	768.581000
27664.968010	766.695000
27742.758376	763.056000
27778.788086	761.437000
27845.847851	758.249000
27882.736191	756.568000
27960.146542	752.874000
27983.884524	751.774000
28065.407961	747.857000
28097.813462	746.330000
28172.560016	742.696000
28189.500187	741.883000
28283.796394	737.234000
28298.755928	736.508000
28377.827520	732.597000
28399.798633	731.529000
28490.934016	726.956000
28492.940164	726.860000
28588.229587	722.031000
28599.921182	721.468000
28693.904664	716.712000
28695.109595	716.654000
28791.925359	711.800000
28795.586322	711.622000
28897.686278	706.510000
28903.837032	706.200000
28996.901902	701.679000
28999.658220	701.538000
29103.383377	696.486000
29113.742929	695.965000
29209.875268	691.321000
29217.244504	690.946000
29306.205683	686.579000
29322.899304	685.713000
29408.688036	681.456000
29422.637687	680.725000
29512.644415	676.219000
29530.919118	675.264000
29609.908084	671.262000
29629.194241	670.252000
29704.818539	666.365000
29727.597935	665.158000
29804.804731	661.171000
29827.473593	659.955000
29905.179728	655.922000
29931.878073	654.497000
29992.671636	651.291000
30021.716422	649.733000
30094.492645	645.863000
30113.997670	644.808000
30193.235794	640.576000
30214.261800	639.443000
30281.815500	635.831000
30296.196960	635.066000
30383.071925	630.487000
30396.855858	629.762000
30482.119793	625.251000
30492.345014	624.711000
30576.951202	620.156000
30577.537543	620.125000
30675.613613	615.047000
30677.669094	614.938000
30772.224853	609.946000
30775.997066	609.742000
30859.048750	605.275000
30875.676846	604.365000
30952.000835	600.215000
30961.858038	599.676000
31047.866190	594.976000
31066.218768	593.970000
31132.822265	590.322000
31154.459204	589.133000
31223.256424	585.387000
31248.340097	584.004000
31320.689965	580.041000
31350.136788	578.414000
31401.424743	575.583000
31435.414950	573.708000
31494.303307	570.435000
31540.267663	567.944000
31589.310322	565.259000
31623.896778	563.398000
31676.450627	560.510000
31736.679420	557.222000
31771.372717	555.319000
31819.028818	552.740000
31861.517306	550.396000
31922.146703	547.207000
31958.247664	545.240000
32023.210233	541.860000
32052.341183	540.271000
32121.361894	536.643000
32142.857892	535.482000
32216.302332	531.621000
32243.590275	530.132000
32317.921676	526.200000
32332.279076	525.407000
32411.067789	521.262000
32428.056728	520.310000
32510.784363	515.951000
32527.678433	515.009000
32605.729991	510.905000
32610.729748	510.628000
32701.427484	505.892000
32717.466795	504.993000
32796.861216	500.816000
32806.699594	500.264000
32889.204826	495.899000
32895.607289	495.543000
32984.904209	490.828000
32999.473949	490.016000
33076.913049	485.881000
33090.999559	485.093000
33168.110776	481.018000
33174.992167	480.636000
33266.844143	475.799000
33283.497302	474.886000
33357.024404	471.035000
33370.953834	470.271000
33454.456607	465.863000
33463.168902	465.384000
33546.548909	460.935000
33559.639997	460.219000
33641.236393	455.775000
33653.138445	455.120000
33729.319590	450.952000
33738.150438	450.473000
33823.282011	445.844000
33838.078978	445.054000
33916.832263	440.736000
33924.981573	440.307000
34011.258302	435.603000
34014.478886	435.436000
34099.504394	430.860000
34112.232453	430.208000
34199.827139	425.527000
34205.931199	425.214000
34292.368080	420.606000
34295.097836	420.465000
34390.660039	415.453000
34396.234108	415.167000
34487.064139	410.461000
34488.316212	410.396000
34587.207001	405.327000
34591.103603	405.127000
34680.891964	400.448000
34681.104697	400.437000
34781.191075	395.342000
34789.583385	394.906000
34879.792561	390.217000
34882.492875	390.076000
34967.909690	385.599000
34980.156030	384.951000
35072.496279	380.081000
35074.612753	379.967000
35162.143198	375.273000
35171.186823	374.776000
35254.915785	370.228000
35266.911218	369.562000
35347.968366	365.127000
35357.765524	364.580000
35439.556836	360.144000
35450.896677	359.503000
35535.941216	355.093000
35549.625553	354.326000
35635.728820	349.919000
35648.601723	349.213000
35734.421345	344.932000
35750.230351	344.079000
35835.894991	339.886000
35853.616889	338.969000
35945.561528	334.400000
35959.507186	333.681000
36036.924473	329.779000
36058.602851	328.662000
36143.974307	324.327000
36162.661666	323.373000
36244.987835	319.214000
36263.935092	318.264000
36347.355682	314.026000
36369.159638	312.979000
36448.945848	309.113000
36473.263115	307.959000
36557.035684	303.864000
36586.621225	302.446000
36664.102880	298.680000
36681.921359	297.810000
36764.751207	293.920000
36803.211987	292.052000
36872.616132	288.916000
36908.890753	287.172000
36990.226077	283.681000
37025.385450	282.056000
37102.021089	278.949000
37151.453994	276.755000
37223.028565	274.037000
37282.934087	271.601000
37366.742064	268.793000
37422.008863	266.612000
37506.978388	263.996000
37580.550675	261.292000
37660.617335	259.101000
37743.832370	256.228000
37853.330360	253.907000
37954.800505	250.909000
38033.986394	249.006000
38149.376513	245.758000
38207.024781	244.176000
38344.376028	240.610000
38429.435761	238.619000
38542.466417	235.224000
38601.245757	233.968000
38738.658931	230.037000
38803.335654	228.921000
38954.417462	224.914000
39025.680537	223.869000
39213.232474	219.529000
39389.585245	218.704000
39645.296639	214.047000
39946.307990	219.529000
40874.030445	223.869000
40919.189840	224.914000
41192.444523	228.921000
41234.522710	230.037000
41462.340092	233.968000
41506.245192	235.224000
41665.127245	238.619000
41731.414148	240.610000
41883.761214	244.176000
41944.694941	245.758000
42063.052448	249.006000
42130.659405	250.909000
42255.409429	253.907000
42333.965868	256.228000
42469.505604	259.101000
42532.966844	261.292000
42631.780285	263.996000
42702.958207	266.612000
42773.798625	268.793000
42844.953678	271.601000
42917.658890	274.037000
42984.499288	276.755000
43042.275081	278.949000
43112.278744	282.056000
43152.360145	283.681000
43227.893297	287.172000
43268.526011	288.916000
43333.753770	292.052000
43375.095269	293.920000
43455.187579	297.810000
43473.712506	298.680000
43550.843993	302.446000
43580.017914	303.864000
43665.457117	307.959000
43689.064820	309.113000
43770.529772	312.979000
43792.137678	314.026000
43880.394757	318.264000
43899.094512	319.214000
43982.043611	323.373000
44000.927757	324.327000
44085.843587	328.662000
44107.841261	329.779000
44183.570026	333.681000
44197.835282	334.400000
44286.455192	338.969000
44304.908515	339.886000
44385.942233	344.079000
44403.369359	344.932000
44482.710925	349.213000
44496.863845	349.919000
44577.219203	354.326000
44592.204727	355.093000
44670.885203	359.503000
44683.246552	360.144000
44761.723207	364.580000
44771.808836	365.127000
44851.242829	369.562000
44863.415109	370.228000
44945.329870	374.776000
44954.479671	375.273000
45039.893714	379.967000
45042.019507	380.081000
45132.433780	384.951000
45144.720532	385.599000
45229.329890	390.076000
45232.020033	390.217000
45321.819834	394.906000
45330.207806	395.342000
45428.278494	400.437000
45428.494578	400.448000
45518.983462	405.127000
45522.821392	405.327000
45621.580768	410.396000
45622.848848	410.461000
45713.498937	415.167000
45719.018994	415.453000
45816.701631	420.465000
45819.390033	420.606000
45908.600779	425.214000
45914.472034	425.527000
46005.759918	430.208000
46017.960674	430.860000
46107.291346	435.436000
46110.394331	435.603000
46201.110663	440.307000
46208.979012	440.736000
46291.004004	445.054000
46305.412317	445.844000
46392.115053	450.473000
46400.924304	450.952000
46477.765585	455.120000
46489.737430	455.775000
46570.489670	460.219000
46583.636164	460.935000
46664.980090	465.384000
46673.957168	465.863000
46754.132110	470.271000
46768.604913	471.035000
46838.817265	474.886000
46856.249164	475.799000
46944.476250	480.636000
46951.730220	481.018000
47025.137729	485.093000
47040.049052	485.881000
47113.967477	490.016000
47129.174381	490.828000
47213.775768	495.543000
47220.518017	495.899000
47299.020116	500.264000
47309.453767	500.816000
47383.901053	504.993000
47400.988815	505.892000
47485.485119	510.628000
47490.789864	510.905000
47564.865697	515.009000
47582.781040	515.951000
47660.956468	520.310000
47679.024077	521.262000
47752.993776	525.407000
47768.067226	526.200000
47839.256754	530.132000
47867.405141	531.621000
47938.163197	535.482000
47960.247889	536.643000
48027.420569	540.271000
48057.650423	541.860000
48119.615565	545.240000
48157.420706	547.207000
48215.949411	550.396000
48260.513634	552.740000
48307.261847	555.319000
48342.426469	557.222000
48402.369486	560.510000
48455.271175	563.398000
48489.136380	565.259000
48539.036775	567.944000
48584.535942	570.435000
48644.929896	573.708000
48678.665206	575.583000
48729.985885	578.414000
48759.461513	580.041000
48831.187242	584.004000
48856.435758	585.387000
48924.377507	589.133000
48946.214104	590.322000
49012.598928	593.970000
49030.966010	594.976000
49116.708673	599.676000
49126.572161	600.215000
49202.467142	604.365000
49219.203246	605.275000
49300.827097	609.742000
49304.619921	609.946000
49396.928179	614.938000
49398.992798	615.047000
49494.751838	620.125000
49495.350569	620.156000
49581.504865	624.711000
49591.535017	625.251000
49676.953481	629.762000
49690.656951	630.487000
49777.714370	635.066000
49792.228313	635.831000
49860.131364	639.443000
49881.321381	640.576000
49959.858058	644.808000
49979.611419	645.863000
50051.160657	649.733000
50080.459199	651.291000
50140.226582	654.497000
50167.248050	655.922000
50242.809050	659.955000
50266.238422	661.171000
50340.564700	665.158000
50363.937813	666.365000
50437.296151	670.252000
50456.946406	671.262000
50533.365416	675.264000
50552.214607	676.219000
50638.440587	680.725000
50653.042211	681.456000
50734.278420	685.713000
50751.730391	686.579000
50835.911730	690.946000
50843.550943	691.321000
50934.811553	695.965000
50945.596426	696.486000
51046.050280	701.538000
51048.945222	701.679000
51137.323337	706.200000
51143.704693	706.510000
51245.132613	711.622000
51248.687736	711.800000
51348.520948	716.654000
51349.677791	716.712000
51448.482153	721.468000
51459.607616	722.031000
51559.889518	726.860000
51561.783861	726.956000
51657.347553	731.529000
51678.631741	732.597000
51759.089626	736.508000
51773.767708	737.234000
51869.562303	741.883000
51886.052477	742.696000
51961.772750	746.330000
51993.181111	747.857000
52076.306422	751.774000
52099.200418	752.874000
52178.916878	756.568000
52214.143407	758.249000
52284.101782	761.437000
52318.157541	763.056000
52399.140936	766.695000
52439.457679	768.581000
52505.099130	771.533000
52549.872370	773.590000
52617.664982	776.646000
52661.126232	778.612000
52721.891492	781.338000
52779.806295	783.938000
52841.437548	786.666000
52897.252355	789.177000
52954.315276	791.687000
53005.061495	793.950000
53059.013895	796.300000
53131.772794	799.545000
53181.418565	801.682000
53242.043225	804.383000
53295.767093	806.688000
53367.030441	809.887000
53406.645256	811.571000
53467.474734	814.309000
53516.701109	816.435000
53607.759513	820.512000
53645.674344	822.142000
53705.233882	824.789000
53745.446636	826.486000
53832.343082	830.260000
53865.132579	831.612000
53960.400223	835.709000
54000.479247	837.345000
54073.025258	840.422000
54098.344912	841.453000
54199.913493	845.705000
54232.449238	847.005000
54336.711855	851.273000
54358.742077	852.137000
54444.319212	855.657000
54476.281494	856.878000
54588.251331	861.510000
54599.870873	861.959000
54709.198944	866.446000
54734.676961	867.425000
54835.772012	871.471000
54850.319175	872.022000
54970.789443	876.717000
54979.680219	877.046000
55112.979147	882.148000
55124.057987	882.547000
55233.493316	886.678000
55251.397519	887.323000
55378.107541	892.037000
55380.967241	892.142000
55521.008391	897.169000
55527.282809	897.393000
55658.176886	902.187000
55663.071311	902.359000
55797.235746	907.125000
55803.398769	907.335000
55945.570633	912.205000
55950.233789	912.361000
56097.397619	917.323000
56101.848324	917.470000
56244.957418	922.229000
56250.498878	922.408000
56398.070272	927.215000
56409.982873	927.604000
56553.302472	932.097000
56569.864227	932.622000
56723.765251	937.407000
56727.275962	937.516000
56878.062719	942.196000
56893.265469	942.662000
57037.859863	947.085000
57058.219059	947.704000
57208.183846	952.164000
57232.442643	952.884000
57384.502835	957.385000
57386.134975	957.434000
57535.848963	961.932000
57571.545956	962.959000
57727.397114	967.435000
57744.759561	967.924000
57899.190311	972.128000
57910.912786	972.451000
58081.868230	977.004000
58120.714905	978.083000
58280.902805	982.195000
58302.101570	982.771000
58453.347683	986.758000
58498.197187	987.924000
58619.172865	991.076000
58688.169848	992.804000
58778.650183	995.084000
58892.915943	997.855000
58907.618975	998.206000
59016.146242	1000.847000
59043.516692	1001.484000
59073.910669	1002.187000
59074.389037	1002.198000
59076.312765	1002.242000
59080.643390	1002.341000
59082.529133	1002.384000
59084.237286	1002.423000
59085.379208	1002.449000
59086.916649	1002.484000
59094.037863	1002.646000
59094.963880	1002.667000
59098.284915	1002.746000
59103.231936	1002.858000
59106.152268	1002.924000
59107.347270	1002.951000
59164.072597	1004.241000
59254.308797	1006.265000
59342.448310	1008.185000
59348.414053	1008.312000
59475.770745	1011.069000
59559.941648	1012.790000
59603.589482	1013.694000
59744.120955	1016.486000
59836.324497	1018.260000
59878.839502	1019.081000
60041.188070	1022.122000
60089.441381	1023.017000
60198.813473	1025.063000
60365.730331	1028.037000
60393.148376	1028.514000
60675.320439	1033.223000
60681.827617	1033.317000
60950.202184	1037.998000
60979.121929	1038.358000
61289.148639	1042.983000
61327.821787	1043.457000
61773.667401	1047.998000
61864.628814	1048.705000
62409.965982	1053.322000
62449.805321	1053.565000
63325.227852	1058.135000
64247.199108	1053.322000
65004.146560	1048.705000
65087.653897	1047.998000
65671.891203	1043.457000
65718.429591	1042.983000
66095.778346	1038.358000
66119.910155	1037.998000
66495.947172	1033.317000
66501.336450	1033.223000
66827.318375	1028.514000
66855.901105	1028.037000
67026.847155	1025.063000
67141.679668	1023.017000
67189.523276	1022.122000
67353.476703	1019.081000
67397.307080	1018.260000
67489.172632	1016.486000
67634.286662	1013.694000
67679.788257	1012.790000
67762.883304	1011.069000
67897.723036	1008.312000
67903.589666	1008.185000
67993.780424	1006.265000
68086.694161	1004.241000
68144.206363	1002.951000
68145.393638	1002.924000
68148.314755	1002.858000
68153.270470	1002.746000
68156.759887	1002.667000
68157.642693	1002.646000
68164.786252	1002.484000
68166.324786	1002.449000
68167.466886	1002.423000
68169.179768	1002.384000
68171.063117	1002.341000
68175.404711	1002.242000
68177.329433	1002.198000
68177.810365	1002.187000
68208.382390	1001.484000
68235.922879	1000.847000
68349.400680	998.206000
68363.824410	997.855000
68479.898771	995.084000
68573.917513	992.804000
68642.492082	991.076000
68768.347690	987.924000
68813.099480	986.758000
68966.457090	982.771000
68988.307544	982.195000
69139.643172	978.083000
69181.676914	977.004000
69345.596200	972.451000
69357.724161	972.128000
69510.297801	967.924000
69528.260845	967.435000
69687.185823	962.959000
69722.945237	961.932000
69879.289029	957.434000
69880.919973	957.385000
70030.843659	952.884000
70055.167884	952.164000
70205.437654	947.704000
70226.251152	947.085000
70371.725669	942.662000
70386.959896	942.196000
70539.639876	937.516000
70543.151789	937.407000
70697.268809	932.622000
70714.154501	932.097000
70855.891576	927.604000
70868.300061	927.215000
71015.507958	922.408000
71021.003128	922.229000
71168.331690	917.470000
71172.752164	917.323000
71322.986158	912.361000
71327.612832	912.205000
71473.186989	907.335000
71479.317603	907.125000
71619.188879	902.359000
71624.030734	902.187000
71760.448597	897.393000
71766.564632	897.169000
71907.374899	892.142000
71910.299967	892.037000
72038.686902	887.323000
72056.024187	886.678000
72170.694364	882.547000
72181.264371	882.148000
72322.929140	877.046000
72331.524857	876.717000
72458.400837	872.022000
72472.539095	871.471000
72579.359094	867.425000
72603.820799	866.446000
72720.592874	861.959000
72731.532991	861.510000
72851.403183	856.878000
72880.918548	855.657000
72973.062064	852.137000
72994.067360	851.273000
73102.892577	847.005000
73134.650169	845.705000
73241.067081	841.453000
73265.694835	840.422000
73341.260862	837.345000
73379.832612	835.709000
73480.201659	831.612000
73511.639749	830.260000
73603.169011	826.486000
73642.242479	824.789000
73704.966793	822.142000
73741.643048	820.512000
73836.476647	816.435000
73883.960132	814.309000
73947.357035	811.571000
73984.770052	809.887000
74060.024085	806.688000
74111.372012	804.383000
74174.325664	801.682000
74222.291194	799.545000
74297.677496	796.300000
74350.368840	793.950000
74402.323854	791.687000
74458.608878	789.177000
74515.694533	786.666000
74576.332842	783.938000
74635.072306	781.338000
74695.793750	778.612000
74739.617852	776.646000
74807.175114	773.590000
74852.806463	771.533000
74917.060525	768.581000
74958.998119	766.695000
75036.788484	763.056000
75072.818195	761.437000
75139.877959	758.249000
75176.766299	756.568000
75254.176651	752.874000
75277.914633	751.774000
75359.438069	747.857000
75391.843571	746.330000
75466.590124	742.696000
75483.530295	741.883000
75577.826502	737.234000
75592.786037	736.508000
75671.857628	732.597000
75693.828741	731.529000
75784.964124	726.956000
75786.970272	726.860000
75882.259695	722.031000
75893.951290	721.468000
75987.934772	716.712000
75989.139703	716.654000
76085.955468	711.800000
76089.616430	711.622000
76191.716386	706.510000
76197.867140	706.200000
76290.932011	701.679000
76293.688329	701.538000
76397.413486	696.486000
76407.773038	695.965000
76503.905377	691.321000
76511.274612	690.946000
76600.235792	686.579000
76616.929412	685.713000
76702.718144	681.456000
76716.667796	680.725000
76806.674524	676.219000
76824.949227	675.264000
76903.938192	671.262000
76923.224349	670.252000
76998.848647	666.365000
77021.628044	665.158000
77098.834840	661.171000
77121.503702	659.955000
77199.209837	655.922000
77225.908181	654.497000
77286.701745	651.291000
77315.746530	649.733000
77388.522753	645.863000
77408.027778	644.808000
77487.265903	640.576000
77508.291908	639.443000
77575.845608	635.831000
77590.227068	635.066000
77677.102034	630.487000
77690.885967	629.762000
77776.149901	625.251000
77786.375122	624.711000
77870.981311	620.156000
77871.567652	620.125000
77969.643721	615.047000
77971.699203	614.938000
78066.254962	609.946000
78070.027174	609.742000
78153.078858	605.275000
78169.706954	604.365000
78246.030943	600.215000
78255.888147	599.676000
78341.896298	594.976000
78360.248877	593.970000
78426.852373	590.322000
78448.489313	589.133000
78517.286533	585.387000
78542.370206	584.004000
78614.720073	580.041000
78644.166897	578.414000
78695.454852	575.583000
78729.445058	573.708000
78788.333415	570.435000
78834.297772	567.944000
78883.340430	565.259000
78917.926887	563.398000
78970.480736	560.510000
79030.709528	557.222000
79065.402825	555.319000
79113.058926	552.740000
79155.547415	550.396000
79216.176811	547.207000
79252.277772	545.240000
79317.240342	541.860000
79346.371292	540.271000
79415.392003	536.643000
79436.888001	535.482000
79510.332441	531.621000
79537.620383	530.132000
79611.951784	526.200000
79626.309184	525.407000
79705.097897	521.262000
79722.086836	520.310000
79804.814471	515.951000
79821.708542	515.009000
79899.760099	510.905000
79904.759857	510.628000
79995.457593	505.892000
80011.496904	504.993000
80090.891325	500.816000
80100.729702	500.264000
80183.234935	495.899000
80189.637397	495.543000
80278.934317	490.828000
80293.504058	490.016000
80370.943157	485.881000
80385.029667	485.093000
80462.140884	481.018000
80469.022275	480.636000
80560.874251	475.799000
80577.527410	474.886000
80651.054512	471.035000
80664.983943	470.271000
80748.486715	465.863000
80757.199011	465.384000
80840.579018	460.935000
80853.670106	460.219000
80935.266502	455.775000
80947.168553	455.120000
81023.349699	450.952000
81032.180547	450.473000
81117.312119	445.844000
81132.109087	445.054000
81210.862371	440.736000
81219.011681	440.307000
81305.288410	435.603000
81308.508994	435.436000
81393.534503	430.860000
81406.262562	430.208000
81493.857247	425.527000
81499.961308	425.214000
81586.398189	420.606000
81589.127945	420.465000
81684.690148	415.453000
81690.264217	415.167000
81781.094248	410.461000
81782.346321	410.396000
81881.237110	405.327000
81885.133712	405.127000
81974.922073	400.448000
81975.134806	400.437000
82075.221183	395.342000
82083.613493	394.906000
82173.822669	390.217000
82176.522983	390.076000
82261.939799	385.599000
82274.186139	384.951000
82366.526388	380.081000
82368.642861	379.967000
82456.173306	375.273000
82465.216932	374.776000
82548.945893	370.228000
82560.941326	369.562000
82641.998475	365.127000
82651.795633	364.580000
82733.586944	360.144000
82744.926785	359.503000
82829.971325	355.093000
82843.655661	354.326000
82929.758929	349.919000
82942.631832	349.213000
83028.451453	344.932000
83044.260460	344.079000
83129.925100	339.886000
83147.646998	338.969000
83239.591636	334.400000
83253.537295	333.681000
83330.954581	329.779000
83352.632959	328.662000
83438.004416	324.327000
83456.691775	323.373000
83539.017943	319.214000
83557.965201	318.264000
83641.385791	314.026000
83663.189746	312.979000
83742.975957	309.113000
83767.293224	307.959000
83851.065793	303.864000
83880.651334	302.446000
83958.132988	298.680000
83975.951468	297.810000
84058.781316	293.920000
84097.242096	292.052000
84166.646240	288.916000
84202.920862	287.172000
84284.256185	283.681000
84319.415558	282.056000
84396.051198	278.949000
84445.484103	276.755000
84517.058673	274.037000
84576.964195	271.601000
84660.772173	268.793000
84716.038972	266.612000
84801.008496	263.996000
84874.580783	261.292000
84954.647443	259.101000
85037.862478	256.228000
85147.360469	253.907000
85248.830614	250.909000
85328.016503	249.006000
85443.406622	245.758000
85501.054890	244.176000
85638.406137	240.610000
85723.465870	238.619000
85836.496525	235.224000
85895.275865	233.968000
86032.689039	230.037000
86097.365763	228.921000
86248.447570	224.914000
86319.710646	223.869000
86507.262583	219.529000
86683.615354	218.704000
86939.326747	214.047000
87240.338098	219.529000
88168.060553	223.869000
88213.219948	224.914000
88486.474631	228.921000
88528.552819	230.037000
88756.370201	233.968000
88800.275301	235.224000
88959.157354	238.619000
89025.444256	240.610000
89177.791322	244.176000
89238.725050	245.758000
89357.082557	249.006000
89424.689514	250.909000
89549.439537	253.907000
89627.995977	256.228000
89763.535713	259.101000
89826.996953	261.292000
89925.810393	263.996000
89996.988316	266.612000
90067.828733	268.793000
90138.983787	271.601000
90211.688998	274.037000
90278.529396	276.755000
90336.305190	278.949000
90406.308852	282.056000
90446.390254	283.681000
90521.923405	287.172000
90562.556119	288.916000
90627.783879	292.052000
90669.125378	293.920000
90749.217688	297.810000
90767.742615	298.680000
90844.874102	302.446000
90874.048023	303.864000
90959.487226	307.959000
90983.094929	309.113000
91064.559881	312.979000
91086.167786	314.026000
91174.424866	318.264000
91193.124621	319.214000
91276.073719	323.373000
91294.957865	324.327000
91379.873695	328.662000
91401.871370	329.779000
91477.600135	333.681000
91491.865391	334.400000
91580.485300	338.969000
91598.938623	339.886000
91679.972342	344.079000
91697.399468	344.932000
91776.741033	349.213000
91790.893954	349.919000
91871.249311	354.326000
91886.234836	355.093000
91964.915312	359.503000
91977.276661	360.144000
92055.753316	364.580000
92065.838944	365.127000
92145.272937	369.562000
92157.445217	370.228000
92239.359978	374.776000
92248.509779	375.273000
92333.923823	379.967000
92336.049615	380.081000
92426.463889	384.951000
92438.750641	385.599000
92523.359998	390.076000
92526.050142	390.217000
92615.849943	394.906000
92624.237915	395.342000
92722.308602	400.437000
92722.524687	400.448000
92813.013570	405.127000
92816.851500	405.327000
92915.610876	410.396000
92916.878957	410.461000
93007.529046	415.167000
93013.049103	415.453000
93110.731739	420.465000
93113.420141	420.606000
93202.630887	425.214000
93208.502142	425.527000
93299.790027	430.208000
93311.990782	430.860000
93401.321455	435.436000
93404.424440	435.603000
93495.140771	440.307000
93503.009121	440.736000
93585.034113	445.054000
93599.442425	445.844000
93686.145162	450.473000
93694.954413	450.952000
93771.795693	455.120000
93783.767538	455.775000
93864.519778	460.219000
93877.666272	460.935000
93959.010198	465.384000
93967.987277	465.863000
94048.162218	470.271000
94062.635022	471.035000
94132.847373	474.886000
94150.279272	475.799000
94238.506358	480.636000
94245.760329	481.018000
94319.167838	485.093000
94334.079160	485.881000
94407.997585	490.016000
94423.204489	490.828000
94507.805876	495.543000
94514.548125	495.899000
94593.050224	500.264000
94603.483876	500.816000
94677.931161	504.993000
94695.018924	505.892000
94779.515228	510.628000
94784.819973	510.905000
94858.895806	515.009000
94876.811149	515.951000
94954.986577	520.310000
94973.054186	521.262000
95047.023885	525.407000
95062.097334	526.200000
95133.286863	530.132000
95161.435250	531.621000
95232.193306	535.482000
95254.277997	536.643000
95321.450677	540.271000
95351.680531	541.860000
95413.645674	545.240000
95451.450814	547.207000
95509.979520	550.396000
95554.543743	552.740000
95601.291956	555.319000
95636.456578	557.222000
95696.399594	560.510000
95749.301283	563.398000
95783.166489	565.259000
95833.066884	567.944000
95878.566050	570.435000
95938.960004	573.708000
95972.695314	575.583000
96024.015994	578.414000
96053.491622	580.041000
96125.217351	584.004000
96150.465866	585.387000
96218.407615	589.133000
96240.244213	590.322000
96306.629036	593.970000
96324.996119	594.976000
96410.738781	599.676000
96420.602269	600.215000
96496.497250	604.365000
96513.233354	605.275000
96594.857206	609.742000
96598.650029	609.946000
96690.958288	614.938000
96693.022907	615.047000
96788.781946	620.125000
96789.380678	620.156000
96875.534973	624.711000
96885.565125	625.251000
96970.983590	629.762000
96984.687060	630.487000
97071.744478	635.066000
97086.258422	635.831000
97154.161472	639.443000
97175.351489	640.576000
97253.888167	644.808000
97273.641527	645.863000
97345.190766	649.733000
97374.489307	651.291000
97434.256690	654.497000
97461.278159	655.922000
97536.839158	659.955000
97560.268531	661.171000
97634.594808	665.158000
97657.967922	666.365000
97731.326259	670.252000
97750.976514	671.262000
97827.395525	675.264000
97846.244716	676.219000
97932.470696	680.725000
97947.072320	681.456000
98028.308528	685.713000
98045.760499	686.579000
98129.941839	690.946000
98137.581052	691.321000
98228.841662	695.965000
98239.626534	696.486000
98340.080389	701.538000
98342.975331	701.679000
98431.353446	706.200000
98437.734802	706.510000
98539.162721	711.622000
98542.717845	711.800000
98642.551057	716.654000
98643.707899	716.712000
98742.512262	721.468000
98753.637724	722.031000
98853.919627	726.860000
98855.813970	726.956000
98951.377662	731.529000
98972.661849	732.597000
99053.119735	736.508000
99067.797816	737.234000
99163.592412	741.883000
99180.082585	742.696000
99255.802858	746.330000
99287.211220	747.857000
99370.336531	751.774000
99393.230526	752.874000
99472.946986	756.568000
99508.173516	758.249000
99578.131891	761.437000
99612.187649	763.056000
99693.171045	766.695000
99733.487788	768.581000
99799.129239	771.533000
99843.902479	773.590000
99911.695091	776.646000
99955.156340	778.612000
100015.921600	781.338000
100073.836404	783.938000
100135.467657	786.666000
100191.282464	789.177000
100248.345385	791.687000
100299.091604	793.950000
100353.044004	796.300000
100425.802903	799.545000
100475.448674	801.682000
100536.073333	804.383000
100589.797201	806.688000
100661.060550	809.887000
100700.675364	811.571000
100761.504842	814.309000
100810.731218	816.435000
100901.789621	820.512000
100939.704453	822.142000
100999.263990	824.789000
101039.476744	826.486000
101126.373190	830.260000
101159.162687	831.612000
101254.430332	835.709000
101294.509356	837.345000
101367.055367	840.422000
101392.375020	841.453000
101493.943602	845.705000
101526.479347	847.005000
101630.741963	851.273000
101652.772185	852.137000
101738.349320	855.657000
101770.311602	856.878000
101882.281440	861.510000
101893.900981	861.959000
102003.229052	866.446000
102028.707069	867.425000
102129.802121	871.471000
102144.349284	872.022000
102264.819551	876.717000
102273.710328	877.046000
102407.009255	882.148000
102418.088095	882.547000
102527.523424	886.678000
102545.427628	887.323000
102672.137649	892.037000
102674.997350	892.142000
102815.038499	897.169000
102821.312917	897.393000
102952.206995	902.187000
102957.101420	902.359000
103091.265855	907.125000
103097.428878	907.335000
103239.600742	912.205000
103244.263898	912.361000
103391.427728	917.323000
103395.878432	917.470000
103538.987526	922.229000
103544.528987	922.408000
103692.100381	927.215000
103704.012981	927.604000
103847.332580	932.097000
103863.894335	932.622000
104017.795359	937.407000
104021.306071	937.516000
104172.092828	942.196000
104187.295578	942.662000
104331.889971	947.085000
104352.249167	947.704000
104502.213955	952.164000
104526.472752	952.884000
104678.532943	957.385000
104680.165083	957.434000
104829.879072	961.932000
104865.576065	962.959000
105021.427223	967.435000
105038.789670	967.924000
105193.220419	972.128000
105204.942894	972.451000
105375.898339	977.004000
105414.745014	978.083000
105574.932913	982.195000
105596.131678	982.771000
105747.377791	986.758000
105792.227295	987.924000
105913.202974	991.076000
105982.199957	992.804000
106072.680292	995.084000
106186.946052	997.855000
106201.649084	998.206000
106310.176350	1000.847000
106337.546801	1001.484000
106367.940778	1002.187000
106368.419145	1002.198000
106370.342874	1002.242000
106374.673498	1002.341000
106376.559241	1002.384000
106378.267395	1002.423000
106379.409316	1002.449000
106380.946758	1002.484000
106388.067971	1002.646000
106388.993988	1002.667000
106392.315023	1002.746000
106397.262044	1002.858000
106400.182376	1002.924000
106401.377379	1002.951000
106458.102706	1004.241000
106548.338905	1006.265000
106636.478418	1008.185000
106642.444161	1008.312000
106769.800854	1011.069000
106853.971756	1012.790000
106897.619591	1013.694000
107038.151064	1016.486000
107130.354606	1018.260000
107172.869611	1019.081000
107335.218179	1022.122000
107383.471489	1023.017000
107492.843582	1025.063000
107659.760440	1028.037000
107687.178485	1028.514000
107969.350548	1033.223000
107975.857726	1033.317000
108244.232292	1037.998000
108273.152037	1038.358000
108583.178747	1042.983000
108621.851895	1043.457000
109067.697510	1047.998000
109158.658922	1048.705000
109703.996090	1053.322000
109743.835430	1053.565000
110619.257961	1058.135000
111541.229217	1053.322000
112298.176668	1048.705000
112381.684006	1047.998000
112965.921312	1043.457000
113012.459700	1042.983000
113389.808454	1038.358000
113413.940263	1037.998000
113789.977281	1033.317000
113795.366558	1033.223000
114121.348484	1028.514000
114149.931213	1028.037000
114320.877264	1025.063000
114435.709776	1023.017000
114483.553385	1022.122000
114647.506812	1019.081000
114691.337188	1018.260000
114783.202740	1016.486000
114928.316771	1013.694000
114973.818365	1012.790000
115056.913412	1011.069000
115191.753144	1008.312000
115197.619775	1008.185000
115287.810533	1006.265000
115380.724269	1004.241000
115438.236472	1002.951000
115439.423746	1002.924000
115442.344863	1002.858000
115447.300579	1002.746000
115450.789995	1002.667000
115451.672802	1002.646000
115458.816361	1002.484000
115460.354895	1002.449000
115461.496994	1002.423000
115463.209876	1002.384000
115465.093225	1002.341000
115469.434820	1002.242000
115471.359542	1002.198000
115471.840474	1002.187000
115502.412499	1001.484000
115529.952987	1000.847000
115643.430789	998.206000
115657.854519	997.855000
115773.928879	995.084000
115867.947621	992.804000
115936.522191	991.076000
116062.377799	987.924000
116107.129588	986.758000
116260.487199	982.771000
116282.337653	982.195000
116433.673281	978.083000
116475.707022	977.004000
116639.626308	972.451000
116651.754270	972.128000
116804.327909	967.924000
116822.290953	967.435000
116981.215931	962.959000
117016.975346	961.932000
117173.319138	957.434000
117174.950082	957.385000
117324.873768	952.884000
117349.197993	952.164000
117499.467762	947.704000
117520.281261	947.085000
117665.755778	942.662000
117680.990005	942.196000
117833.669984	937.516000
117837.181898	937.407000
117991.298917	932.622000
118008.184610	932.097000
118149.921684	927.604000
118162.330170	927.215000
118309.538067	922.408000
118315.033236	922.229000
118462.361798	917.470000
118466.782273	917.323000
118617.016267	912.361000
118621.642941	912.205000
118767.217097	907.335000
118773.347711	907.125000
118913.218988	902.359000
118918.060843	902.187000
119054.478706	897.393000
119060.594741	897.169000
119201.405007	892.142000
119204.330076	892.037000
119332.717010	887.323000
119350.054296	886.678000
119464.724473	882.547000
119475.294479	882.148000
119616.959249	877.046000
119625.554966	876.717000
119752.430946	872.022000
119766.569203	871.471000
119873.389203	867.425000
119897.850907	866.446000
120014.622982	861.959000
120025.563099	861.510000
120145.433292	856.878000
120174.948657	855.657000
120267.092172	852.137000
120288.097469	851.273000
120396.922685	847.005000
120428.680277	845.705000
120535.097190	841.453000
120559.724943	840.422000
120635.290970	837.345000
120673.862720	835.709000
120774.231767	831.612000
120805.669857	830.260000
120897.199120	826.486000
120936.272588	824.789000
120998.996901	822.142000
121035.673156	820.512000
121130.506756	816.435000
121177.990240	814.309000
121241.387144	811.571000
121278.800161	809.887000
121354.054193	806.688000
121405.402121	804.383000
121468.355772	801.682000
121516.321303	799.545000
121591.707605	796.300000
121644.398949	793.950000
121696.353962	791.687000
121752.638986	789.177000
121809.724642	786.666000
121870.362950	783.938000
121929.102414	781.338000
121989.823858	778.612000
122033.647960	776.646000
122101.205223	773.590000
122146.836572	771.533000
122211.090634	768.581000
122253.028227	766.695000
122330.818593	763.056000
122366.848303	761.437000
122433.908068	758.249000
122470.796408	756.568000
122548.206759	752.874000
122571.944741	751.774000
122653.468178	747.857000
122685.873680	746.330000
122760.620233	742.696000
122777.560404	741.883000
122871.856611	737.234000
122886.816146	736.508000
122965.887737	732.597000
122987.858850	731.529000
123078.994233	726.956000
123081.000381	726.860000
123176.289804	722.031000
123187.981399	721.468000
123281.964881	716.712000
123283.169812	716.654000
123379.985576	711.800000
123383.646539	711.622000
123485.746495	706.510000
123491.897249	706.200000
123584.962119	701.679000
123587.718437	701.538000
123691.443594	696.486000
123701.803146	695.965000
123797.935485	691.321000
123805.304721	690.946000
123894.265900	686.579000
123910.959521	685.713000
123996.748253	681.456000
124010.697904	680.725000
124100.704632	676.219000
124118.979335	675.264000
124197.968301	671.262000
124217.254458	670.252000
124292.878756	666.365000
124315.658152	665.158000
124392.864948	661.171000
124415.533810	659.955000
124493.239945	655.922000
124519.938290	654.497000
124580.731853	651.291000
124609.776639	649.733000
124682.552862	645.863000
124702.057887	644.808000
124781.296011	640.576000
124802.322017	639.443000
124869.875717	635.831000
124884.257177	635.066000
124971.132142	630.487000
124984.916075	629.762000
125070.180010	625.251000
125080.405231	624.711000
125165.011419	620.156000
125165.597760	620.125000
125263.673830	615.047000
125265.729311	614.938000
125360.285070	609.946000
125364.057283	609.742000
125447.108967	605.275000
125463.737063	604.365000
125540.061052	600.215000
125549.918256	599.676000
125635.926407	594.976000
125654.278985	593.970000
125720.882482	590.322000
125742.519421	589.133000
125811.316641	585.387000
125836.400314	584.004000
125908.750182	580.041000
125938.197005	578.414000
125989.484960	575.583000
126023.475167	573.708000
126082.363524	570.435000
126128.327880	567.944000
126177.370539	565.259000
126211.956995	563.398000
126264.510844	560.510000
126324.739637	557.222000
126359.432934	555.319000
126407.089035	552.740000
126449.577523	550.396000
126510.206920	547.207000
126546.307881	545.240000
126611.270450	541.860000
126640.401400	540.271000
126709.422111	536.643000
126730.918109	535.482000
126804.362549	531.621000
126831.650492	530.132000
126905.981893	526.200000
126920.339293	525.407000
126999.128006	521.262000
127016.116945	520.310000
127098.844580	515.951000
127115.738650	515.009000
127193.790208	510.905000
127198.789966	510.628000
127289.487701	505.892000
127305.527012	504.993000
127384.921434	500.816000
127394.759811	500.264000
127477.265044	495.899000
127483.667506	495.543000
127572.964426	490.828000
127587.534166	490.016000
127664.973266	485.881000
127679.059776	485.093000
127756.170993	481.018000
127763.052384	480.636000
127854.904360	475.799000
127871.557519	474.886000
127945.084621	471.035000
127959.014051	470.271000
128042.516824	465.863000
128051.229119	465.384000
128134.609126	460.935000
128147.700214	460.219000
128229.296610	455.775000
128241.198662	455.120000
128317.379807	450.952000
128326.210655	450.473000
128411.342228	445.844000
128426.139195	445.054000
128504.892480	440.736000
128513.041790	440.307000
128599.318519	435.603000
128602.539103	435.436000
128687.564611	430.860000
128700.292670	430.208000
128787.887356	425.527000
128793.991416	425.214000
128880.428297	420.606000
128883.158053	420.465000
128978.720256	415.453000
128984.294325	415.167000
129075.124356	410.461000
129076.376429	410.396000
129175.267218	405.327000
129179.163820	405.127000
129268.952181	400.448000
129269.164914	400.437000
129369.251292	395.342000
129377.643602	394.906000
129467.852778	390.217000
129470.553092	390.076000
129555.969907	385.599000
129568.216247	384.951000
129660.556496	380.081000
129662.672970	379.967000
129750.203415	375.273000
129759.247040	374.776000
129842.976002	370.228000
129854.971435	369.562000
129936.028583	365.127000
129945.825741	364.580000
130027.617053	360.144000
130038.956894	359.503000
130124.001433	355.093000
130137.685770	354.326000
130223.789037	349.919000
130236.661940	349.213000
130322.481562	344.932000
130338.290568	344.079000
130423.955208	339.886000
130441.677106	338.969000
130533.621745	334.400000
130547.567403	333.681000
130624.984690	329.779000
130646.663068	328.662000
130732.034524	324.327000
130750.721883	323.373000
130833.048052	319.214000
130851.995309	318.264000
130935.415899	314.026000
130957.219855	312.979000
131037.006065	309.113000
131061.323332	307.959000
131145.095901	303.864000
131174.681442	302.446000
131252.163097	298.680000
131269.981576	297.810000
131352.811424	293.920000
131391.272204	292.052000
131460.676349	288.916000
131496.950970	287.172000
131578.286294	283.681000
131613.445667	282.056000
131690.081306	278.949000
131739.514211	276.755000
131811.088782	274.037000
131870.994304	271.601000
131954.802281	268.793000
132010.069080	266.612000
132095.038605	263.996000
132168.610892	261.292000
132248.677552	259.101000
132331.892587	256.228000
132441.390577	253.907000
132542.860722	250.909000
132622.046611	249.006000
132737.436730	245.758000
132795.084998	244.176000
132932.436245	240.610000
133017.495978	238.619000
133130.526634	235.224000
133189.305974	233.968000
133326.719148	230.037000
133391.395871	228.921000
133542.477679	224.914000
133613.740754	223.869000
133801.292691	219.529000
133977.645462	218.704000
134233.356856	214.047000
134534.368207	219.529000
135462.090662	223.869000
135507.250057	224.914000
135780.504740	228.921000
135822.582927	230.037000
136050.400309	233.968000
136094.305409	235.224000
136253.187462	238.619000
136319.474365	240.610000
136471.821431	244.176000
136532.755158	245.758000
136651.112665	249.006000
136718.719622	250.909000
136843.469646	253.907000
136922.026085	256.228000
137057.565821	259.101000
137121.027061	261.292000
137219.840502	263.996000
137291.018424	266.612000
137361.858842	268.793000
137433.013895	271.601000
137505.719107	274.037000
137572.559505	276.755000
137630.335298	278.949000
137700.338961	282.056000
137740.420362	283.681000
137815.953514	287.172000
137856.586228	288.916000
137921.813987	292.052000
137963.155486	293.920000
138043.247796	297.810000
138061.772724	298.680000
138138.904210	302.446000
138168.078131	303.864000
138253.517334	307.959000
138277.125037	309.113000
138358.589989	312.979000
138380.197895	314.026000
138468.454974	318.264000
138487.154729	319.214000
138570.103828	323.373000
138588.987974	324.327000
138673.903804	328.662000
138695.901478	329.779000
138771.630243	333.681000
138785.895499	334.400000
138874.515409	338.969000
138892.968732	339.886000
138974.002451	344.079000
138991.429576	344.932000
139070.771142	349.213000
139084.924062	349.919000
139165.279420	354.326000
139180.264944	355.093000
139258.945420	359.503000
139271.306769	360.144000
139349.783424	364.580000
139359.869053	365.127000
139439.303046	369.562000
139451.475326	370.228000
139533.390087	374.776000
139542.539888	375.273000
139627.953931	379.967000
139630.079724	380.081000
139720.493998	384.951000
139732.780749	385.599000
139817.390107	390.076000
139820.080250	390.217000
139909.880051	394.906000
139918.268023	395.342000
140016.338711	400.437000
140016.554795	400.448000
140107.043679	405.127000
140110.881609	405.327000
140209.640985	410.396000
140210.909065	410.461000
140301.559154	415.167000
140307.079211	415.453000
140404.761848	420.465000
140407.450250	420.606000
140496.660996	425.214000
140502.532251	425.527000
140593.820135	430.208000
140606.020891	430.860000
140695.351563	435.436000
140698.454548	435.603000
140789.170880	440.307000
140797.039229	440.736000
140879.064221	445.054000
140893.472534	445.844000
140980.175270	450.473000
140988.984521	450.952000
141065.825802	455.120000
141077.797647	455.775000
141158.549887	460.219000
141171.696381	460.935000
141253.040307	465.384000
141262.017385	465.863000
141342.192327	470.271000
141356.665130	471.035000
141426.877482	474.886000
141444.309381	475.799000
141532.536467	480.636000
141539.790437	481.018000
141613.197946	485.093000
141628.109269	485.881000
141702.027694	490.016000
141717.234598	490.828000
141801.835985	495.543000
141808.578234	495.899000
141887.080333	500.264000
141897.513984	500.816000
141971.961270	504.993000
141989.049032	505.892000
142073.545336	510.628000
142078.850081	510.905000
142152.925914	515.009000
142170.841257	515.951000
142249.016685	520.310000
142267.084294	521.262000
142341.053993	525.407000
142356.127443	526.200000
142427.316971	530.132000
142455.465358	531.621000
142526.223414	535.482000
142548.308106	536.643000
142615.480786	540.271000
142645.710640	541.860000
142707.675782	545.240000
142745.480923	547.207000
142804.009628	550.396000
142848.573851	552.740000
142895.322064	555.319000
142930.486686	557.222000
142990.429703	560.510000
143043.331392	563.398000
143077.196597	565.259000
143127.096993	567.944000
143172.596159	570.435000
143232.990113	573.708000
143266.725423	575.583000
143318.046102	578.414000
143347.521730	580.041000
143419.247459	584.004000
143444.495975	585.387000
143512.437724	589.133000
143534.274321	590.322000
143600.659145	593.970000
143619.026227	594.976000
143704.768890	599.676000
143714.632378	600.215000
143790.527359	604.365000
143807.263463	605.275000
143888.887314	609.742000
143892.680138	609.946000
143984.988396	614.938000
143987.053015	615.047000
144082.812055	620.125000
144083.410786	620.156000
144169.565082	624.711000
144179.595234	625.251000
144265.013698	629.762000
144278.717168	630.487000
144365.774587	635.066000
144380.288531	635.831000
144448.191581	639.443000
144469.381598	640.576000
144547.918275	644.808000
144567.671636	645.863000
144639.220874	649.733000
144668.519416	651.291000
144728.286799	654.497000
144755.308267	655.922000
144830.869267	659.955000
144854.298639	661.171000
144928.624917	665.158000
144951.998030	666.365000
145025.356368	670.252000
145045.006623	671.262000
145121.425633	675.264000
145140.274824	676.219000
145226.500804	680.725000
145241.102428	681.456000
145322.338637	685.713000
145339.790608	686.579000
145423.971947	690.946000
145431.611160	691.321000
145522.871770	695.965000
145533.656643	696.486000
145634.110497	701.538000
145637.005439	701.679000
145725.383554	706.200000
145731.764910	706.510000
145833.192830	711.622000
145836.747953	711.800000
145936.581165	716.654000
145937.738008	716.712000
146036.542370	721.468000
146047.667833	722.031000
146147.949735	726.860000
146149.844078	726.956000
146245.407770	731.529000
146266.691958	732.597000
146347.149843	736.508000
146361.827925	737.234000
146457.622520	741.883000
146474.112694	742.696000
146549.832967	746.330000
146581.241328	747.857000
146664.366639	751.774000
146687.260635	752.874000
146766.977095	756.568000
146802.203624	758.249000
146872.161999	761.437000
146906.217758	763.056000
146987.201153	766.695000
147027.517896	768.581000
147093.159347	771.533000
147137.932587	773.590000
147205.725199	776.646000
147249.186449	778.612000
147309.951709	781.338000
147367.866512	783.938000
147429.497765	786.666000
147485.312572	789.177000
147542.375493	791.687000
147593.121712	793.950000
147647.074112	796.300000
147719.833011	799.545000
147769.478782	801.682000
147830.103442	804.383000
147883.827310	806.688000
147955.090658	809.887000
147994.705473	811.571000
148055.534951	814.309000
148104.761326	816.435000
148195.819730	820.512000
148233.734561	822.142000
148293.294099	824.789000
148333.506853	826.486000
148420.403299	830.260000
148453.192796	831.612000
148548.460440	835.709000
148588.539464	837.345000
148661.085475	840.422000
148686.405129	841.453000
148787.973710	845.705000
148820.509455	847.005000
148924.772072	851.273000
148946.802294	852.137000
149032.379429	855.657000
149064.341711	856.878000
149176.311548	861.510000
149187.931090	861.959000
149297.259161	866.446000
149322.737178	867.425000
149423.832229	871.471000
149438.379392	872.022000
149558.849660	876.717000
149567.740436	877.046000
149701.039364	882.148000
149712.118204	882.547000
149821.553533	886.678000
149839.457736	887.323000
149966.167758	892.037000
149969.027458	892.142000
150109.068608	897.169000
150115.343026	897.393000
150246.237103	902.187000
150251.131528	902.359000
150385.295963	907.125000
150391.458986	907.335000
150533.630850	912.205000
150538.294006	912.361000
150685.457836	917.323000
150689.908541	917.470000
150833.017635	922.229000
150838.559095	922.408000
150986.130489	927.215000
150998.043090	927.604000
151141.362689	932.097000
151157.924444	932.622000
151311.825468	937.407000
151315.336179	937.516000
151466.122936	942.196000
151481.325686	942.662000
151625.920080	947.085000
151646.279276	947.704000
151796.244063	952.164000
151820.502860	952.884000
151972.563052	957.385000
151974.195192	957.434000
152123.909180	961.932000
152159.606173	962.959000
152315.457331	967.435000
152332.819778	967.924000
152487.250528	972.128000
152498.973003	972.451000
152669.928447	977.004000
152708.775122	978.083000
152868.963022	982.195000
152890.161787	982.771000
153041.407900	986.758000
153086.257404	987.924000
153207.233082	991.076000
153276.230065	992.804000
153366.710400	995.084000
153480.976160	997.855000
153495.679192	998.206000
153604.206459	1000.847000
153631.576909	1001.484000
153661.970886	1002.187000
153662.449254	1002.198000
153664.372982	1002.242000
153668.703607	1002.341000
153670.589350	1002.384000
153672.297503	1002.423000
153673.439425	1002.449000
153674.976866	1002.484000
153682.098080	1002.646000
153683.024097	1002.667000
153686.345132	1002.746000
153691.292153	1002.858000
153694.212485	1002.924000
153695.407487	1002.951000
153752.132814	1004.241000
153842.369014	1006.265000
153930.508527	1008.185000
153936.474270	1008.312000
154063.830962	1011.069000
154148.001865	1012.790000
154191.649699	1013.694000
154332.181172	1016.486000
154424.384714	1018.260000
154466.899719	1019.081000
154629.248287	1022.122000
154677.501598	1023.017000
154786.873690	1025.063000
154953.790548	1028.037000
154981.208594	1028.514000
155263.380656	1033.223000
155269.887834	1033.317000
155538.262401	1037.998000
155567.182146	1038.358000
155877.208856	1042.983000
155915.882004	1043.457000
156361.727618	1047.998000
156452.689031	1048.705000
156998.026199	1053.322000
157037.865538	1053.565000
157913.288069	1058.135000
158835.259325	1053.322000
159592.206777	1048.705000
159675.714114	1047.998000
160259.951420	1043.457000
160306.489808	1042.983000
160683.838563	1038.358000
160707.970372	1037.998000
161084.007389	1033.317000
161089.396667	1033.223000
161415.378592	1028.514000
161443.961322	1028.037000
161614.907372	1025.063000
161729.739885	1023.017000
161777.583493	1022.122000
161941.536920	1019.081000
161985.367297	1018.260000
162077.232849	1016.486000
162222.346879	1013.694000
162267.848474	1012.790000
162350.943521	1011.069000
162485.783253	1008.312000
162491.649883	1008.185000
162581.840641	1006.265000
162674.754378	1004.241000
162732.266580	1002.951000
162733.453855	1002.924000
162736.374972	1002.858000
162741.330687	1002.746000
162744.820104	1002.667000
162745.702910	1002.646000
162752.846469	1002.484000
162754.385003	1002.449000
162755.527103	1002.423000
162757.239985	1002.384000
162759.123334	1002.341000
162763.464928	1002.242000
162765.389650	1002.198000
162765.870582	1002.187000
162796.442607	1001.484000
162823.983096	1000.847000
162937.460897	998.206000
162951.884627	997.855000
163067.958988	995.084000
163161.977730	992.804000
163230.552299	991.076000
163356.407907	987.924000
163401.159697	986.758000
163554.517307	982.771000
163576.367761	982.195000
163727.703389	978.083000
163769.737131	977.004000
163933.656417	972.451000
163945.784378	972.128000
164098.358018	967.924000
164116.321062	967.435000
164275.246040	962.959000
164311.005454	961.932000
164467.349246	957.434000
164468.980190	957.385000
164618.903876	952.884000
164643.228101	952.164000
164793.497871	947.704000
164814.311369	947.085000
164959.785886	942.662000
164975.020113	942.196000
165127.700093	937.516000
165131.212006	937.407000
165285.329026	932.622000
165302.214718	932.097000
165443.951793	927.604000
165456.360278	927.215000
165603.568175	922.408000
165609.063345	922.229000
165756.391907	917.470000
165760.812381	917.323000
165911.046375	912.361000
165915.673049	912.205000
166061.247206	907.335000
166067.377820	907.125000
166207.249096	902.359000
166212.090951	902.187000
166348.508814	897.393000
166354.624849	897.169000
166495.435116	892.142000
166498.360184	892.037000
166626.747119	887.323000
166644.084404	886.678000
166758.754581	882.547000
166769.324588	882.148000
166910.989357	877.046000
166919.585074	876.717000
167046.461054	872.022000
167060.599312	871.471000
167167.419311	867.425000
167191.881016	866.446000
167308.653091	861.959000
167319.593208	861.510000
167439.463400	856.878000
167468.978765	855.657000
167561.122281	852.137000
167582.127577	851.273000
167690.952794	847.005000
167722.710386	845.705000
167829.127298	841.453000
167853.755052	840.422000
167929.321079	837.345000
167967.892829	835.709000
168068.261876	831.612000
168099.699966	830.260000
168191.229228	826.486000
168230.302697	824.789000
168293.027010	822.142000
168329.703265	820.512000
168424.536864	816.435000
168472.020349	814.309000
168535.417252	811.571000
168572.830269	809.887000
168648.084302	806.688000
168699.432229	804.383000
168762.385881	801.682000
168810.351411	799.545000
168885.737713	796.300000
168938.429058	793.950000
168990.384071	791.687000
169046.669095	789.177000
169103.754750	786.666000
169164.393059	783.938000
169223.132523	781.338000
169283.853967	778.612000
169327.678069	776.646000
169395.235331	773.590000
169440.866680	771.533000
169505.120742	768.581000
169547.058336	766.695000
169624.848701	763.056000
169660.878412	761.437000
169727.938176	758.249000
169764.826516	756.568000
169842.236868	752.874000
169865.974850	751.774000
169947.498286	747.857000
169979.903788	746.330000
170054.650341	742.696000
170071.590512	741.883000
170165.886719	737.234000
170180.846254	736.508000
170259.917845	732.597000
170281.888958	731.529000
170373.024341	726.956000
170375.030489	726.860000
170470.319912	722.031000
170482.011507	721.468000
170575.994989	716.712000
170577.199920	716.654000
170674.015685	711.800000
170677.676647	711.622000
170779.776603	706.510000
170785.927357	706.200000
170878.992228	701.679000
170881.748546	701.538000
170985.473703	696.486000
170995.833255	695.965000
171091.965594	691.321000
171099.334829	690.946000
171188.296009	686.579000
171204.989629	685.713000
171290.778361	681.456000
171304.728013	680.725000
171394.734741	676.219000
171413.009444	675.264000
171491.998409	671.262000
171511.284566	670.252000
171586.908864	666.365000
171609.688261	665.158000
171686.895057	661.171000
171709.563919	659.955000
171787.270054	655.922000
171813.968398	654.497000
171874.761962	651.291000
171903.806748	649.733000
171976.582970	645.863000
171996.087995	644.808000
172075.326120	640.576000
172096.352125	639.443000
172163.905825	635.831000
172178.287285	635.066000
172265.162251	630.487000
172278.946184	629.762000
172364.210118	625.251000
172374.435339	624.711000
172459.041528	620.156000
172459.627869	620.125000
172557.703938	615.047000
172559.759420	614.938000
172654.315179	609.946000
172658.087391	609.742000
172741.139075	605.275000
172757.767171	604.365000
172834.091160	600.215000
172843.948364	599.676000
172929.956515	594.976000
172948.309094	593.970000
173014.912590	590.322000
173036.549530	589.133000
173105.346750	585.387000
173130.430423	584.004000
173202.780290	580.041000
173232.227114	578.414000
173283.515069	575.583000
173317.505275	573.708000
173376.393632	570.435000
173422.357989	567.944000
173471.400647	565.259000
173505.987104	563.398000
173558.540953	560.510000
173618.769745	557.222000
173653.463042	555.319000
173701.119143	552.740000
173743.607632	550.396000
173804.237028	547.207000
173840.337989	545.240000
173905.300559	541.860000
173934.431509	540.271000
174003.452220	536.643000
174024.948218	535.482000
174098.392658	531.621000
174125.680600	530.132000
174200.012001	526.200000
174214.369401	525.407000
174293.158114	521.262000
174310.147053	520.310000
174392.874688	515.951000
174409.768759	515.009000
174487.820316	510.905000
174492.820074	510.628000
174583.517810	505.892000
174599.557121	504.993000
174678.951542	500.816000
174688.789919	500.264000
174771.295152	495.899000
174777.697614	495.543000
174866.994534	490.828000
174881.564275	490.016000
174959.003374	485.881000
174973.089884	485.093000
175050.201101	481.018000
175057.082492	480.636000
175148.934468	475.799000
175165.587627	474.886000
175239.114729	471.035000
175253.044160	470.271000
175336.546932	465.863000
175345.259228	465.384000
175428.639235	460.935000
175441.730323	460.219000
175523.326719	455.775000
175535.228770	455.120000
175611.409916	450.952000
175620.240764	450.473000
175705.372336	445.844000
175720.169304	445.054000
175798.922588	440.736000
175807.071898	440.307000
175893.348627	435.603000
175896.569211	435.436000
175981.594720	430.860000
175994.322779	430.208000
176081.917464	425.527000
176088.021525	425.214000
176174.458406	420.606000
176177.188162	420.465000
176272.750365	415.453000
176278.324434	415.167000
176369.154465	410.461000
176370.406538	410.396000
176469.297327	405.327000
176473.193929	405.127000
176562.982290	400.448000
176563.195023	400.437000
176663.281400	395.342000
176671.673710	394.906000
176761.882886	390.217000
176764.583200	390.076000
176850.000016	385.599000
176862.246356	384.951000
176954.586605	380.081000
176956.703078	379.967000
177044.233523	375.273000
177053.277149	374.776000
177137.006110	370.228000
177149.001543	369.562000
177230.058692	365.127000
177239.855850	364.580000
177321.647161	360.144000
177332.987002	359.503000
177418.031542	355.093000
177431.715878	354.326000
177517.819146	349.919000
177530.692049	349.213000
177616.511671	344.932000
177632.320677	344.079000
177717.985317	339.886000
177735.707215	338.969000
177827.651853	334.400000
177841.597512	333.681000
177919.014798	329.779000
177940.693176	328.662000
178026.064633	324.327000
178044.751992	323.373000
178127.078160	319.214000
178146.025418	318.264000
178229.446008	314.026000
178251.249963	312.979000
178331.036174	309.113000
178355.353441	307.959000
178439.126010	303.864000
178468.711551	302.446000
178546.193205	298.680000
178564.011685	297.810000
178646.841533	293.920000
178685.302313	292.052000
178754.706457	288.916000
178790.981079	287.172000
178872.316402	283.681000
178907.475776	282.056000
178984.111415	278.949000
179033.544320	276.755000
179105.118890	274.037000
179165.024412	271.601000
179248.832390	268.793000
179304.099189	266.612000
179389.068713	263.996000
179462.641000	261.292000
179542.707660	259.101000
179625.922695	256.228000
179735.420686	253.907000
179836.890831	250.909000
179916.076720	249.006000
180031.466839	245.758000
180089.115107	244.176000
180226.466354	240.610000
180311.526087	238.619000
180424.556742	235.224000
180483.336082	233.968000
180620.749256	230.037000
180685.425980	228.921000
180836.507787	224.914000
180907.770863	223.869000
181095.322800	219.529000
181271.675571	218.704000
181527.386964	214.047000
181828.398315	219.529000
182756.120770	223.869000
182801.280165	224.914000
183074.534848	228.921000
183116.613036	230.037000
183344.430418	233.968000
183388.335518	235.224000
183547.217571	238.619000
183613.504473	240.610000
183765.851539	244.176000
183826.785267	245.758000
183945.142774	249.006000
184012.749731	250.909000
184137.499754	253.907000
184216.056194	256.228000
184351.595930	259.101000
184415.057170	261.292000
184513.870610	263.996000
184585.048533	266.612000
184655.888950	268.793000
184727.044004	271.601000
184799.749215	274.037000
184866.589613	276.755000
184924.365407	278.949000
184994.369069	282.056000
185034.450471	283.681000
185109.983622	287.172000
185150.616336	288.916000
185215.844096	292.052000
185257.185595	293.920000
185337.277905	297.810000
185355.802832	298.680000
185432.934319	302.446000
185462.108240	303.864000
185547.547443	307.959000
185571.155146	309.113000
185652.620098	312.979000
185674.228003	314.026000
185762.485083	318.264000
185781.184838	319.214000
185864.133936	323.373000
185883.018082	324.327000
185967.933912	328.662000
185989.931587	329.779000
186065.660352	333.681000
186079.925608	334.400000
186168.545517	338.969000
186186.998840	339.886000
186268.032559	344.079000
186285.459685	344.932000
186364.801250	349.213000
186378.954171	349.919000
186459.309528	354.326000
186474.295053	355.093000
186552.975529	359.503000
186565.336878	360.144000
186643.813533	364.580000
186653.899161	365.127000
186733.333154	369.562000
186745.505434	370.228000
186827.420195	374.776000
186836.569996	375.273000
186921.984040	379.967000
186924.109832	380.081000
187014.524106	384.951000
187026.810858	385.599000
187111.420215	390.076000
187114.110359	390.217000
187203.910160	394.906000
187212.298132	395.342000
187310.368819	400.437000
187310.584904	400.448000
187401.073788	405.127000
187404.911717	405.327000
187503.671093	410.396000
187504.939174	410.461000
187595.589263	415.167000
187601.109320	415.453000
187698.791956	420.465000
187701.480358	420.606000
187790.691104	425.214000
187796.562359	425.527000
187887.850244	430.208000
187900.050999	430.860000
187989.381672	435.436000
187992.484657	435.603000
188083.200988	440.307000
188091.069338	440.736000
188173.094330	445.054000
188187.502642	445.844000
188274.205379	450.473000
188283.014630	450.952000
188359.855910	455.120000
188371.827755	455.775000
188452.579995	460.219000
188465.726489	460.935000
188547.070415	465.384000
188556.047494	465.863000
188636.222435	470.271000
188650.695239	471.035000
188720.907590	474.886000
188738.339489	475.799000
188826.566575	480.636000
188833.820546	481.018000
188907.228055	485.093000
188922.139377	485.881000
188996.057802	490.016000
189011.264706	490.828000
189095.866093	495.543000
189102.608342	495.899000
189181.110441	500.264000
189191.544093	500.816000
189265.991378	504.993000
189283.079141	505.892000
189367.575445	510.628000
189372.880190	510.905000
189446.956023	515.009000
189464.871366	515.951000
189543.046794	520.310000
189561.114403	521.262000
189635.084102	525.407000
189650.157551	526.200000
189721.347080	530.132000
189749.495467	531.621000
189820.253523	535.482000
189842.338215	536.643000
189909.510894	540.271000
189939.740748	541.860000
190001.705891	545.240000
190039.511031	547.207000
190098.039737	550.396000
190142.603960	552.740000
190189.352173	555.319000
190224.516795	557.222000
190284.459811	560.510000
190337.361500	563.398000
190371.226706	565.259000
190421.127101	567.944000
190466.626267	570.435000
190527.020221	573.708000
190560.755531	575.583000
190612.076211	578.414000
190641.551839	580.041000
190713.277568	584.004000
190738.526083	585.387000
190806.467832	589.133000
190828.304430	590.322000
190894.689253	593.970000
190913.056336	594.976000
190998.798998	599.676000
191008.662486	600.215000
191084.557467	604.365000
191101.293571	605.275000
191182.917423	609.742000
191186.710246	609.946000
191279.018505	614.938000
191281.083124	615.047000
191376.842163	620.125000
191377.440895	620.156000
191463.595190	624.711000
191473.625342	625.251000
191559.043807	629.762000
191572.747277	630.487000
191659.804695	635.066000
191674.318639	635.831000
191742.221689	639.443000
191763.411706	640.576000
191841.948384	644.808000
191861.701744	645.863000
191933.250983	649.733000
191962.549524	651.291000
192022.316907	654.497000
192049.338376	655.922000
192124.899375	659.955000
192148.328748	661.171000
192222.655025	665.158000
192246.028139	666.365000
192319.386476	670.252000
192339.036731	671.262000
192415.455742	675.264000
192434.304933	676.219000
192520.530913	680.725000
192535.132537	681.456000
192616.368745	685.713000
192633.820716	686.579000
192718.002056	690.946000
192725.641269	691.321000
192816.901879	695.965000
192827.686751	696.486000
192928.140606	701.538000
192931.035548	701.679000
193019.413663	706.200000
193025.795019	706.510000
193127.222938	711.622000
193130.778062	711.800000
193230.611274	716.654000
193231.768116	716.712000
193330.572479	721.468000
193341.697941	722.031000
193441.979844	726.860000
193443.874187	726.956000
193539.437879	731.529000
193560.722066	732.597000
193641.179952	736.508000
193655.858033	737.234000
193751.652629	741.883000
193768.142802	742.696000
193843.863075	746.330000
193875.271437	747.857000
193958.396748	751.774000
193981.290743	752.874000
194061.007203	756.568000
194096.233733	758.249000
194166.192108	761.437000
194200.247866	763.056000
194281.231262	766.695000
194321.548005	768.581000
194387.189456	771.533000
194431.962696	773.590000
194499.755308	776.646000
194543.216557	778.612000
194603.981817	781.338000
194661.896621	783.938000
194723.527874	786.666000
194779.342681	789.177000
194836.405602	791.687000
194887.151821	793.950000
194941.104221	796.300000
195013.863120	799.545000
195063.508891	801.682000
195124.133550	804.383000
195177.857418	806.688000
195249.120767	809.887000
195288.735581	811.571000
195349.565059	814.309000
195398.791435	816.435000
195489.849838	820.512000
195527.764670	822.142000
195587.324207	824.789000
195627.536961	826.486000
195714.433407	830.260000
195747.222904	831.612000
195842.490549	835.709000
195882.569573	837.345000
195955.115584	840.422000
195980.435237	841.453000
196082.003819	845.705000
196114.539564	847.005000
196218.802180	851.273000
196240.832402	852.137000
196326.409537	855.657000
196358.371819	856.878000
196470.341657	861.510000
196481.961198	861.959000
196591.289269	866.446000
196616.767286	867.425000
196717.862338	871.471000
196732.409501	872.022000
196852.879768	876.717000
196861.770545	877.046000
196995.069472	882.148000
197006.148313	882.547000
197115.583641	886.678000
197133.487845	887.323000
197260.197866	892.037000
197263.057567	892.142000
197403.098716	897.169000
197409.373134	897.393000
197540.267212	902.187000
197545.161637	902.359000
197679.326072	907.125000
197685.489095	907.335000
197827.660959	912.205000
197832.324115	912.361000
197979.487945	917.323000
197983.938649	917.470000
198127.047743	922.229000
198132.589204	922.408000
198280.160598	927.215000
198292.073198	927.604000
198435.392797	932.097000
198451.954552	932.622000
198605.855576	937.407000
198609.366288	937.516000
198760.153045	942.196000
198775.355795	942.662000
198919.950188	947.085000
198940.309384	947.704000
199090.274172	952.164000
199114.532969	952.884000
199266.593160	957.385000
199268.225300	957.434000
199417.939289	961.932000
199453.636282	962.959000
199609.487440	967.435000
199626.849887	967.924000
199781.280636	972.128000
199793.003111	972.451000
