0.000000	500.000000
15.835713	500.816000
92.044188	504.993000
109.593792	505.892000
196.093215	510.628000
201.543587	510.905000
277.418148	515.009000
295.818276	515.951000
375.866982	520.310000
394.421373	521.262000
470.145503	525.407000
485.626379	526.200000
558.555557	530.132000
587.456170	531.621000
659.987315	535.482000
682.669855	536.643000
751.561866	540.271000
782.610272	541.860000
846.129311	545.240000
884.980067	547.207000
944.979880	550.396000
990.749161	552.740000
1038.642537	555.319000
1074.703546	557.222000
1136.132489	560.510000
1190.358527	563.398000
1225.060026	565.259000
1276.247653	567.944000
1322.879128	570.435000
1384.808050	573.708000
1419.357145	575.583000
1471.935229	578.414000
1502.132086	580.041000
1575.609302	584.004000
1601.485515	585.387000
1671.093617	589.133000
1693.479829	590.322000
1761.504062	593.970000
1780.327827	594.976000
1868.198925	599.676000
1878.308831	600.215000
1956.097385	604.365000
1973.255953	605.275000
2056.912785	609.742000
2060.803529	609.946000
2155.468186	614.938000
2157.588205	615.047000
2255.893202	620.125000
2256.508663	620.156000
2344.967841	624.711000
2355.256427	625.251000
2442.965451	629.762000
2457.035011	630.487000
2546.446615	635.066000
2561.351336	635.831000
2631.048168	639.443000
2652.792003	640.576000
2733.348506	644.808000
2753.619338	645.863000
2826.994422	649.733000
2857.067444	651.291000
2918.386485	654.497000
2946.134688	655.922000
3023.677786	659.955000
3047.758528	661.171000
3124.014394	665.158000
3148.044136	666.365000
3223.356106	670.252000
3243.563816	671.262000
3322.068082	675.264000
3341.468246	676.219000
3430.057491	680.725000
3445.096704	681.456000
3528.546667	685.713000
3546.531393	686.579000
3633.055396	690.946000
3640.933130	691.321000
3734.837167	695.965000
3745.970257	696.486000
3849.406070	701.538000
3852.392895	701.679000
3943.303106	706.200000
3949.888106	706.510000
4054.313395	711.622000
4057.975035	711.800000
4160.988391	716.654000
4162.179797	716.712000
4264.198338	721.468000
4275.649817	722.031000
4379.191308	726.860000
4381.140997	726.956000
4479.852026	731.529000
4501.771019	732.597000
4584.793159	736.508000
4599.922356	737.234000
4698.780320	741.883000
4715.780729	742.696000
4793.979644	746.330000
4826.388655	747.857000
4912.341495	751.774000
4935.983108	752.874000
5018.508202	756.568000
5054.901693	758.249000
5127.413279	761.437000
5162.606188	763.056000
5246.633881	766.695000
5288.343145	768.581000
5356.447947	771.533000
5402.827456	773.590000
5473.151416	776.646000
5518.223634	778.612000
5581.281114	781.338000
5641.377289	783.938000
5705.400256	786.666000
5763.308028	789.177000
5822.614942	791.687000
5875.299688	793.950000
5931.418301	796.300000
6006.955975	799.545000
6058.645633	801.682000
6121.590752	804.383000
6177.541781	806.688000
6251.489743	809.887000
6292.779410	811.571000
6355.887436	814.309000
6407.126200	816.435000
6501.633774	820.512000
6541.113688	822.142000
6602.964842	824.789000
6644.904285	826.486000
6735.311125	830.260000
6769.579901	831.612000
6868.777362	835.709000
6910.703850	837.345000
6986.331595	840.422000
7012.824506	841.453000
7118.829422	845.705000
7152.935126	847.005000
7261.974802	851.273000
7285.111416	852.137000
7374.569419	855.657000
7408.230435	856.878000
7525.216478	861.510000
7537.438489	861.959000
7651.747983	866.446000
7678.563130	867.425000
7784.519216	871.471000
7799.853914	872.022000
7926.457025	876.717000
7935.854037	877.046000
8076.208170	882.148000
8087.956186	882.547000
8203.359684	886.678000
8222.344638	887.323000
8356.186197	892.037000
8359.211509	892.142000
8507.772130	897.169000
8514.432850	897.393000
8652.948832	902.187000
8658.155178	902.359000
8800.670058	907.125000
8807.253434	907.335000
8959.010118	912.205000
8964.004518	912.361000
9121.441821	917.323000
9126.217781	917.470000
9279.628142	922.229000
9285.595144	922.408000
9444.288705	927.215000
9457.094213	927.604000
9612.183600	932.097000
9630.071927	932.622000
9796.849366	937.407000
9800.654739	937.516000
9964.107117	942.196000
9980.623385	942.662000
10137.769401	947.085000
10159.920381	947.704000
10323.763483	952.164000
10350.277727	952.884000
10516.562961	957.385000
10518.342932	957.434000
10681.594723	961.932000
10720.856664	962.959000
10892.335093	967.435000
10911.519051	967.924000
11083.491830	972.128000
11096.508605	972.451000
11287.914266	977.004000
11330.970356	978.083000
11512.082484	982.195000
11535.699931	982.771000
11705.484775	986.758000
11756.016661	987.924000
11892.240016	991.076000
11970.803896	992.804000
12073.644093	995.084000
12205.056154	997.855000
12222.053126	998.206000
12346.726468	1000.847000
12378.648377	1001.484000
12414.176401	1002.187000
12414.736780	1002.198000
12416.994832	1002.242000
12422.079066	1002.341000
12424.295089	1002.384000
12426.301451	1002.423000
12427.644140	1002.449000
12429.451997	1002.484000
12437.828011	1002.646000
12438.918512	1002.667000
12442.762311	1002.746000
12448.591824	1002.858000
12452.035463	1002.924000
12453.444752	1002.951000
12520.174163	1004.241000
12626.897842	1006.265000
12732.416004	1008.185000
12739.631968	1008.312000
12892.516959	1011.069000
12996.366763	1012.790000
13049.865802	1013.694000
13225.993324	1016.486000
13343.800548	1018.260000
13397.996166	1019.081000
13609.134152	1022.122000
13672.324012	1023.017000
13814.693999	1025.063000
14040.125616	1028.037000
14077.923881	1028.514000
14483.067540	1033.223000
14494.702014	1033.317000
14863.830445	1037.998000
14969.672548	1038.358000
15489.535163	1042.983000
15670.851202	1043.457000
17621.337459	1038.358000
17661.802441	1037.998000
19038.043784	1033.317000
19045.456318	1033.223000
19628.293923	1028.514000
19669.333109	1028.037000
19904.997766	1025.063000
20060.086229	1023.017000
20122.364400	1022.122000
20337.068718	1019.081000
20394.071114	1018.260000
20511.175896	1016.486000
20696.586139	1013.694000
20753.613101	1012.790000
20855.462488	1011.069000
21021.827340	1008.312000
21028.869920	1008.185000
21137.961662	1006.265000
21249.195391	1004.241000
21317.215917	1002.951000
21318.612579	1002.924000
21322.057506	1002.858000
21327.901258	1002.746000
21332.013147	1002.667000
21333.034916	1002.646000
21341.447353	1002.484000
21343.256986	1002.449000
21344.599965	1002.423000
21346.613999	1002.384000
21348.826141	1002.341000
21353.928149	1002.242000
21356.187808	1002.198000
21356.752322	1002.187000
21392.565597	1001.484000
21424.758131	1000.847000
21557.106266	998.206000
21573.675877	997.855000
21707.859953	995.084000
21815.986802	992.804000
21893.928846	991.076000
22037.235184	987.924000
22087.627452	986.758000
22260.415300	982.771000
22284.944036	982.195000
22453.546369	978.083000
22501.070685	977.004000
22682.752220	972.451000
22696.330966	972.128000
22865.750538	967.924000
22885.754032	967.435000
23061.351979	962.959000
23100.697007	961.932000
23272.654370	957.434000
23274.432792	957.385000
23437.935891	952.884000
23464.535618	952.164000
23628.776629	947.704000
23651.516289	947.085000
23809.793811	942.662000
23826.350457	942.196000
23992.221985	937.516000
23996.028888	937.407000
24163.081262	932.622000
24181.379728	932.097000
24334.469733	927.604000
24347.897236	927.215000
24506.139088	922.408000
24512.048417	922.229000
24670.690678	917.470000
24675.429346	917.323000
24836.642368	912.361000
24841.592029	912.205000
24997.506923	907.335000
25004.050845	907.125000
25153.462134	902.359000
25158.605348	902.187000
25303.717118	897.393000
25310.189287	897.169000
25459.668925	892.142000
25462.771941	892.037000
25598.594071	887.323000
25616.907139	886.678000
25738.499149	882.547000
25749.645602	882.148000
25899.867099	877.046000
25908.917767	876.717000
26043.017974	872.022000
26057.875975	871.471000
26170.478859	867.425000
26196.116775	866.446000
26319.017247	861.959000
26330.455839	861.510000
26456.541270	856.878000
26487.378912	855.657000
26584.419678	852.137000
26606.377551	851.273000
26720.668140	847.005000
26753.880787	845.705000
26865.432677	841.453000
26891.136127	840.422000
26970.203719	837.345000
27010.413986	835.709000
27115.409598	831.612000
27148.144518	830.260000
27243.803070	826.486000
27284.455006	824.789000
27349.872629	822.142000
27387.960042	820.512000
27486.708269	816.435000
27535.990364	814.309000
27601.978952	811.571000
27640.793384	809.887000
27719.229041	806.688000
27772.511333	804.383000
27838.074773	801.682000
27887.876224	799.545000
27966.366135	796.300000
28021.069843	793.950000
28075.110874	791.687000
28133.546009	789.177000
28192.876552	786.666000
28255.788700	783.938000
28316.807656	781.338000
28379.816184	778.612000
28425.293443	776.646000
28495.354835	773.590000
28542.690040	771.533000
28609.249257	768.581000
28652.760658	766.695000
28733.237866	763.056000
28770.621991	761.437000
28839.920939	758.249000
28878.155561	756.568000
28958.130312	752.874000
28982.704650	751.774000
29066.890285	747.857000
29100.398068	746.330000
29177.525996	742.696000
29195.020690	741.883000
29292.234594	737.234000
29307.672512	736.508000
29389.174284	732.597000
29411.845633	731.529000
29505.699149	726.956000
29507.771368	726.860000
29605.844796	722.031000
29617.916417	721.468000
29714.653957	716.712000
29715.898085	716.654000
29815.606403	711.800000
29819.383984	711.622000
29924.542999	706.510000
29930.875518	706.200000
30026.910304	701.679000
30029.745592	701.538000
30136.762886	696.486000
30147.429960	695.965000
30246.666173	691.321000
30254.248863	690.946000
30345.987707	686.579000
30363.145890	685.713000
30451.553485	681.456000
30465.883277	680.725000
30558.587370	676.219000
30577.362942	675.264000
30658.660801	671.262000
30678.473222	670.252000
30756.242894	666.365000
30779.628937	665.158000
30859.004732	661.171000
30882.262101	659.955000
30962.128576	655.922000
30989.527266	654.497000
31051.955853	651.291000
31081.754688	649.733000
31156.454685	645.863000
31176.457453	644.808000
31257.771348	640.576000
31279.338106	639.443000
31348.657373	635.831000
31363.418745	635.066000
31452.632754	630.487000
31466.789429	629.762000
31554.331202	625.251000
31564.830620	624.711000
31651.616752	620.156000
31652.218779	620.125000
31753.035152	615.047000
31755.145283	614.938000
31852.238253	609.946000
31856.106761	609.742000
31941.302615	605.275000
31958.344862	604.365000
32036.595474	600.215000
32046.698614	599.676000
32134.855493	594.976000
32153.663647	593.970000
32221.923182	590.322000
32244.094458	589.133000
32314.623264	585.387000
32340.322144	584.004000
32414.470685	580.041000
32444.636577	578.414000
32497.179479	575.583000
32532.002477	573.708000
32592.311377	570.435000
32639.443960	567.944000
32689.707112	565.259000
32725.185761	563.398000
32779.037416	560.510000
32840.773985	557.222000
32876.327294	555.319000
32925.198203	552.740000
32968.727507	550.396000
33030.996379	547.207000
33068.004731	545.240000
33134.764036	541.860000
33164.625502	540.271000
33235.515127	536.643000
33257.561330	535.482000
33332.993965	531.621000
33360.965702	530.132000
33437.283506	526.200000
33451.991756	525.407000
33532.910081	521.262000
33550.301968	520.310000
33635.258470	515.951000
33652.557365	515.009000
33732.720978	510.905000
33737.842141	510.628000
33831.029723	505.892000
33847.449271	504.993000
33928.989533	500.816000
33939.060655	500.264000
34023.770078	495.899000
34030.326847	495.543000
34122.019197	490.828000
34136.938418	490.016000
34216.407092	485.881000
34230.828899	485.093000
34310.005056	481.018000
34317.052863	480.636000
34411.382480	475.799000
34428.448885	474.886000
34503.981847	471.035000
34518.256629	470.271000
34604.000521	465.863000
34612.927749	465.384000
34698.496320	460.935000
34711.913870	460.219000
34795.562961	455.775000
34807.758055	455.120000
34885.837694	450.952000
34894.892579	450.473000
34982.173005	445.844000
34997.357893	445.054000
35078.065060	440.736000
35086.434351	440.307000
35174.876654	435.603000
35178.186942	435.436000
35265.404761	430.860000
35278.496449	430.208000
35368.383087	425.527000
35374.661168	425.214000
35463.371047	420.606000
35466.177452	420.465000
35564.339191	415.453000
35570.071966	415.167000
35663.436288	410.461000
35664.723152	410.396000
35766.435354	405.327000
35770.442822	405.127000
35862.706490	400.448000
35862.925183	400.437000
35965.908404	395.342000
35974.533550	394.906000
36067.242800	390.217000
36070.017247	390.076000
36157.760744	385.599000
36170.334151	384.951000
36265.157482	380.081000
36267.328434	379.967000
36357.132562	375.273000
36366.399496	374.776000
36452.246462	370.228000
36464.531889	369.562000
36547.608832	365.127000
36557.640118	364.580000
36641.506944	360.144000
36653.110956	359.503000
36740.524167	355.093000
36754.532916	354.326000
36843.100343	349.919000
36856.292451	349.213000
36944.703269	344.932000
36960.917749	344.079000
37049.273383	339.886000
37067.491083	338.969000
37162.234136	334.400000
37176.572893	333.681000
37256.277817	329.779000
37278.568033	328.662000
37366.423415	324.327000
37385.648467	323.373000
37470.395663	319.214000
37489.908942	318.264000
37575.754237	314.026000
37598.271107	312.979000
37680.617189	309.113000
37705.749436	307.959000
37792.160808	303.864000
37822.717502	302.446000
37902.669006	298.680000
37921.050122	297.810000
38006.717366	293.920000
38046.406051	292.052000
38118.388918	288.916000
38155.846554	287.172000
38240.550942	283.681000
38276.955914	282.056000
38357.175890	278.949000
38408.516172	276.755000
38483.944063	274.037000
38546.633557	271.601000
38636.374541	268.793000
38694.380140	266.612000
38786.618292	263.996000
38864.442300	261.292000
38953.493242	259.101000
39042.221979	256.228000
39174.933026	253.907000
39285.935676	250.909000
39377.273197	249.006000
39504.785241	245.758000
39568.859397	244.176000
39723.669820	240.610000
39822.671248	238.619000
39945.928723	235.224000
40016.903850	233.968000
40168.221084	230.037000
40258.055810	228.921000
40427.389901	224.914000
40550.858876	223.869000
40770.054434	219.529000
41042.028645	224.914000
41515.464230	228.921000
41562.625908	230.037000
41879.059875	233.968000
41927.407483	235.224000
42119.255059	238.619000
42191.539487	240.610000
42368.856961	244.176000
42437.536179	245.758000
42569.086658	249.006000
42643.795839	250.909000
42787.689632	253.907000
42873.625973	256.228000
43037.899493	259.101000
43105.565578	261.292000
43215.466878	263.996000
43290.758151	266.612000
43367.658537	268.793000
43442.339748	271.601000
43520.191970	274.037000
43590.138622	276.755000
43651.024859	278.949000
43723.729625	282.056000
43765.685679	283.681000
43843.894761	287.172000
43886.210560	288.916000
43953.565575	292.052000
43996.443125	293.920000
44079.092473	297.810000
44098.251985	298.680000
44177.818979	302.446000
44207.922864	303.864000
44296.166631	307.959000
44320.517967	309.113000
44404.713173	312.979000
44427.014349	314.026000
44518.157130	318.264000
44537.400412	319.214000
44622.827491	323.373000
44642.266977	324.327000
44729.626099	328.662000
44752.263806	329.779000
44830.129895	333.681000
44844.816681	334.400000
44935.934592	338.969000
44954.949558	339.886000
45038.250341	344.079000
45056.224907	344.932000
45137.601446	349.213000
45152.181693	349.919000
45234.529595	354.326000
45249.943985	355.093000
45330.489728	359.503000
45343.195367	360.144000
45423.500199	364.580000
45433.841758	365.127000
45515.174028	369.562000
45527.649619	370.228000
45611.544694	374.776000
45620.925948	375.273000
45708.449060	379.967000
45710.630072	380.081000
45803.371654	384.951000
45815.988803	385.599000
45902.857851	390.076000
45905.621272	390.217000
45997.886391	394.906000
46006.506829	395.342000
46107.298389	400.437000
46107.520727	400.448000
46200.544855	405.127000
46204.488589	405.327000
46306.057845	410.396000
46307.362105	410.461000
46400.531058	415.167000
46406.205133	415.453000
46506.669015	420.465000
46509.430548	420.606000
46601.146269	425.214000
46607.171919	425.527000
46701.062318	430.208000
46713.582311	430.860000
46805.465076	435.436000
46808.648069	435.603000
46901.891168	440.307000
46909.957016	440.736000
46994.196172	445.054000
47008.961957	445.844000
47097.937715	450.473000
47106.969326	450.952000
47185.760057	455.120000
47198.030250	455.775000
47280.770704	460.219000
47294.247921	460.935000
47377.620382	465.384000
47386.833092	465.863000
47468.985953	470.271000
47483.847190	471.035000
47555.800310	474.886000
47573.707762	475.799000
47664.124191	480.636000
47671.573832	481.018000
47746.756592	485.093000
47762.067220	485.881000
47837.745107	490.016000
47853.350563	490.828000
47939.981260	495.543000
47946.904373	495.899000
48027.298471	500.264000
48038.010865	500.816000
48114.219340	504.993000
48131.768944	505.892000
48218.268367	510.628000
48223.718739	510.905000
48299.593300	515.009000
48317.993428	515.951000
48398.042134	520.310000
48416.596525	521.262000
48492.320655	525.407000
48507.801531	526.200000
48580.730709	530.132000
48609.631322	531.621000
48682.162467	535.482000
48704.845007	536.643000
48773.737018	540.271000
48804.785424	541.860000
48868.304463	545.240000
48907.155219	547.207000
48967.155032	550.396000
49012.924313	552.740000
49060.817689	555.319000
49096.878698	557.222000
49158.307641	560.510000
49212.533679	563.398000
49247.235178	565.259000
49298.422805	567.944000
49345.054280	570.435000
49406.983202	573.708000
49441.532297	575.583000
49494.110381	578.414000
49524.307238	580.041000
49597.784454	584.004000
49623.660667	585.387000
49693.268769	589.133000
49715.654981	590.322000
49783.679214	593.970000
49802.502979	594.976000
49890.374077	599.676000
49900.483983	600.215000
49978.272537	604.365000
49995.431105	605.275000
50079.087937	609.742000
50082.978681	609.946000
50177.643338	614.938000
50179.763357	615.047000
50278.068354	620.125000
50278.683815	620.156000
50367.142993	624.711000
50377.431579	625.251000
50465.140603	629.762000
50479.210163	630.487000
50568.621767	635.066000
50583.526488	635.831000
50653.223320	639.443000
50674.967155	640.576000
50755.523658	644.808000
50775.794490	645.863000
50849.169574	649.733000
50879.242596	651.291000
50940.561637	654.497000
50968.309839	655.922000
51045.852938	659.955000
51069.933680	661.171000
51146.189546	665.158000
51170.219288	666.365000
51245.531258	670.252000
51265.738968	671.262000
51344.243234	675.264000
51363.643398	676.219000
51452.232643	680.725000
51467.271856	681.456000
51550.721819	685.713000
51568.706545	686.579000
51655.230548	690.946000
51663.108282	691.321000
51757.012319	695.965000
51768.145409	696.486000
51871.581222	701.538000
51874.568047	701.679000
51965.478258	706.200000
51972.063258	706.510000
52076.488547	711.622000
52080.150187	711.800000
52183.163543	716.654000
52184.354949	716.712000
52286.373490	721.468000
52297.824969	722.031000
52401.366460	726.860000
52403.316149	726.956000
52502.027178	731.529000
52523.946171	732.597000
52606.968311	736.508000
52622.097508	737.234000
52720.955472	741.883000
52737.955881	742.696000
52816.154796	746.330000
52848.563807	747.857000
52934.516647	751.774000
52958.158260	752.874000
53040.683354	756.568000
53077.076845	758.249000
53149.588431	761.437000
53184.781340	763.056000
53268.809033	766.695000
53310.518297	768.581000
53378.623099	771.533000
53425.002608	773.590000
53495.326568	776.646000
53540.398786	778.612000
53603.456266	781.338000
53663.552441	783.938000
53727.575408	786.666000
53785.483180	789.177000
53844.790094	791.687000
53897.474840	793.950000
53953.593453	796.300000
54029.131127	799.545000
54080.820785	801.682000
54143.765904	804.383000
54199.716933	806.688000
54273.664895	809.887000
54314.954562	811.571000
54378.062588	814.309000
54429.301352	816.435000
54523.808926	820.512000
54563.288840	822.142000
54625.139994	824.789000
54667.079437	826.486000
54757.486277	830.260000
54791.755053	831.612000
54890.952514	835.709000
54932.879002	837.345000
55008.506747	840.422000
55034.999658	841.453000
55141.004574	845.705000
55175.110278	847.005000
55284.149954	851.273000
55307.286568	852.137000
55396.744571	855.657000
55430.405587	856.878000
55547.391630	861.510000
55559.613641	861.959000
55673.923135	866.446000
55700.738282	867.425000
55806.694368	871.471000
55822.029066	872.022000
55948.632177	876.717000
55958.029189	877.046000
56098.383322	882.148000
56110.131338	882.547000
56225.534836	886.678000
56244.519790	887.323000
56378.361349	892.037000
56381.386661	892.142000
56529.947282	897.169000
56536.608002	897.393000
56675.123984	902.187000
56680.330330	902.359000
56822.845210	907.125000
56829.428586	907.335000
56981.185270	912.205000
56986.179670	912.361000
57143.616972	917.323000
57148.392933	917.470000
57301.803294	922.229000
57307.770296	922.408000
57466.463857	927.215000
57479.269365	927.604000
57634.358752	932.097000
57652.247079	932.622000
57819.024518	937.407000
57822.829891	937.516000
57986.282269	942.196000
58002.798537	942.662000
58159.944553	947.085000
58182.095533	947.704000
58345.938635	952.164000
58372.452879	952.884000
58538.738113	957.385000
58540.518084	957.434000
58703.769875	961.932000
58743.031816	962.959000
58914.510245	967.435000
58933.694203	967.924000
59105.666982	972.128000
59118.683757	972.451000
59310.089418	977.004000
59353.145508	978.083000
59534.257636	982.195000
59557.875083	982.771000
59727.659927	986.758000
59778.191813	987.924000
59914.415168	991.076000
59992.979048	992.804000
60095.819245	995.084000
60227.231306	997.855000
60244.228278	998.206000
60368.901620	1000.847000
60400.823529	1001.484000
60436.351553	1002.187000
60436.911931	1002.198000
60439.169984	1002.242000
60444.254218	1002.341000
60446.470241	1002.384000
60448.476603	1002.423000
60449.819292	1002.449000
60451.627149	1002.484000
60460.003163	1002.646000
60461.093664	1002.667000
60464.937463	1002.746000
60470.766976	1002.858000
60474.210615	1002.924000
60475.619904	1002.951000
60542.349315	1004.241000
60649.072994	1006.265000
60754.591156	1008.185000
60761.807120	1008.312000
60914.692111	1011.069000
61018.541915	1012.790000
61072.040954	1013.694000
61248.168476	1016.486000
61365.975700	1018.260000
61420.171318	1019.081000
61631.309304	1022.122000
61694.499164	1023.017000
61836.869151	1025.063000
62062.300768	1028.037000
62100.099033	1028.514000
62505.242692	1033.223000
62516.877166	1033.317000
62886.005597	1037.998000
62991.847700	1038.358000
63511.710315	1042.983000
63693.026354	1043.457000
65643.512611	1038.358000
65683.977593	1037.998000
67060.218936	1033.317000
67067.631470	1033.223000
67650.469075	1028.514000
67691.508261	1028.037000
67927.172918	1025.063000
68082.261381	1023.017000
68144.539552	1022.122000
68359.243870	1019.081000
68416.246266	1018.260000
68533.351048	1016.486000
68718.761291	1013.694000
68775.788253	1012.790000
68877.637640	1011.069000
69044.002492	1008.312000
69051.045072	1008.185000
69160.136814	1006.265000
69271.370543	1004.241000
69339.391069	1002.951000
69340.787731	1002.924000
69344.232658	1002.858000
69350.076410	1002.746000
69354.188299	1002.667000
69355.210068	1002.646000
69363.622505	1002.484000
69365.432138	1002.449000
69366.775117	1002.423000
69368.789151	1002.384000
69371.001293	1002.341000
69376.103301	1002.242000
69378.362960	1002.198000
69378.927474	1002.187000
69414.740749	1001.484000
69446.933283	1000.847000
69579.281418	998.206000
69595.851029	997.855000
69730.035105	995.084000
69838.161954	992.804000
69916.103998	991.076000
70059.410336	987.924000
70109.802604	986.758000
70282.590452	982.771000
70307.119188	982.195000
70475.721521	978.083000
70523.245837	977.004000
70704.927372	972.451000
70718.506118	972.128000
70887.925690	967.924000
70907.929184	967.435000
71083.527131	962.959000
71122.872159	961.932000
71294.829522	957.434000
71296.607944	957.385000
71460.111043	952.884000
71486.710770	952.164000
71650.951781	947.704000
71673.691440	947.085000
71831.968963	942.662000
71848.525609	942.196000
72014.397137	937.516000
72018.204040	937.407000
72185.256414	932.622000
72203.554879	932.097000
72356.644885	927.604000
72370.072388	927.215000
72528.314240	922.408000
72534.223569	922.229000
72692.865830	917.470000
72697.604498	917.323000
72858.817520	912.361000
72863.767181	912.205000
73019.682075	907.335000
73026.225997	907.125000
73175.637286	902.359000
73180.780500	902.187000
73325.892270	897.393000
73332.364439	897.169000
73481.844077	892.142000
73484.947093	892.037000
73620.769223	887.323000
73639.082291	886.678000
73760.674301	882.547000
73771.820754	882.148000
73922.042251	877.046000
73931.092919	876.717000
74065.193126	872.022000
74080.051127	871.471000
74192.654011	867.425000
74218.291927	866.446000
74341.192399	861.959000
74352.630991	861.510000
74478.716422	856.878000
74509.554064	855.657000
74606.594830	852.137000
74628.552703	851.273000
74742.843292	847.005000
74776.055939	845.705000
74887.607829	841.453000
74913.311279	840.422000
74992.378871	837.345000
75032.589138	835.709000
75137.584750	831.612000
75170.319670	830.260000
75265.978222	826.486000
75306.630158	824.789000
75372.047781	822.142000
75410.135194	820.512000
75508.883421	816.435000
75558.165516	814.309000
75624.154104	811.571000
75662.968536	809.887000
75741.404193	806.688000
75794.686485	804.383000
75860.249925	801.682000
75910.051376	799.545000
75988.541287	796.300000
76043.244995	793.950000
76097.286026	791.687000
76155.721161	789.177000
76215.051704	786.666000
76277.963852	783.938000
76338.982808	781.338000
76401.991336	778.612000
76447.468595	776.646000
76517.529987	773.590000
76564.865192	771.533000
76631.424409	768.581000
76674.935810	766.695000
76755.413018	763.056000
76792.797143	761.437000
76862.096091	758.249000
76900.330713	756.568000
76980.305464	752.874000
77004.879802	751.774000
77089.065437	747.857000
77122.573220	746.330000
77199.701148	742.696000
77217.195842	741.883000
77314.409746	737.234000
77329.847664	736.508000
77411.349436	732.597000
77434.020785	731.529000
77527.874301	726.956000
77529.946520	726.860000
77628.019948	722.031000
77640.091569	721.468000
77736.829109	716.712000
77738.073237	716.654000
77837.781555	711.800000
77841.559136	711.622000
77946.718151	706.510000
77953.050670	706.200000
78049.085456	701.679000
78051.920744	701.538000
78158.938038	696.486000
78169.605112	695.965000
78268.841325	691.321000
78276.424015	690.946000
78368.162859	686.579000
78385.321042	685.713000
78473.728637	681.456000
78488.058429	680.725000
78580.762522	676.219000
78599.538094	675.264000
78680.835953	671.262000
78700.648374	670.252000
78778.418046	666.365000
78801.804089	665.158000
78881.179884	661.171000
78904.437253	659.955000
78984.303728	655.922000
79011.702418	654.497000
79074.131005	651.291000
79103.929840	649.733000
79178.629837	645.863000
79198.632605	644.808000
79279.946500	640.576000
79301.513258	639.443000
79370.832525	635.831000
79385.593897	635.066000
79474.807906	630.487000
79488.964581	629.762000
79576.506354	625.251000
79587.005772	624.711000
79673.791904	620.156000
79674.393931	620.125000
79775.210304	615.047000
79777.320435	614.938000
79874.413405	609.946000
79878.281913	609.742000
79963.477767	605.275000
79980.520014	604.365000
80058.770626	600.215000
80068.873766	599.676000
80157.030645	594.976000
80175.838799	593.970000
80244.098334	590.322000
80266.269610	589.133000
80336.798416	585.387000
80362.497296	584.004000
80436.645837	580.041000
80466.811729	578.414000
80519.354631	575.583000
80554.177629	573.708000
80614.486529	570.435000
80661.619112	567.944000
80711.882264	565.259000
80747.360913	563.398000
80801.212568	560.510000
80862.949137	557.222000
80898.502446	555.319000
80947.373355	552.740000
80990.902659	550.396000
81053.171531	547.207000
81090.179883	545.240000
81156.939188	541.860000
81186.800654	540.271000
81257.690279	536.643000
81279.736482	535.482000
81355.169117	531.621000
81383.140854	530.132000
81459.458658	526.200000
81474.166908	525.407000
81555.085233	521.262000
81572.477120	520.310000
81657.433622	515.951000
81674.732517	515.009000
81754.896130	510.905000
81760.017293	510.628000
81853.204875	505.892000
81869.624423	504.993000
81951.164685	500.816000
81961.235807	500.264000
82045.945230	495.899000
82052.501999	495.543000
82144.194349	490.828000
82159.113570	490.016000
82238.582244	485.881000
82253.004051	485.093000
82332.180208	481.018000
82339.228015	480.636000
82433.557632	475.799000
82450.624037	474.886000
82526.156999	471.035000
82540.431781	470.271000
82626.175673	465.863000
82635.102901	465.384000
82720.671472	460.935000
82734.089022	460.219000
82817.738113	455.775000
82829.933207	455.120000
82908.012846	450.952000
82917.067731	450.473000
83004.348157	445.844000
83019.533045	445.054000
83100.240212	440.736000
83108.609503	440.307000
83197.051806	435.603000
83200.362094	435.436000
83287.579913	430.860000
83300.671601	430.208000
83390.558239	425.527000
83396.836320	425.214000
83485.546199	420.606000
83488.352604	420.465000
83586.514343	415.453000
83592.247118	415.167000
83685.611440	410.461000
83686.898304	410.396000
83788.610506	405.327000
83792.617974	405.127000
83884.881642	400.448000
83885.100335	400.437000
83988.083556	395.342000
83996.708702	394.906000
84089.417952	390.217000
84092.192399	390.076000
84179.935896	385.599000
84192.509303	384.951000
84287.332634	380.081000
84289.503586	379.967000
84379.307714	375.273000
84388.574648	374.776000
84474.421614	370.228000
84486.707041	369.562000
84569.783984	365.127000
84579.815270	364.580000
84663.682096	360.144000
84675.286108	359.503000
84762.699319	355.093000
84776.708068	354.326000
84865.275495	349.919000
84878.467603	349.213000
84966.878421	344.932000
84983.092901	344.079000
85071.448535	339.886000
85089.666235	338.969000
85184.409288	334.400000
85198.748045	333.681000
85278.452969	329.779000
85300.743185	328.662000
85388.598567	324.327000
85407.823619	323.373000
85492.570815	319.214000
85512.084094	318.264000
85597.929389	314.026000
85620.446259	312.979000
85702.792341	309.113000
85727.924588	307.959000
85814.335960	303.864000
85844.892654	302.446000
85924.844158	298.680000
85943.225274	297.810000
86028.892518	293.920000
86068.581203	292.052000
86140.564070	288.916000
86178.021706	287.172000
86262.726094	283.681000
86299.131066	282.056000
86379.351042	278.949000
86430.691324	276.755000
86506.119215	274.037000
86568.808709	271.601000
86658.549693	268.793000
86716.555292	266.612000
86808.793444	263.996000
86886.617452	261.292000
86975.668394	259.101000
87064.397131	256.228000
87197.108178	253.907000
87308.110828	250.909000
87399.448349	249.006000
87526.960393	245.758000
87591.034549	244.176000
87745.844972	240.610000
87844.846400	238.619000
87968.103875	235.224000
88039.079002	233.968000
88190.396236	230.037000
88280.230962	228.921000
88449.565053	224.914000
88573.034028	223.869000
88792.229586	219.529000
89064.203797	224.914000
89537.639382	228.921000
89584.801060	230.037000
89901.235027	233.968000
89949.582635	235.224000
90141.430211	238.619000
90213.714639	240.610000
90391.032113	244.176000
90459.711331	245.758000
90591.261810	249.006000
90665.970991	250.909000
90809.864784	253.907000
90895.801125	256.228000
91060.074645	259.101000
91127.740730	261.292000
91237.642030	263.996000
91312.933303	266.612000
91389.833689	268.793000
91464.514900	271.601000
91542.367122	274.037000
91612.313774	276.755000
91673.200011	278.949000
91745.904777	282.056000
91787.860831	283.681000
91866.069913	287.172000
91908.385712	288.916000
91975.740727	292.052000
92018.618277	293.920000
92101.267625	297.810000
92120.427137	298.680000
92199.994131	302.446000
92230.098016	303.864000
92318.341783	307.959000
92342.693119	309.113000
92426.888325	312.979000
92449.189501	314.026000
92540.332282	318.264000
92559.575564	319.214000
92645.002643	323.373000
92664.442129	324.327000
92751.801251	328.662000
92774.438958	329.779000
92852.305047	333.681000
92866.991833	334.400000
92958.109744	338.969000
92977.124710	339.886000
93060.425493	344.079000
93078.400059	344.932000
93159.776598	349.213000
93174.356845	349.919000
93256.704747	354.326000
93272.119137	355.093000
93352.664880	359.503000
93365.370519	360.144000
93445.675351	364.580000
93456.016910	365.127000
93537.349180	369.562000
93549.824771	370.228000
93633.719846	374.776000
93643.101100	375.273000
93730.624212	379.967000
93732.805224	380.081000
93825.546806	384.951000
93838.163955	385.599000
93925.033003	390.076000
93927.796424	390.217000
94020.061543	394.906000
94028.681981	395.342000
94129.473541	400.437000
94129.695879	400.448000
94222.720007	405.127000
94226.663741	405.327000
94328.232997	410.396000
94329.537257	410.461000
94422.706210	415.167000
94428.380285	415.453000
94528.844167	420.465000
94531.605700	420.606000
94623.321421	425.214000
94629.347071	425.527000
94723.237470	430.208000
94735.757463	430.860000
94827.640228	435.436000
94830.823221	435.603000
94924.066320	440.307000
94932.132168	440.736000
95016.371324	445.054000
95031.137109	445.844000
95120.112867	450.473000
95129.144478	450.952000
95207.935209	455.120000
95220.205402	455.775000
95302.945856	460.219000
95316.423073	460.935000
95399.795534	465.384000
95409.008244	465.863000
95491.161105	470.271000
95506.022342	471.035000
95577.975462	474.886000
95595.882914	475.799000
95686.299343	480.636000
95693.748984	481.018000
95768.931744	485.093000
95784.242372	485.881000
95859.920259	490.016000
95875.525715	490.828000
95962.156412	495.543000
95969.079525	495.899000
96049.473623	500.264000
96060.186017	500.816000
96136.394492	504.993000
96153.944096	505.892000
96240.443519	510.628000
96245.893891	510.905000
96321.768452	515.009000
96340.168580	515.951000
96420.217286	520.310000
96438.771677	521.262000
96514.495807	525.407000
96529.976683	526.200000
96602.905861	530.132000
96631.806474	531.621000
96704.337619	535.482000
96727.020159	536.643000
96795.912170	540.271000
96826.960576	541.860000
96890.479615	545.240000
96929.330371	547.207000
96989.330184	550.396000
97035.099465	552.740000
97082.992841	555.319000
97119.053850	557.222000
97180.482793	560.510000
97234.708831	563.398000
97269.410330	565.259000
97320.597957	567.944000
97367.229432	570.435000
97429.158354	573.708000
97463.707449	575.583000
97516.285533	578.414000
97546.482390	580.041000
97619.959606	584.004000
97645.835819	585.387000
97715.443921	589.133000
97737.830133	590.322000
97805.854366	593.970000
97824.678131	594.976000
97912.549229	599.676000
97922.659135	600.215000
98000.447689	604.365000
98017.606257	605.275000
98101.263089	609.742000
98105.153833	609.946000
98199.818490	614.938000
98201.938509	615.047000
98300.243506	620.125000
98300.858967	620.156000
98389.318145	624.711000
98399.606731	625.251000
98487.315755	629.762000
98501.385315	630.487000
98590.796919	635.066000
98605.701640	635.831000
98675.398472	639.443000
98697.142307	640.576000
98777.698810	644.808000
98797.969642	645.863000
98871.344726	649.733000
98901.417748	651.291000
98962.736789	654.497000
98990.484991	655.922000
99068.028090	659.955000
99092.108832	661.171000
99168.364698	665.158000
99192.394440	666.365000
99267.706410	670.252000
99287.914120	671.262000
99366.418386	675.264000
99385.818550	676.219000
99474.407795	680.725000
99489.447008	681.456000
99572.896971	685.713000
99590.881697	686.579000
99677.405700	690.946000
99685.283434	691.321000
99779.187471	695.965000
99790.320561	696.486000
99893.756374	701.538000
99896.743199	701.679000
99987.653410	706.200000
99994.238410	706.510000
100098.663699	711.622000
100102.325339	711.800000
100205.338695	716.654000
100206.530101	716.712000
100308.548642	721.468000
100320.000121	722.031000
100423.541612	726.860000
100425.491301	726.956000
100524.202330	731.529000
100546.121323	732.597000
100629.143463	736.508000
100644.272660	737.234000
100743.130624	741.883000
100760.131033	742.696000
100838.329948	746.330000
100870.738959	747.857000
100956.691799	751.774000
100980.333412	752.874000
101062.858506	756.568000
101099.251997	758.249000
101171.763583	761.437000
101206.956492	763.056000
101290.984185	766.695000
101332.693449	768.581000
101400.798251	771.533000
101447.177760	773.590000
101517.501720	776.646000
101562.573938	778.612000
101625.631418	781.338000
101685.727593	783.938000
101749.750560	786.666000
101807.658332	789.177000
101866.965246	791.687000
101919.649992	793.950000
101975.768605	796.300000
102051.306279	799.545000
102102.995937	801.682000
102165.941055	804.383000
102221.892085	806.688000
102295.840047	809.887000
102337.129714	811.571000
102400.237740	814.309000
102451.476504	816.435000
102545.984078	820.512000
102585.463992	822.142000
102647.315146	824.789000
102689.254589	826.486000
102779.661429	830.260000
102813.930205	831.612000
102913.127666	835.709000
102955.054154	837.345000
103030.681899	840.422000
103057.174810	841.453000
103163.179726	845.705000
103197.285430	847.005000
103306.325106	851.273000
103329.461720	852.137000
103418.919723	855.657000
103452.580739	856.878000
103569.566782	861.510000
103581.788793	861.959000
103696.098287	866.446000
103722.913434	867.425000
103828.869520	871.471000
103844.204218	872.022000
103970.807329	876.717000
103980.204341	877.046000
104120.558474	882.148000
104132.306490	882.547000
104247.709988	886.678000
104266.694942	887.323000
104400.536501	892.037000
104403.561813	892.142000
104552.122434	897.169000
104558.783154	897.393000
104697.299136	902.187000
104702.505482	902.359000
104845.020362	907.125000
104851.603738	907.335000
105003.360422	912.205000
105008.354821	912.361000
105165.792124	917.323000
105170.568085	917.470000
105323.978446	922.229000
105329.945448	922.408000
105488.639009	927.215000
105501.444517	927.604000
105656.533904	932.097000
105674.422231	932.622000
105841.199670	937.407000
105845.005043	937.516000
106008.457421	942.196000
106024.973689	942.662000
106182.119705	947.085000
106204.270685	947.704000
106368.113787	952.164000
106394.628031	952.884000
106560.913265	957.385000
106562.693236	957.434000
106725.945027	961.932000
106765.206968	962.959000
106936.685397	967.435000
106955.869355	967.924000
107127.842134	972.128000
107140.858909	972.451000
107332.264570	977.004000
107375.320660	978.083000
107556.432788	982.195000
107580.050235	982.771000
107749.835079	986.758000
107800.366965	987.924000
107936.590320	991.076000
108015.154200	992.804000
108117.994397	995.084000
108249.406458	997.855000
108266.403430	998.206000
108391.076772	1000.847000
108422.998681	1001.484000
108458.526705	1002.187000
108459.087083	1002.198000
108461.345136	1002.242000
108466.429370	1002.341000
108468.645393	1002.384000
108470.651755	1002.423000
108471.994444	1002.449000
108473.802301	1002.484000
108482.178315	1002.646000
108483.268816	1002.667000
108487.112615	1002.746000
108492.942128	1002.858000
108496.385767	1002.924000
108497.795056	1002.951000
108564.524467	1004.241000
108671.248146	1006.265000
108776.766308	1008.185000
108783.982272	1008.312000
108936.867263	1011.069000
109040.717067	1012.790000
109094.216106	1013.694000
109270.343628	1016.486000
109388.150852	1018.260000
109442.346470	1019.081000
109653.484456	1022.122000
109716.674316	1023.017000
109859.044303	1025.063000
110084.475920	1028.037000
110122.274185	1028.514000
110527.417844	1033.223000
110539.052318	1033.317000
110908.180749	1037.998000
111014.022852	1038.358000
111533.885467	1042.983000
111715.201506	1043.457000
113665.687763	1038.358000
113706.152745	1037.998000
115082.394088	1033.317000
115089.806622	1033.223000
115672.644227	1028.514000
115713.683413	1028.037000
115949.348070	1025.063000
116104.436533	1023.017000
116166.714704	1022.122000
116381.419022	1019.081000
116438.421418	1018.260000
116555.526200	1016.486000
116740.936443	1013.694000
116797.963405	1012.790000
116899.812792	1011.069000
117066.177644	1008.312000
117073.220224	1008.185000
117182.311966	1006.265000
117293.545695	1004.241000
117361.566221	1002.951000
117362.962883	1002.924000
117366.407810	1002.858000
117372.251562	1002.746000
117376.363451	1002.667000
117377.385220	1002.646000
117385.797657	1002.484000
117387.607290	1002.449000
117388.950269	1002.423000
117390.964303	1002.384000
117393.176445	1002.341000
117398.278453	1002.242000
117400.538112	1002.198000
117401.102626	1002.187000
117436.915901	1001.484000
117469.108435	1000.847000
117601.456570	998.206000
117618.026181	997.855000
117752.210257	995.084000
117860.337106	992.804000
117938.279150	991.076000
118081.585487	987.924000
118131.977756	986.758000
118304.765604	982.771000
118329.294340	982.195000
118497.896673	978.083000
118545.420989	977.004000
118727.102524	972.451000
118740.681270	972.128000
118910.100842	967.924000
118930.104336	967.435000
119105.702283	962.959000
119145.047311	961.932000
119317.004674	957.434000
119318.783095	957.385000
119482.286195	952.884000
119508.885922	952.164000
119673.126933	947.704000
119695.866592	947.085000
119854.144115	942.662000
119870.700761	942.196000
120036.572289	937.516000
120040.379192	937.407000
120207.431566	932.622000
120225.730031	932.097000
120378.820037	927.604000
120392.247540	927.215000
120550.489392	922.408000
120556.398721	922.229000
120715.040982	917.470000
120719.779650	917.323000
120880.992672	912.361000
120885.942333	912.205000
121041.857227	907.335000
121048.401149	907.125000
121197.812438	902.359000
121202.955652	902.187000
121348.067422	897.393000
121354.539591	897.169000
121504.019229	892.142000
121507.122245	892.037000
121642.944375	887.323000
121661.257443	886.678000
121782.849453	882.547000
121793.995906	882.148000
121944.217403	877.046000
121953.268071	876.717000
122087.368278	872.022000
122102.226279	871.471000
122214.829163	867.425000
122240.467079	866.446000
122363.367551	861.959000
122374.806143	861.510000
122500.891574	856.878000
122531.729216	855.657000
122628.769982	852.137000
122650.727855	851.273000
122765.018444	847.005000
122798.231091	845.705000
122909.782981	841.453000
122935.486431	840.422000
123014.554023	837.345000
123054.764290	835.709000
123159.759902	831.612000
123192.494822	830.260000
123288.153374	826.486000
123328.805310	824.789000
123394.222933	822.142000
123432.310346	820.512000
123531.058573	816.435000
123580.340668	814.309000
123646.329256	811.571000
123685.143688	809.887000
123763.579345	806.688000
123816.861636	804.383000
123882.425077	801.682000
123932.226528	799.545000
124010.716439	796.300000
124065.420147	793.950000
124119.461178	791.687000
124177.896313	789.177000
124237.226856	786.666000
124300.139004	783.938000
124361.157960	781.338000
124424.166488	778.612000
124469.643747	776.646000
124539.705139	773.590000
124587.040344	771.533000
124653.599561	768.581000
124697.110962	766.695000
124777.588170	763.056000
124814.972295	761.437000
124884.271243	758.249000
124922.505865	756.568000
125002.480616	752.874000
125027.054954	751.774000
125111.240589	747.857000
125144.748372	746.330000
125221.876300	742.696000
125239.370994	741.883000
125336.584898	737.234000
125352.022816	736.508000
125433.524588	732.597000
125456.195937	731.529000
125550.049453	726.956000
125552.121672	726.860000
125650.195100	722.031000
125662.266721	721.468000
125759.004261	716.712000
125760.248389	716.654000
125859.956707	711.800000
125863.734288	711.622000
125968.893303	706.510000
125975.225822	706.200000
126071.260608	701.679000
126074.095896	701.538000
126181.113190	696.486000
126191.780264	695.965000
126291.016477	691.321000
126298.599167	690.946000
126390.338011	686.579000
126407.496194	685.713000
126495.903789	681.456000
126510.233581	680.725000
126602.937674	676.219000
126621.713246	675.264000
126703.011105	671.262000
126722.823526	670.252000
126800.593198	666.365000
126823.979241	665.158000
126903.355036	661.171000
126926.612405	659.955000
127006.478880	655.922000
127033.877570	654.497000
127096.306157	651.291000
127126.104992	649.733000
127200.804989	645.863000
127220.807757	644.808000
127302.121652	640.576000
127323.688410	639.443000
127393.007677	635.831000
127407.769049	635.066000
127496.983058	630.487000
127511.139733	629.762000
127598.681506	625.251000
127609.180924	624.711000
127695.967056	620.156000
127696.569083	620.125000
127797.385456	615.047000
127799.495587	614.938000
127896.588557	609.946000
127900.457065	609.742000
127985.652919	605.275000
128002.695166	604.365000
128080.945778	600.215000
128091.048918	599.676000
128179.205797	594.976000
128198.013951	593.970000
128266.273486	590.322000
128288.444762	589.133000
128358.973568	585.387000
128384.672448	584.004000
128458.820989	580.041000
128488.986881	578.414000
128541.529783	575.583000
128576.352781	573.708000
128636.661681	570.435000
128683.794264	567.944000
128734.057416	565.259000
128769.536065	563.398000
128823.387720	560.510000
128885.124289	557.222000
128920.677598	555.319000
128969.548507	552.740000
129013.077811	550.396000
129075.346683	547.207000
129112.355035	545.240000
129179.114340	541.860000
129208.975806	540.271000
129279.865431	536.643000
129301.911634	535.482000
129377.344269	531.621000
129405.316006	530.132000
129481.633810	526.200000
129496.342060	525.407000
129577.260385	521.262000
129594.652272	520.310000
129679.608774	515.951000
129696.907669	515.009000
129777.071282	510.905000
129782.192445	510.628000
129875.380027	505.892000
129891.799575	504.993000
129973.339837	500.816000
129983.410959	500.264000
130068.120382	495.899000
130074.677151	495.543000
130166.369501	490.828000
130181.288722	490.016000
130260.757396	485.881000
130275.179203	485.093000
130354.355360	481.018000
130361.403167	480.636000
130455.732784	475.799000
130472.799189	474.886000
130548.332151	471.035000
130562.606933	470.271000
130648.350825	465.863000
130657.278053	465.384000
130742.846624	460.935000
130756.264174	460.219000
130839.913265	455.775000
130852.108359	455.120000
130930.187998	450.952000
130939.242883	450.473000
131026.523309	445.844000
131041.708197	445.054000
131122.415364	440.736000
131130.784655	440.307000
131219.226958	435.603000
131222.537246	435.436000
131309.755065	430.860000
131322.846753	430.208000
131412.733391	425.527000
131419.011472	425.214000
131507.721351	420.606000
131510.527756	420.465000
131608.689495	415.453000
131614.422270	415.167000
131707.786592	410.461000
131709.073456	410.396000
131810.785658	405.327000
131814.793125	405.127000
131907.056794	400.448000
131907.275487	400.437000
132010.258708	395.342000
132018.883854	394.906000
132111.593104	390.217000
132114.367551	390.076000
132202.111048	385.599000
132214.684455	384.951000
132309.507786	380.081000
132311.678738	379.967000
132401.482866	375.273000
132410.749800	374.776000
132496.596766	370.228000
132508.882193	369.562000
132591.959136	365.127000
132601.990422	364.580000
132685.857248	360.144000
132697.461260	359.503000
132784.874471	355.093000
132798.883220	354.326000
132887.450647	349.919000
132900.642755	349.213000
132989.053573	344.932000
133005.268053	344.079000
133093.623687	339.886000
133111.841387	338.969000
133206.584440	334.400000
133220.923197	333.681000
133300.628121	329.779000
133322.918337	328.662000
133410.773719	324.327000
133429.998771	323.373000
133514.745967	319.214000
133534.259246	318.264000
133620.104541	314.026000
133642.621411	312.979000
133724.967493	309.113000
133750.099740	307.959000
133836.511112	303.864000
133867.067806	302.446000
133947.019310	298.680000
133965.400426	297.810000
134051.067670	293.920000
134090.756355	292.052000
134162.739222	288.916000
134200.196858	287.172000
134284.901246	283.681000
134321.306218	282.056000
134401.526194	278.949000
134452.866476	276.755000
134528.294367	274.037000
134590.983861	271.601000
134680.724845	268.793000
134738.730444	266.612000
134830.968596	263.996000
134908.792604	261.292000
134997.843546	259.101000
135086.572283	256.228000
135219.283330	253.907000
135330.285980	250.909000
135421.623501	249.006000
135549.135545	245.758000
135613.209701	244.176000
135768.020124	240.610000
135867.021552	238.619000
135990.279027	235.224000
136061.254154	233.968000
136212.571388	230.037000
136302.406114	228.921000
136471.740205	224.914000
136595.209180	223.869000
136814.404738	219.529000
137086.378949	224.914000
137559.814534	228.921000
137606.976212	230.037000
137923.410179	233.968000
137971.757787	235.224000
138163.605363	238.619000
138235.889791	240.610000
138413.207265	244.176000
138481.886483	245.758000
138613.436962	249.006000
138688.146143	250.909000
138832.039936	253.907000
138917.976277	256.228000
139082.249797	259.101000
139149.915882	261.292000
139259.817182	263.996000
139335.108455	266.612000
139412.008841	268.793000
139486.690052	271.601000
139564.542274	274.037000
139634.488926	276.755000
139695.375163	278.949000
139768.079929	282.056000
139810.035983	283.681000
139888.245065	287.172000
139930.560864	288.916000
139997.915879	292.052000
140040.793429	293.920000
140123.442777	297.810000
140142.602289	298.680000
140222.169283	302.446000
140252.273168	303.864000
140340.516935	307.959000
140364.868271	309.113000
140449.063477	312.979000
140471.364653	314.026000
140562.507434	318.264000
140581.750716	319.214000
140667.177795	323.373000
140686.617281	324.327000
140773.976403	328.662000
140796.614110	329.779000
140874.480199	333.681000
140889.166985	334.400000
140980.284896	338.969000
140999.299862	339.886000
141082.600645	344.079000
141100.575211	344.932000
141181.951749	349.213000
141196.531997	349.919000
141278.879899	354.326000
141294.294289	355.093000
141374.840032	359.503000
141387.545671	360.144000
141467.850503	364.580000
141478.192062	365.127000
141559.524332	369.562000
141571.999923	370.228000
141655.894998	374.776000
141665.276252	375.273000
141752.799364	379.967000
141754.980376	380.081000
141847.721958	384.951000
141860.339107	385.599000
141947.208155	390.076000
141949.971576	390.217000
142042.236695	394.906000
142050.857133	395.342000
142151.648693	400.437000
142151.871031	400.448000
142244.895159	405.127000
142248.838893	405.327000
142350.408149	410.396000
142351.712409	410.461000
142444.881362	415.167000
142450.555437	415.453000
142551.019319	420.465000
142553.780852	420.606000
142645.496573	425.214000
142651.522223	425.527000
142745.412622	430.208000
142757.932615	430.860000
142849.815380	435.436000
142852.998373	435.603000
142946.241472	440.307000
142954.307320	440.736000
143038.546476	445.054000
143053.312261	445.844000
143142.288019	450.473000
143151.319630	450.952000
143230.110361	455.120000
143242.380554	455.775000
143325.121008	460.219000
143338.598225	460.935000
143421.970686	465.384000
143431.183395	465.863000
143513.336257	470.271000
143528.197494	471.035000
143600.150614	474.886000
143618.058066	475.799000
143708.474495	480.636000
143715.924136	481.018000
143791.106896	485.093000
143806.417524	485.881000
143882.095411	490.016000
143897.700867	490.828000
143984.331564	495.543000
143991.254677	495.899000
144071.648775	500.264000
144082.361169	500.816000
144158.569644	504.993000
144176.119248	505.892000
144262.618671	510.628000
144268.069043	510.905000
144343.943604	515.009000
144362.343732	515.951000
144442.392438	520.310000
144460.946829	521.262000
144536.670959	525.407000
144552.151835	526.200000
144625.081013	530.132000
144653.981626	531.621000
144726.512771	535.482000
144749.195311	536.643000
144818.087322	540.271000
144849.135728	541.860000
144912.654767	545.240000
144951.505523	547.207000
145011.505336	550.396000
145057.274617	552.740000
145105.167993	555.319000
145141.229002	557.222000
145202.657945	560.510000
145256.883983	563.398000
145291.585482	565.259000
145342.773109	567.944000
145389.404584	570.435000
145451.333506	573.708000
145485.882601	575.583000
145538.460685	578.414000
145568.657542	580.041000
145642.134758	584.004000
145668.010971	585.387000
145737.619073	589.133000
145760.005285	590.322000
145828.029518	593.970000
145846.853283	594.976000
145934.724381	599.676000
145944.834287	600.215000
146022.622841	604.365000
146039.781409	605.275000
146123.438241	609.742000
146127.328985	609.946000
146221.993642	614.938000
146224.113661	615.047000
146322.418658	620.125000
146323.034119	620.156000
146411.493297	624.711000
146421.781883	625.251000
146509.490906	629.762000
146523.560467	630.487000
146612.972071	635.066000
146627.876792	635.831000
146697.573624	639.443000
146719.317459	640.576000
146799.873962	644.808000
146820.144794	645.863000
146893.519878	649.733000
146923.592900	651.291000
146984.911941	654.497000
147012.660143	655.922000
147090.203242	659.955000
147114.283984	661.171000
147190.539850	665.158000
147214.569592	666.365000
147289.881562	670.252000
147310.089272	671.262000
147388.593538	675.264000
147407.993702	676.219000
147496.582947	680.725000
147511.622160	681.456000
147595.072123	685.713000
147613.056849	686.579000
147699.580852	690.946000
147707.458586	691.321000
147801.362623	695.965000
147812.495713	696.486000
147915.931526	701.538000
147918.918351	701.679000
148009.828562	706.200000
148016.413562	706.510000
148120.838851	711.622000
148124.500491	711.800000
148227.513847	716.654000
148228.705253	716.712000
148330.723794	721.468000
148342.175273	722.031000
148445.716764	726.860000
148447.666453	726.956000
148546.377482	731.529000
148568.296475	732.597000
148651.318615	736.508000
148666.447812	737.234000
148765.305776	741.883000
148782.306185	742.696000
148860.505100	746.330000
148892.914111	747.857000
148978.866951	751.774000
149002.508564	752.874000
149085.033658	756.568000
149121.427149	758.249000
149193.938735	761.437000
149229.131644	763.056000
149313.159337	766.695000
149354.868601	768.581000
149422.973403	771.533000
149469.352912	773.590000
149539.676872	776.646000
149584.749090	778.612000
149647.806570	781.338000
149707.902745	783.938000
149771.925712	786.666000
149829.833484	789.177000
149889.140398	791.687000
149941.825144	793.950000
149997.943757	796.300000
150073.481431	799.545000
150125.171089	801.682000
150188.116207	804.383000
150244.067237	806.688000
150318.015199	809.887000
150359.304866	811.571000
150422.412892	814.309000
150473.651656	816.435000
150568.159230	820.512000
150607.639144	822.142000
150669.490298	824.789000
150711.429741	826.486000
150801.836581	830.260000
150836.105357	831.612000
150935.302818	835.709000
150977.229306	837.345000
151052.857051	840.422000
151079.349962	841.453000
151185.354878	845.705000
151219.460582	847.005000
151328.500258	851.273000
151351.636872	852.137000
151441.094875	855.657000
151474.755891	856.878000
151591.741934	861.510000
151603.963945	861.959000
151718.273439	866.446000
151745.088586	867.425000
151851.044672	871.471000
151866.379370	872.022000
151992.982481	876.717000
152002.379493	877.046000
152142.733626	882.148000
152154.481642	882.547000
152269.885140	886.678000
152288.870094	887.323000
152422.711653	892.037000
152425.736965	892.142000
152574.297586	897.169000
152580.958306	897.393000
152719.474288	902.187000
152724.680634	902.359000
152867.195514	907.125000
152873.778890	907.335000
153025.535574	912.205000
153030.529973	912.361000
153187.967276	917.323000
153192.743237	917.470000
153346.153598	922.229000
153352.120600	922.408000
153510.814161	927.215000
153523.619669	927.604000
153678.709056	932.097000
153696.597383	932.622000
153863.374822	937.407000
153867.180195	937.516000
154030.632573	942.196000
154047.148840	942.662000
154204.294857	947.085000
154226.445837	947.704000
154390.288939	952.164000
154416.803183	952.884000
154583.088417	957.385000
154584.868388	957.434000
154748.120179	961.932000
154787.382120	962.959000
154958.860549	967.435000
154978.044507	967.924000
155150.017286	972.128000
155163.034061	972.451000
155354.439722	977.004000
155397.495812	978.083000
155578.607940	982.195000
155602.225387	982.771000
155772.010231	986.758000
155822.542117	987.924000
155958.765472	991.076000
156037.329352	992.804000
156140.169549	995.084000
156271.581610	997.855000
156288.578582	998.206000
156413.251924	1000.847000
156445.173833	1001.484000
156480.701857	1002.187000
156481.262235	1002.198000
156483.520288	1002.242000
156488.604522	1002.341000
156490.820545	1002.384000
156492.826907	1002.423000
156494.169596	1002.449000
156495.977453	1002.484000
156504.353467	1002.646000
156505.443968	1002.667000
156509.287767	1002.746000
156515.117280	1002.858000
156518.560919	1002.924000
156519.970208	1002.951000
156586.699619	1004.241000
156693.423298	1006.265000
156798.941460	1008.185000
156806.157424	1008.312000
156959.042415	1011.069000
157062.892219	1012.790000
157116.391258	1013.694000
157292.518780	1016.486000
157410.326004	1018.260000
157464.521622	1019.081000
157675.659608	1022.122000
157738.849468	1023.017000
157881.219455	1025.063000
158106.651072	1028.037000
158144.449337	1028.514000
158549.592996	1033.223000
158561.227470	1033.317000
158930.355901	1037.998000
159036.198004	1038.358000
159556.060619	1042.983000
159737.376658	1043.457000
161687.862915	1038.358000
161728.327897	1037.998000
163104.569240	1033.317000
163111.981774	1033.223000
163694.819379	1028.514000
163735.858565	1028.037000
163971.523222	1025.063000
164126.611685	1023.017000
164188.889856	1022.122000
164403.594174	1019.081000
164460.596570	1018.260000
164577.701352	1016.486000
164763.111595	1013.694000
164820.138557	1012.790000
164921.987944	1011.069000
165088.352796	1008.312000
165095.395376	1008.185000
165204.487118	1006.265000
165315.720847	1004.241000
165383.741373	1002.951000
165385.138035	1002.924000
165388.582962	1002.858000
165394.426714	1002.746000
165398.538603	1002.667000
165399.560372	1002.646000
165407.972809	1002.484000
165409.782442	1002.449000
165411.125421	1002.423000
165413.139455	1002.384000
165415.351597	1002.341000
165420.453605	1002.242000
165422.713264	1002.198000
165423.277778	1002.187000
165459.091053	1001.484000
165491.283587	1000.847000
165623.631721	998.206000
165640.201333	997.855000
165774.385409	995.084000
165882.512258	992.804000
165960.454302	991.076000
166103.760639	987.924000
166154.152908	986.758000
166326.940756	982.771000
166351.469492	982.195000
166520.071825	978.083000
166567.596141	977.004000
166749.277676	972.451000
166762.856422	972.128000
166932.275994	967.924000
166952.279488	967.435000
167127.877435	962.959000
167167.222463	961.932000
167339.179826	957.434000
167340.958247	957.385000
167504.461347	952.884000
167531.061074	952.164000
167695.302085	947.704000
167718.041744	947.085000
167876.319267	942.662000
167892.875913	942.196000
168058.747441	937.516000
168062.554344	937.407000
168229.606718	932.622000
168247.905183	932.097000
168400.995189	927.604000
168414.422692	927.215000
168572.664544	922.408000
168578.573873	922.229000
168737.216134	917.470000
168741.954802	917.323000
168903.167824	912.361000
168908.117485	912.205000
169064.032379	907.335000
169070.576301	907.125000
169219.987590	902.359000
169225.130804	902.187000
169370.242574	897.393000
169376.714743	897.169000
169526.194380	892.142000
169529.297397	892.037000
169665.119527	887.323000
169683.432595	886.678000
169805.024605	882.547000
169816.171058	882.148000
169966.392555	877.046000
169975.443223	876.717000
170109.543430	872.022000
170124.401431	871.471000
170237.004315	867.425000
170262.642231	866.446000
170385.542703	861.959000
170396.981295	861.510000
170523.066726	856.878000
170553.904368	855.657000
170650.945134	852.137000
170672.903007	851.273000
170787.193596	847.005000
170820.406243	845.705000
170931.958133	841.453000
170957.661583	840.422000
171036.729175	837.345000
171076.939442	835.709000
171181.935054	831.612000
171214.669974	830.260000
171310.328526	826.486000
171350.980462	824.789000
171416.398085	822.142000
171454.485498	820.512000
171553.233725	816.435000
171602.515820	814.309000
171668.504408	811.571000
171707.318840	809.887000
171785.754497	806.688000
171839.036788	804.383000
171904.600229	801.682000
171954.401680	799.545000
172032.891591	796.300000
172087.595299	793.950000
172141.636330	791.687000
172200.071465	789.177000
172259.402008	786.666000
172322.314156	783.938000
172383.333112	781.338000
172446.341640	778.612000
172491.818899	776.646000
172561.880291	773.590000
172609.215496	771.533000
172675.774713	768.581000
172719.286114	766.695000
172799.763322	763.056000
172837.147447	761.437000
172906.446395	758.249000
172944.681017	756.568000
173024.655768	752.874000
173049.230106	751.774000
173133.415741	747.857000
173166.923524	746.330000
173244.051452	742.696000
173261.546146	741.883000
173358.760050	737.234000
173374.197968	736.508000
173455.699740	732.597000
173478.371089	731.529000
173572.224605	726.956000
173574.296824	726.860000
173672.370252	722.031000
173684.441873	721.468000
173781.179413	716.712000
173782.423541	716.654000
173882.131859	711.800000
173885.909440	711.622000
173991.068455	706.510000
173997.400974	706.200000
174093.435760	701.679000
174096.271048	701.538000
174203.288342	696.486000
174213.955416	695.965000
174313.191629	691.321000
174320.774319	690.946000
174412.513163	686.579000
174429.671346	685.713000
174518.078941	681.456000
174532.408733	680.725000
174625.112826	676.219000
174643.888398	675.264000
174725.186257	671.262000
174744.998678	670.252000
174822.768350	666.365000
174846.154393	665.158000
174925.530188	661.171000
174948.787557	659.955000
175028.654032	655.922000
175056.052722	654.497000
175118.481309	651.291000
175148.280144	649.733000
175222.980141	645.863000
175242.982909	644.808000
175324.296804	640.576000
175345.863562	639.443000
175415.182829	635.831000
175429.944201	635.066000
175519.158210	630.487000
175533.314885	629.762000
175620.856658	625.251000
175631.356076	624.711000
175718.142208	620.156000
175718.744235	620.125000
175819.560608	615.047000
175821.670739	614.938000
175918.763709	609.946000
175922.632217	609.742000
176007.828071	605.275000
176024.870318	604.365000
176103.120930	600.215000
176113.224070	599.676000
176201.380949	594.976000
176220.189103	593.970000
176288.448638	590.322000
176310.619914	589.133000
176381.148720	585.387000
176406.847600	584.004000
176480.996141	580.041000
176511.162033	578.414000
176563.704935	575.583000
176598.527933	573.708000
176658.836833	570.435000
176705.969416	567.944000
176756.232568	565.259000
176791.711217	563.398000
176845.562872	560.510000
176907.299441	557.222000
176942.852750	555.319000
176991.723659	552.740000
177035.252963	550.396000
177097.521835	547.207000
177134.530187	545.240000
177201.289492	541.860000
177231.150958	540.271000
177302.040583	536.643000
177324.086786	535.482000
177399.519421	531.621000
177427.491158	530.132000
177503.808962	526.200000
177518.517212	525.407000
177599.435537	521.262000
177616.827424	520.310000
177701.783926	515.951000
177719.082821	515.009000
177799.246434	510.905000
177804.367597	510.628000
177897.555179	505.892000
177913.974727	504.993000
177995.514989	500.816000
178005.586111	500.264000
178090.295534	495.899000
178096.852303	495.543000
178188.544653	490.828000
178203.463874	490.016000
178282.932548	485.881000
178297.354355	485.093000
178376.530512	481.018000
178383.578319	480.636000
178477.907936	475.799000
178494.974341	474.886000
178570.507303	471.035000
178584.782085	470.271000
178670.525977	465.863000
178679.453205	465.384000
178765.021775	460.935000
178778.439326	460.219000
178862.088417	455.775000
178874.283511	455.120000
178952.363150	450.952000
178961.418035	450.473000
179048.698461	445.844000
179063.883349	445.054000
179144.590516	440.736000
179152.959807	440.307000
179241.402110	435.603000
179244.712398	435.436000
179331.930217	430.860000
179345.021905	430.208000
179434.908543	425.527000
179441.186624	425.214000
179529.896503	420.606000
179532.702908	420.465000
179630.864647	415.453000
179636.597422	415.167000
179729.961743	410.461000
179731.248607	410.396000
179832.960810	405.327000
179836.968277	405.127000
179929.231946	400.448000
179929.450639	400.437000
180032.433860	395.342000
180041.059006	394.906000
180133.768256	390.217000
180136.542703	390.076000
180224.286200	385.599000
180236.859607	384.951000
180331.682938	380.081000
180333.853890	379.967000
180423.658018	375.273000
180432.924952	374.776000
180518.771918	370.228000
180531.057345	369.562000
180614.134288	365.127000
180624.165574	364.580000
180708.032400	360.144000
180719.636412	359.503000
180807.049623	355.093000
180821.058372	354.326000
180909.625799	349.919000
180922.817907	349.213000
181011.228725	344.932000
181027.443205	344.079000
181115.798839	339.886000
181134.016539	338.969000
181228.759592	334.400000
181243.098349	333.681000
181322.803273	329.779000
181345.093489	328.662000
181432.948871	324.327000
181452.173923	323.373000
181536.921119	319.214000
181556.434398	318.264000
181642.279693	314.026000
181664.796563	312.979000
181747.142645	309.113000
181772.274892	307.959000
181858.686264	303.864000
181889.242958	302.446000
181969.194462	298.680000
181987.575578	297.810000
182073.242822	293.920000
182112.931507	292.052000
182184.914374	288.916000
182222.372010	287.172000
182307.076398	283.681000
182343.481370	282.056000
182423.701346	278.949000
182475.041628	276.755000
182550.469519	274.037000
182613.159013	271.601000
182702.899997	268.793000
182760.905596	266.612000
182853.143748	263.996000
182930.967756	261.292000
183020.018698	259.101000
183108.747435	256.228000
183241.458482	253.907000
183352.461132	250.909000
183443.798653	249.006000
183571.310697	245.758000
183635.384853	244.176000
183790.195276	240.610000
183889.196704	238.619000
184012.454179	235.224000
184083.429306	233.968000
184234.746540	230.037000
184324.581266	228.921000
184493.915357	224.914000
184617.384332	223.869000
184836.579890	219.529000
185108.554101	224.914000
185581.989686	228.921000
185629.151364	230.037000
185945.585331	233.968000
185993.932939	235.224000
186185.780515	238.619000
186258.064943	240.610000
186435.382417	244.176000
186504.061635	245.758000
186635.612114	249.006000
186710.321295	250.909000
186854.215088	253.907000
186940.151429	256.228000
187104.424949	259.101000
187172.091034	261.292000
187281.992334	263.996000
187357.283607	266.612000
187434.183993	268.793000
187508.865204	271.601000
187586.717426	274.037000
187656.664078	276.755000
187717.550315	278.949000
187790.255081	282.056000
187832.211135	283.681000
187910.420217	287.172000
187952.736016	288.916000
188020.091031	292.052000
188062.968581	293.920000
188145.617929	297.810000
188164.777441	298.680000
188244.344435	302.446000
188274.448320	303.864000
188362.692087	307.959000
188387.043423	309.113000
188471.238629	312.979000
188493.539805	314.026000
188584.682586	318.264000
188603.925868	319.214000
188689.352947	323.373000
188708.792433	324.327000
188796.151555	328.662000
188818.789262	329.779000
188896.655351	333.681000
188911.342137	334.400000
189002.460048	338.969000
189021.475014	339.886000
189104.775797	344.079000
189122.750363	344.932000
189204.126901	349.213000
189218.707149	349.919000
189301.055051	354.326000
189316.469441	355.093000
189397.015184	359.503000
189409.720823	360.144000
189490.025655	364.580000
189500.367214	365.127000
189581.699484	369.562000
189594.175075	370.228000
189678.070150	374.776000
189687.451404	375.273000
189774.974516	379.967000
189777.155528	380.081000
189869.897110	384.951000
189882.514259	385.599000
189969.383307	390.076000
189972.146728	390.217000
190064.411847	394.906000
190073.032285	395.342000
190173.823845	400.437000
190174.046183	400.448000
190267.070311	405.127000
190271.014045	405.327000
190372.583301	410.396000
190373.887561	410.461000
190467.056514	415.167000
190472.730589	415.453000
190573.194471	420.465000
190575.956004	420.606000
190667.671725	425.214000
190673.697375	425.527000
190767.587774	430.208000
190780.107767	430.860000
190871.990532	435.436000
190875.173525	435.603000
190968.416624	440.307000
190976.482472	440.736000
191060.721628	445.054000
191075.487413	445.844000
191164.463171	450.473000
191173.494782	450.952000
191252.285513	455.120000
191264.555706	455.775000
191347.296160	460.219000
191360.773377	460.935000
191444.145838	465.384000
191453.358547	465.863000
191535.511409	470.271000
191550.372646	471.035000
191622.325766	474.886000
191640.233218	475.799000
191730.649647	480.636000
191738.099288	481.018000
191813.282048	485.093000
191828.592676	485.881000
191904.270563	490.016000
191919.876019	490.828000
192006.506716	495.543000
192013.429829	495.899000
192093.823927	500.264000
192104.536321	500.816000
192180.744796	504.993000
192198.294400	505.892000
192284.793823	510.628000
192290.244195	510.905000
192366.118756	515.009000
192384.518884	515.951000
192464.567590	520.310000
192483.121981	521.262000
192558.846111	525.407000
192574.326987	526.200000
192647.256165	530.132000
192676.156778	531.621000
192748.687923	535.482000
192771.370463	536.643000
192840.262474	540.271000
192871.310880	541.860000
192934.829919	545.240000
192973.680675	547.207000
193033.680488	550.396000
193079.449769	552.740000
193127.343145	555.319000
193163.404154	557.222000
193224.833097	560.510000
193279.059135	563.398000
193313.760634	565.259000
193364.948261	567.944000
193411.579736	570.435000
193473.508658	573.708000
193508.057753	575.583000
193560.635837	578.414000
193590.832694	580.041000
193664.309910	584.004000
193690.186123	585.387000
193759.794225	589.133000
193782.180437	590.322000
193850.204670	593.970000
193869.028435	594.976000
193956.899533	599.676000
193967.009439	600.215000
194044.797993	604.365000
194061.956561	605.275000
194145.613393	609.742000
194149.504137	609.946000
194244.168794	614.938000
194246.288813	615.047000
194344.593810	620.125000
194345.209271	620.156000
194433.668449	624.711000
194443.957035	625.251000
194531.666058	629.762000
194545.735619	630.487000
194635.147223	635.066000
194650.051944	635.831000
194719.748776	639.443000
194741.492611	640.576000
194822.049114	644.808000
194842.319946	645.863000
194915.695030	649.733000
194945.768052	651.291000
195007.087093	654.497000
195034.835295	655.922000
195112.378394	659.955000
195136.459136	661.171000
195212.715002	665.158000
195236.744744	666.365000
195312.056714	670.252000
195332.264424	671.262000
195410.768690	675.264000
195430.168854	676.219000
195518.758099	680.725000
195533.797312	681.456000
195617.247275	685.713000
195635.232001	686.579000
195721.756004	690.946000
195729.633738	691.321000
195823.537775	695.965000
195834.670865	696.486000
195938.106678	701.538000
195941.093503	701.679000
196032.003714	706.200000
196038.588714	706.510000
196143.014003	711.622000
196146.675643	711.800000
196249.688999	716.654000
196250.880405	716.712000
196352.898946	721.468000
196364.350425	722.031000
196467.891916	726.860000
196469.841605	726.956000
196568.552634	731.529000
196590.471627	732.597000
196673.493767	736.508000
196688.622964	737.234000
196787.480927	741.883000
196804.481337	742.696000
196882.680252	746.330000
196915.089263	747.857000
197001.042103	751.774000
197024.683716	752.874000
197107.208810	756.568000
197143.602301	758.249000
197216.113887	761.437000
197251.306796	763.056000
197335.334489	766.695000
197377.043753	768.581000
197445.148555	771.533000
197491.528064	773.590000
197561.852024	776.646000
197606.924242	778.612000
197669.981722	781.338000
197730.077897	783.938000
197794.100864	786.666000
197852.008636	789.177000
197911.315550	791.687000
197964.000296	793.950000
198020.118909	796.300000
198095.656583	799.545000
198147.346241	801.682000
198210.291359	804.383000
198266.242389	806.688000
198340.190351	809.887000
198381.480018	811.571000
198444.588044	814.309000
198495.826808	816.435000
198590.334382	820.512000
198629.814296	822.142000
198691.665450	824.789000
198733.604893	826.486000
198824.011733	830.260000
198858.280509	831.612000
198957.477970	835.709000
198999.404458	837.345000
199075.032203	840.422000
199101.525114	841.453000
199207.530030	845.705000
199241.635734	847.005000
199350.675410	851.273000
199373.812024	852.137000
199463.270027	855.657000
199496.931043	856.878000
199613.917086	861.510000
199626.139097	861.959000
199740.448591	866.446000
199767.263738	867.425000
199873.219824	871.471000
