0.000000	500.000000
16.270326	500.816000
94.319224	504.993000
112.356415	505.892000
200.949393	510.628000
206.553708	510.905000
284.311490	515.009000
303.223478	515.951000
385.231555	520.310000
404.299731	521.262000
481.857564	525.407000
497.768581	526.200000
572.519981	530.132000
602.214021	531.621000
676.605922	535.482000
699.919722	536.643000
770.619022	540.271000
802.531743	541.860000
867.681600	545.240000
907.638382	547.207000
969.182399	550.396000
1016.223967	552.740000
1065.317079	555.319000
1102.320032	557.222000
1165.307097	560.510000
1220.922861	563.398000
1256.501035	565.259000
1309.042570	567.944000
1356.861719	570.435000
1420.403254	573.708000
1455.803948	575.583000
1509.699376	578.414000
1540.651768	580.041000
1615.963508	584.004000
1642.498058	585.387000
1713.852080	589.133000
1736.815276	590.322000
1806.558084	593.970000
1825.860827	594.976000
1915.964007	599.676000
1926.332455	600.215000
2006.107552	604.365000
2023.709721	605.275000
2109.499069	609.742000
2113.492812	609.946000
2210.633903	614.938000
2212.812376	615.047000
2313.801659	620.125000
2314.434830	620.156000
2405.325347	624.711000
2415.885729	625.251000
2506.011442	629.762000
2520.467133	630.487000
2612.364268	635.066000
2627.681421	635.831000
2699.268515	639.443000
2721.595456	640.576000
2804.275907	644.808000
2825.091678	645.863000
2900.385567	649.733000
2931.274768	651.291000
2994.226663	654.497000
3022.741801	655.922000
3102.372432	659.955000
3127.142478	661.171000
3205.428900	665.158000
3230.154130	666.365000
3307.526153	670.252000
3328.324804	671.262000
3409.032312	675.264000
3429.018082	676.219000
3520.105226	680.725000
3535.610582	681.456000
3621.399298	685.713000
3639.952512	686.579000
3728.955816	690.946000
3737.088613	691.321000
3833.799970	695.965000
3845.306639	696.486000
3951.916251	701.538000
3955.001485	701.679000
4048.598200	706.200000
4055.401426	706.510000
4163.015619	711.622000
4166.790724	711.800000
4273.211338	716.654000
4274.439551	716.712000
4379.908953	721.468000
4391.707018	722.031000
4498.747839	726.860000
4500.756351	726.956000
4602.850658	731.529000
4625.445585	732.597000
4711.215245	736.508000
4726.826119	737.234000
4828.967471	741.883000
4846.513031	742.696000
4927.374765	746.330000
4960.855903	747.857000
5049.858329	751.774000
5074.302919	752.874000
5159.868566	756.568000
5197.517242	758.249000
5272.803624	761.437000
5309.220643	763.056000
5396.568017	766.695000
5439.781581	768.581000
5510.572035	771.533000
5558.693887	773.590000
5631.776037	776.646000
5678.602112	778.612000
5744.160174	781.338000
5806.635585	783.938000
5873.276409	786.666000
5933.465818	789.177000
5995.232834	791.687000
6050.035433	793.950000
6108.534941	796.300000
6187.108363	799.545000
6241.051555	801.682000
6306.532382	804.383000
6364.941196	806.688000
6441.817341	809.887000
6484.960009	811.571000
6550.551675	814.309000
6604.007260	816.435000
6702.279342	820.512000
6743.485459	822.142000
6807.842349	824.789000
6851.696057	826.486000
6945.964131	830.260000
6981.884002	831.612000
7085.415455	835.709000
7129.410291	837.345000
7208.449687	840.422000
7236.257122	841.453000
7347.191598	845.705000
7383.066831	847.005000
7497.450084	851.273000
7521.841426	852.137000
7615.634217	855.657000
7651.239476	856.878000
7773.818868	861.510000
7786.727618	861.959000
7906.604896	866.446000
7934.947221	867.425000
8046.379361	871.471000
8062.618218	872.022000
8196.191364	876.717000
8206.174732	877.046000
8354.598134	882.148000
8367.129773	882.547000
8489.393861	886.678000
8509.644250	887.323000
8651.728949	892.037000
8654.946675	892.142000
8813.497581	897.169000
8820.612348	897.393000
8967.992615	902.187000
8973.568115	902.359000
9125.918862	907.125000
9133.006885	907.335000
9296.241412	912.205000
9301.637108	912.361000
9471.471690	917.323000
9476.644300	917.470000
9642.572670	922.229000
9649.064895	922.408000
9821.422680	927.215000
9835.323711	927.604000
10005.194389	932.097000
10024.737736	932.622000
10207.768239	937.407000
10211.945867	937.516000
10391.402552	942.196000
10409.591744	942.662000
10582.745167	947.085000
10607.190339	947.704000
10789.072178	952.164000
10818.522206	952.884000
11003.358781	957.385000
11005.329650	957.434000
11186.054232	961.932000
11230.064720	962.959000
11422.387125	967.435000
11444.039067	967.924000
11640.495883	972.128000
11655.299527	972.451000
11875.851127	977.004000
11924.677951	978.083000
12136.789312	982.195000
12163.788470	982.771000
12360.268750	986.758000
12419.102778	987.924000
12577.551668	991.076000
12670.703359	992.804000
12792.250927	995.084000
12950.922272	997.855000
12971.648196	998.206000
13121.869159	1000.847000
13161.484402	1001.484000
13205.778915	1002.187000
13206.480708	1002.198000
13209.320567	1002.242000
13215.717446	1002.341000
13218.511310	1002.384000
13221.038236	1002.423000
13222.733107	1002.449000
13225.015446	1002.484000
13235.595973	1002.646000
13236.977076	1002.667000
13241.675120	1002.746000
13249.068492	1002.858000
13253.442454	1002.924000
13255.232881	1002.951000
13339.548776	1004.241000
13475.998372	1006.265000
13614.758899	1008.185000
13624.495820	1008.312000
13826.887850	1011.069000
13975.005419	1012.790000
14049.847378	1013.694000
14314.059622	1016.486000
14504.101535	1018.260000
14590.706873	1019.081000
14959.954761	1022.122000
15074.554511	1023.017000
15324.684195	1025.063000
15831.537709	1028.037000
15939.159821	1028.514000
16717.784364	1025.063000
17066.480494	1023.017000
17175.896949	1022.122000
17565.280008	1019.081000
17664.968438	1018.260000
17852.103480	1016.486000
18151.199884	1013.694000
18236.747115	1012.790000
18379.228322	1011.069000
18616.509054	1008.312000
18625.832154	1008.185000
18773.035989	1006.265000
18919.312712	1004.241000
19006.279105	1002.951000
19008.043856	1002.924000
19012.420456	1002.858000
19019.842937	1002.746000
19025.057905	1002.667000
19026.306752	1002.646000
19036.960969	1002.484000
19039.246886	1002.449000
19040.942338	1002.423000
19043.484643	1002.384000
19046.270741	1002.341000
19052.703126	1002.242000
19055.546183	1002.198000
19056.256148	1002.187000
19101.107105	1001.484000
19141.243100	1000.847000
19305.487777	998.206000
19325.452774	997.855000
19489.075381	995.084000
19619.631378	992.804000
19711.751640	991.076000
19881.667225	987.924000
19940.281249	986.758000
20141.457295	982.771000
20169.842708	982.195000
20362.586701	978.083000
20418.245300	977.004000
20624.277298	972.451000
20639.923722	972.128000
20832.600241	967.924000
20855.451664	967.435000
21053.639986	962.959000
21097.767580	961.932000
21290.522376	957.434000
21292.491141	957.385000
21473.529517	952.884000
21503.096798	952.164000
21685.523360	947.704000
21710.766602	947.085000
21885.437029	942.662000
21903.680189	942.196000
22086.352766	937.516000
22090.532420	937.407000
22273.926458	932.622000
22294.008175	932.097000
22461.262000	927.604000
22475.969254	927.215000
22647.748836	922.408000
22654.166985	922.229000
22826.773106	917.470000
22831.898442	917.323000
23006.500397	912.361000
23011.839815	912.205000
23180.282384	907.335000
23187.321244	907.125000
23348.185613	902.359000
23353.683793	902.187000
23509.084653	897.393000
23515.971006	897.169000
23675.640367	892.142000
23678.952053	892.037000
23823.412659	887.323000
23842.853607	886.678000
23972.550287	882.547000
23984.359382	882.148000
24144.601037	877.046000
24154.172048	876.717000
24296.639860	872.022000
24312.315856	871.471000
24431.557993	867.425000
24458.520936	866.446000
24588.420848	861.959000
24600.416591	861.510000
24733.586587	856.878000
24765.898642	855.657000
24868.544432	852.137000
24891.566299	851.273000
25012.055010	847.005000
25046.895270	845.705000
25164.234878	841.453000
25191.133619	840.422000
25274.124382	837.345000
25316.148578	835.709000
25426.323909	831.612000
25460.489035	830.260000
25560.756484	826.486000
25603.144646	824.789000
25671.548161	822.142000
25711.178585	820.512000
25814.244437	816.435000
25865.489579	814.309000
25934.333132	811.571000
25974.675121	809.887000
26056.630818	806.688000
26112.022976	804.383000
26180.466450	801.682000
26232.274124	799.545000
26314.185990	796.300000
26371.088160	793.950000
26427.421942	791.687000
26488.206088	789.177000
26549.997712	786.666000
26615.388676	783.938000
26678.902658	781.338000
26744.405722	778.612000
26791.686408	776.646000
26864.474041	773.590000
26913.665789	771.533000
26982.725442	768.581000
27027.952677	766.695000
27111.332401	763.056000
27150.193461	761.437000
27221.902823	758.249000
27261.600567	756.568000
27344.333589	752.874000
27369.813343	751.774000
27456.858305	747.857000
27491.554936	746.330000
27571.234344	742.696000
27589.324765	741.883000
27689.656020	737.234000
27705.606681	736.508000
27789.703278	732.597000
27813.124908	731.529000
27909.872663	726.956000
27912.015906	726.860000
28013.048209	722.031000
28025.527808	721.468000
28125.193174	716.712000
28126.479386	716.654000
28229.268150	711.800000
28233.170678	711.622000
28341.588303	706.510000
28348.114202	706.200000
28447.331565	701.679000
28450.250640	701.538000
28560.793935	696.486000
28571.788315	695.965000
28674.354478	691.321000
28682.163858	690.946000
28776.872993	686.579000
28794.522835	685.713000
28885.724952	681.456000
28900.456348	680.725000
28996.033823	676.219000
29015.338799	675.264000
29099.090685	671.262000
29119.459147	670.252000
29199.503064	666.365000
29223.528799	665.158000
29305.201952	661.171000
29329.078623	659.955000
29411.231251	655.922000
29439.367539	654.497000
29503.521597	651.291000
29534.113940	649.733000
29610.841289	645.863000
29631.367142	644.808000
29714.866990	640.576000
29737.002376	639.443000
29808.180584	635.831000
29823.342302	635.066000
29915.024970	630.487000
29929.575183	629.762000
30019.519491	625.251000
30030.308204	624.711000
30119.386986	620.156000
30120.005560	620.125000
30223.723054	615.047000
30225.890804	614.938000
30325.660839	609.946000
30329.630548	609.742000
30417.081782	605.275000
30434.558457	604.365000
30514.832084	600.215000
30525.193235	599.676000
30615.604565	594.976000
30634.890479	593.970000
30704.886909	590.322000
30727.618324	589.133000
30799.964945	585.387000
30826.308408	584.004000
30902.343422	580.041000
30933.262473	578.414000
30987.120015	575.583000
31022.815504	573.708000
31084.610955	570.435000
31132.970858	567.944000
31184.514180	565.259000
31220.931236	563.398000
31276.143361	560.510000
31339.462141	557.222000
31375.917246	555.319000
31426.064705	552.740000
31470.684424	550.396000
31534.684236	547.207000
31572.645065	545.240000
31641.304912	541.860000
31671.933056	540.271000
31744.796082	536.643000
31767.420637	535.482000
31844.952577	531.621000
31873.641917	530.132000
31952.054921	526.200000
31967.130674	525.407000
32050.297341	521.262000
32068.110382	520.310000
32155.419392	515.951000
32173.141715	515.009000
32255.535342	510.905000
32260.783613	510.628000
32356.603241	505.892000
32373.420193	504.993000
32457.225918	500.816000
32467.540257	500.264000
32554.574536	495.899000
32561.292773	495.543000
32655.512534	490.828000
32670.797323	490.016000
32752.403380	485.881000
32767.175725	485.093000
32848.530284	481.018000
32855.752272	480.636000
32952.697225	475.799000
32970.196987	474.886000
33047.849261	471.035000
33062.486177	470.271000
33150.594763	465.863000
33159.747285	465.384000
33247.620950	460.935000
33261.380979	460.219000
33347.184901	455.775000
33359.687118	455.120000
33439.758287	450.952000
33449.048509	450.473000
33538.585291	445.844000
33554.178716	445.054000
33636.934826	440.736000
33645.536337	440.307000
33736.251578	435.603000
33739.656811	435.436000
33829.180415	430.860000
33842.657809	430.208000
33934.957830	425.527000
33941.420462	425.214000
34032.524719	420.606000
34035.412307	420.465000
34136.319957	415.453000
34142.221026	415.167000
34238.268044	410.461000
34239.591724	410.396000
34344.296295	405.327000
34348.421316	405.127000
34443.302586	400.448000
34443.527591	400.437000
34549.587050	395.342000
34558.458549	394.906000
34653.812768	390.217000
34656.665582	390.076000
34746.867047	385.599000
34759.785418	384.951000
34857.229159	380.081000
34859.457403	379.967000
34951.654295	375.273000
34961.155317	374.776000
35049.226617	370.228000
35061.815560	369.562000
35147.011262	365.127000
35157.287387	364.580000
35243.334451	360.144000
35255.214217	359.503000
35345.134430	355.093000
35359.482239	354.326000
35450.663834	349.919000
35464.190664	349.213000
35555.363666	344.932000
35572.004431	344.079000
35663.239347	339.886000
35681.982004	338.969000
35779.710344	334.400000
35794.465581	333.681000
35876.604309	329.779000
35899.542827	328.662000
35990.037182	324.327000
36009.832929	323.373000
36097.154728	319.214000
36117.270788	318.264000
36205.691910	314.026000
36228.974578	312.979000
36314.065276	309.113000
36340.075157	307.959000
36429.310717	303.864000
36460.911017	302.446000
36543.508935	298.680000
36562.492356	297.810000
36651.222087	293.920000
36692.226656	292.052000
36767.017737	288.916000
36805.745820	287.172000
36894.167750	283.681000
36931.921981	282.056000
37016.163289	278.949000
37069.589869	276.755000
37149.437531	274.037000
37215.247511	271.601000
37312.170681	268.793000
37373.275814	266.612000
37474.745410	263.996000
37557.507304	261.292000
37659.038443	259.101000
37754.345418	256.228000
37934.360847	253.907000
38057.811524	250.909000
38168.713746	249.006000
38312.657760	245.758000
38385.635457	244.176000
38565.991675	240.610000
38688.343991	238.619000
38824.803239	235.224000
38920.149714	233.968000
39090.069671	230.037000
39380.985175	228.921000
39576.440665	224.914000
39826.332972	230.037000
40851.054161	233.968000
40905.345554	235.224000
41163.069506	238.619000
41243.096122	240.610000
41462.236433	244.176000
41542.248641	245.758000
41692.078957	249.006000
41776.415614	250.909000
41951.131778	253.907000
42046.705168	256.228000
42269.533400	259.101000
42342.216164	261.292000
42467.519770	263.996000
42547.588229	266.612000
42632.185015	268.793000
42710.856822	271.601000
42794.939743	274.037000
42868.368120	276.755000
42932.822046	278.949000
43008.481291	282.056000
43052.540552	283.681000
43133.648257	287.172000
43177.821230	288.916000
43247.460718	292.052000
43292.011018	293.920000
43377.400618	297.810000
43397.245057	298.680000
43479.419269	302.446000
43510.519600	303.864000
43601.777167	307.959000
43626.924380	309.113000
43714.059735	312.979000
43737.104215	314.026000
43831.346764	318.264000
43851.167450	319.214000
43939.233445	323.373000
43959.263499	324.327000
44049.215872	328.662000
44072.533564	329.779000
44152.664358	333.681000
44167.799608	334.400000
44261.564110	338.969000
44281.178224	339.886000
44366.879382	344.079000
44385.439693	344.932000
44468.955652	349.213000
44483.991424	349.919000
44568.428729	354.326000
44584.298092	355.093000
44666.793315	359.503000
44679.863350	360.144000
44762.076517	364.580000
44772.686919	365.127000
44856.004317	369.562000
44868.798080	370.228000
44954.765820	374.776000
44964.390146	375.273000
45054.124147	379.967000
45056.363271	380.081000
45151.552298	384.951000
45164.518119	385.599000
45253.770503	390.076000
45256.611335	390.217000
45351.482583	394.906000
45360.348959	395.342000
45464.019342	400.437000
45464.248323	400.448000
45559.957104	405.127000
45564.012726	405.327000
45668.561399	410.396000
45669.904031	410.461000
45765.738421	415.167000
45771.575532	415.453000
45874.988656	420.465000
45877.827438	420.606000
45972.196263	425.214000
45978.384551	425.527000
46075.034973	430.208000
46087.891117	430.860000
46182.480928	435.436000
46185.748070	435.603000
46281.665512	440.307000
46289.938650	440.736000
46376.515160	445.054000
46391.655811	445.844000
46483.025387	450.473000
46492.290480	450.952000
46573.128988	455.120000
46585.712149	455.775000
46670.536354	460.219000
46684.360749	460.935000
46769.861263	465.384000
46779.322150	465.863000
46863.548282	470.271000
46878.819370	471.035000
46952.597857	474.886000
46971.007757	475.799000
47063.720082	480.636000
47071.376268	481.018000
47148.417111	485.093000
47164.148986	485.881000
47241.666305	490.016000
47257.691484	490.828000
47346.444911	495.543000
47353.558852	495.899000
47435.932736	500.264000
47446.939133	500.816000
47524.988031	504.993000
47543.025222	505.892000
47631.618200	510.628000
47637.222515	510.905000
47714.980298	515.009000
47733.892285	515.951000
47815.900362	520.310000
47834.968538	521.262000
47912.526371	525.407000
47928.437388	526.200000
48003.188789	530.132000
48032.882828	531.621000
48107.274729	535.482000
48130.588530	536.643000
48201.287830	540.271000
48233.200550	541.860000
48298.350408	545.240000
48338.307189	547.207000
48399.851206	550.396000
48446.892774	552.740000
48495.985886	555.319000
48532.988839	557.222000
48595.975904	560.510000
48651.591669	563.398000
48687.169842	565.259000
48739.711377	567.944000
48787.530526	570.435000
48851.072061	573.708000
48886.472755	575.583000
48940.368183	578.414000
48971.320575	580.041000
49046.632315	584.004000
49073.166865	585.387000
49144.520887	589.133000
49167.484083	590.322000
49237.226891	593.970000
49256.529635	594.976000
49346.632814	599.676000
49357.001262	600.215000
49436.776360	604.365000
49454.378528	605.275000
49540.167876	609.742000
49544.161619	609.946000
49641.302711	614.938000
49643.481183	615.047000
49744.470466	620.125000
49745.103637	620.156000
49835.994154	624.711000
49846.554536	625.251000
49936.680249	629.762000
49951.135940	630.487000
50043.033076	635.066000
50058.350228	635.831000
50129.937322	639.443000
50152.264263	640.576000
50234.944715	644.808000
50255.760485	645.863000
50331.054374	649.733000
50361.943576	651.291000
50424.895470	654.497000
50453.410608	655.922000
50533.041239	659.955000
50557.811285	661.171000
50636.097707	665.158000
50660.822938	666.365000
50738.194961	670.252000
50758.993612	671.262000
50839.701119	675.264000
50859.686889	676.219000
50950.774033	680.725000
50966.279389	681.456000
51052.068105	685.713000
51070.621319	686.579000
51159.624623	690.946000
51167.757420	691.321000
51264.468777	695.965000
51275.975446	696.486000
51382.585058	701.538000
51385.670293	701.679000
51479.267008	706.200000
51486.070233	706.510000
51593.684426	711.622000
51597.459531	711.800000
51703.880145	716.654000
51705.108359	716.712000
51810.577760	721.468000
51822.375826	722.031000
51929.416647	726.860000
51931.425158	726.956000
52033.519465	731.529000
52056.114392	732.597000
52141.884052	736.508000
52157.494927	737.234000
52259.636278	741.883000
52277.181838	742.696000
52358.043572	746.330000
52391.524711	747.857000
52480.527137	751.774000
52504.971726	752.874000
52590.537373	756.568000
52628.186049	758.249000
52703.472431	761.437000
52739.889450	763.056000
52827.236824	766.695000
52870.450388	768.581000
52941.240843	771.533000
52989.362694	773.590000
53062.444844	776.646000
53109.270919	778.612000
53174.828982	781.338000
53237.304392	783.938000
53303.945216	786.666000
53364.134625	789.177000
53425.901641	791.687000
53480.704240	793.950000
53539.203748	796.300000
53617.777170	799.545000
53671.720362	801.682000
53737.201189	804.383000
53795.610004	806.688000
53872.486148	809.887000
53915.628816	811.571000
53981.220482	814.309000
54034.676067	816.435000
54132.948150	820.512000
54174.154266	822.142000
54238.511156	824.789000
54282.364864	826.486000
54376.632939	830.260000
54412.552809	831.612000
54516.084263	835.709000
54560.079098	837.345000
54639.118494	840.422000
54666.925929	841.453000
54777.860405	845.705000
54813.735638	847.005000
54928.118891	851.273000
54952.510233	852.137000
55046.303024	855.657000
55081.908283	856.878000
55204.487676	861.510000
55217.396425	861.959000
55337.273703	866.446000
55365.616028	867.425000
55477.048168	871.471000
55493.287025	872.022000
55626.860171	876.717000
55636.843539	877.046000
55785.266942	882.148000
55797.798580	882.547000
55920.062668	886.678000
55940.313058	887.323000
56082.397756	892.037000
56085.615483	892.142000
56244.166388	897.169000
56251.281156	897.393000
56398.661422	902.187000
56404.236922	902.359000
56556.587670	907.125000
56563.675693	907.335000
56726.910219	912.205000
56732.305915	912.361000
56902.140498	917.323000
56907.313107	917.470000
57073.241478	922.229000
57079.733702	922.408000
57252.091487	927.215000
57265.992518	927.604000
57435.863196	932.097000
57455.406543	932.622000
57638.437047	937.407000
57642.614675	937.516000
57822.071359	942.196000
57840.260552	942.662000
58013.413975	947.085000
58037.859146	947.704000
58219.740985	952.164000
58249.191013	952.884000
58434.027588	957.385000
58435.998457	957.434000
58616.723039	961.932000
58660.733528	962.959000
58853.055933	967.435000
58874.707874	967.924000
59071.164691	972.128000
59085.968334	972.451000
59306.519935	977.004000
59355.346758	978.083000
59567.458119	982.195000
59594.457277	982.771000
59790.937558	986.758000
59849.771586	987.924000
60008.220475	991.076000
60101.372166	992.804000
60222.919735	995.084000
60381.591080	997.855000
60402.317004	998.206000
60552.537966	1000.847000
60592.153210	1001.484000
60636.447722	1002.187000
60637.149515	1002.198000
60639.989375	1002.242000
60646.386254	1002.341000
60649.180117	1002.384000
60651.707044	1002.423000
60653.401914	1002.449000
60655.684253	1002.484000
60666.264781	1002.646000
60667.645883	1002.667000
60672.343927	1002.746000
60679.737299	1002.858000
60684.111261	1002.924000
60685.901689	1002.951000
60770.217583	1004.241000
60906.667179	1006.265000
61045.427707	1008.185000
61055.164627	1008.312000
61257.556657	1011.069000
61405.674227	1012.790000
61480.516186	1013.694000
61744.728430	1016.486000
61934.770343	1018.260000
62021.375681	1019.081000
62390.623568	1022.122000
62505.223318	1023.017000
62755.353002	1025.063000
63262.206516	1028.037000
63369.828628	1028.514000
64148.453172	1025.063000
64497.149301	1023.017000
64606.565756	1022.122000
64995.948816	1019.081000
65095.637246	1018.260000
65282.772288	1016.486000
65581.868692	1013.694000
65667.415923	1012.790000
65809.897130	1011.069000
66047.177861	1008.312000
66056.500962	1008.185000
66203.704797	1006.265000
66349.981519	1004.241000
66436.947912	1002.951000
66438.712663	1002.924000
66443.089264	1002.858000
66450.511744	1002.746000
66455.726712	1002.667000
66456.975559	1002.646000
66467.629777	1002.484000
66469.915693	1002.449000
66471.611145	1002.423000
66474.153451	1002.384000
66476.939549	1002.341000
66483.371933	1002.242000
66486.214990	1002.198000
66486.924955	1002.187000
66531.775913	1001.484000
66571.911908	1000.847000
66736.156585	998.206000
66756.121582	997.855000
66919.744189	995.084000
67050.300186	992.804000
67142.420448	991.076000
67312.336032	987.924000
67370.950057	986.758000
67572.126103	982.771000
67600.511516	982.195000
67793.255509	978.083000
67848.914108	977.004000
68054.946105	972.451000
68070.592529	972.128000
68263.269048	967.924000
68286.120472	967.435000
68484.308794	962.959000
68528.436387	961.932000
68721.191184	957.434000
68723.159948	957.385000
68904.198324	952.884000
68933.765606	952.164000
69116.192167	947.704000
69141.435409	947.085000
69316.105837	942.662000
69334.348996	942.196000
69517.021574	937.516000
69521.201227	937.407000
69704.595265	932.622000
69724.676982	932.097000
69891.930807	927.604000
69906.638062	927.215000
70078.417644	922.408000
70084.835793	922.229000
70257.441914	917.470000
70262.567249	917.323000
70437.169204	912.361000
70442.508623	912.205000
70610.951191	907.335000
70617.990052	907.125000
70778.854420	902.359000
70784.352601	902.187000
70939.753460	897.393000
70946.639814	897.169000
71106.309175	892.142000
71109.620861	892.037000
71254.081466	887.323000
71273.522415	886.678000
71403.219095	882.547000
71415.028190	882.148000
71575.269845	877.046000
71584.840856	876.717000
71727.308667	872.022000
71742.984663	871.471000
71862.226801	867.425000
71889.189743	866.446000
72019.089655	861.959000
72031.085398	861.510000
72164.255395	856.878000
72196.567450	855.657000
72299.213240	852.137000
72322.235107	851.273000
72442.723818	847.005000
72477.564078	845.705000
72594.903685	841.453000
72621.802426	840.422000
72704.793189	837.345000
72746.817386	835.709000
72856.992716	831.612000
72891.157843	830.260000
72991.425292	826.486000
73033.813454	824.789000
73102.216969	822.142000
73141.847392	820.512000
73244.913244	816.435000
73296.158387	814.309000
73365.001939	811.571000
73405.343928	809.887000
73487.299625	806.688000
73542.691783	804.383000
73611.135257	801.682000
73662.942931	799.545000
73744.854797	796.300000
73801.756968	793.950000
73858.090749	791.687000
73918.874896	789.177000
73980.666520	786.666000
74046.057483	783.938000
74109.571465	781.338000
74175.074530	778.612000
74222.355216	776.646000
74295.142848	773.590000
74344.334597	771.533000
74413.394249	768.581000
74458.621484	766.695000
74542.001208	763.056000
74580.862268	761.437000
74652.571630	758.249000
74692.269374	756.568000
74775.002396	752.874000
74800.482150	751.774000
74887.527112	747.857000
74922.223743	746.330000
75001.903152	742.696000
75019.993573	741.883000
75120.324828	737.234000
75136.275489	736.508000
75220.372085	732.597000
75243.793716	731.529000
75340.541470	726.956000
75342.684714	726.860000
75443.717017	722.031000
75456.196615	721.468000
75555.861982	716.712000
75557.148194	716.654000
75659.936958	711.800000
75663.839485	711.622000
75772.257110	706.510000
75778.783010	706.200000
75878.000372	701.679000
75880.919447	701.538000
75991.462742	696.486000
76002.457122	695.965000
76105.023286	691.321000
76112.832665	690.946000
76207.541800	686.579000
76225.191643	685.713000
76316.393760	681.456000
76331.125156	680.725000
76426.702631	676.219000
76446.007607	675.264000
76529.759493	671.262000
76550.127954	670.252000
76630.171871	666.365000
76654.197606	665.158000
76735.870759	661.171000
76759.747431	659.955000
76841.900058	655.922000
76870.036346	654.497000
76934.190404	651.291000
76964.782747	649.733000
77041.510096	645.863000
77062.035950	644.808000
77145.535798	640.576000
77167.671183	639.443000
77238.849391	635.831000
77254.011110	635.066000
77345.693778	630.487000
77360.243990	629.762000
77450.188298	625.251000
77460.977011	624.711000
77550.055794	620.156000
77550.674368	620.125000
77654.391862	615.047000
77656.559611	614.938000
77756.329647	609.946000
77760.299355	609.742000
77847.750589	605.275000
77865.227264	604.365000
77945.500891	600.215000
77955.862043	599.676000
78046.273372	594.976000
78065.559287	593.970000
78135.555717	590.322000
78158.287131	589.133000
78230.633752	585.387000
78256.977215	584.004000
78333.012229	580.041000
78363.931281	578.414000
78417.788823	575.583000
78453.484311	573.708000
78515.279762	570.435000
78563.639666	567.944000
78615.182987	565.259000
78651.600044	563.398000
78706.812169	560.510000
78770.130948	557.222000
78806.586053	555.319000
78856.733513	552.740000
78901.353231	550.396000
78965.353044	547.207000
79003.313872	545.240000
79071.973720	541.860000
79102.601863	540.271000
79175.464889	536.643000
79198.089445	535.482000
79275.621385	531.621000
79304.310725	530.132000
79382.723729	526.200000
79397.799482	525.407000
79480.966148	521.262000
79498.779190	520.310000
79586.088199	515.951000
79603.810523	515.009000
79686.204149	510.905000
79691.452421	510.628000
79787.272048	505.892000
79804.089001	504.993000
79887.894726	500.816000
79898.209064	500.264000
79985.243344	495.899000
79991.961580	495.543000
80086.181341	490.828000
80101.466131	490.016000
80183.072187	485.881000
80197.844533	485.093000
80279.199091	481.018000
80286.421079	480.636000
80383.366032	475.799000
80400.865795	474.886000
80478.518069	471.035000
80493.154985	470.271000
80581.263570	465.863000
80590.416092	465.384000
80678.289758	460.935000
80692.049786	460.219000
80777.853708	455.775000
80790.355926	455.120000
80870.427095	450.952000
80879.717317	450.473000
80969.254098	445.844000
80984.847523	445.054000
81067.603634	440.736000
81076.205145	440.307000
81166.920386	435.603000
81170.325618	435.436000
81259.849222	430.860000
81273.326617	430.208000
81365.626637	425.527000
81372.089270	425.214000
81463.193526	420.606000
81466.081114	420.465000
81566.988765	415.453000
81572.889833	415.167000
81668.936852	410.461000
81670.260531	410.396000
81774.965102	405.327000
81779.090124	405.127000
81873.971394	400.448000
81874.196399	400.437000
81980.255858	395.342000
81989.127357	394.906000
82084.481575	390.217000
82087.334390	390.076000
82177.535855	385.599000
82190.454225	384.951000
82287.897967	380.081000
82290.126211	379.967000
82382.323103	375.273000
82391.824125	374.776000
82479.895424	370.228000
82492.484368	369.562000
82577.680069	365.127000
82587.956195	364.580000
82674.003259	360.144000
82685.883024	359.503000
82775.803238	355.093000
82790.151046	354.326000
82881.332642	349.919000
82894.859471	349.213000
82986.032474	344.932000
83002.673238	344.079000
83093.908155	339.886000
83112.650812	338.969000
83210.379151	334.400000
83225.134388	333.681000
83307.273117	329.779000
83330.211634	328.662000
83420.705990	324.327000
83440.501737	323.373000
83527.823535	319.214000
83547.939596	318.264000
83636.360717	314.026000
83659.643386	312.979000
83744.734084	309.113000
83770.743965	307.959000
83859.979524	303.864000
83891.579824	302.446000
83974.177742	298.680000
83993.161163	297.810000
84081.890894	293.920000
84122.895463	292.052000
84197.686544	288.916000
84236.414627	287.172000
84324.836558	283.681000
84362.590789	282.056000
84446.832096	278.949000
84500.258677	276.755000
84580.106339	274.037000
84645.916319	271.601000
84742.839488	268.793000
84803.944621	266.612000
84905.414218	263.996000
84988.176112	261.292000
85089.707251	259.101000
85185.014225	256.228000
85365.029654	253.907000
85488.480332	250.909000
85599.382554	249.006000
85743.326568	245.758000
85816.304265	244.176000
85996.660483	240.610000
86119.012799	238.619000
86255.472046	235.224000
86350.818522	233.968000
86520.738479	230.037000
86811.653983	228.921000
87007.109473	224.914000
87257.001780	230.037000
88281.722968	233.968000
88336.014361	235.224000
88593.738313	238.619000
88673.764929	240.610000
88892.905240	244.176000
88972.917449	245.758000
89122.747765	249.006000
89207.084421	250.909000
89381.800585	253.907000
89477.373975	256.228000
89700.202207	259.101000
89772.884972	261.292000
89898.188577	263.996000
89978.257037	266.612000
90062.853822	268.793000
90141.525630	271.601000
90225.608550	274.037000
90299.036927	276.755000
90363.490853	278.949000
90439.150099	282.056000
90483.209360	283.681000
90564.317065	287.172000
90608.490037	288.916000
90678.129526	292.052000
90722.679825	293.920000
90808.069426	297.810000
90827.913864	298.680000
90910.088076	302.446000
90941.188408	303.864000
91032.445974	307.959000
91057.593187	309.113000
91144.728543	312.979000
91167.773023	314.026000
91262.015572	318.264000
91281.836257	319.214000
91369.902252	323.373000
91389.932306	324.327000
91479.884679	328.662000
91503.202371	329.779000
91583.333165	333.681000
91598.468415	334.400000
91692.232918	338.969000
91711.847032	339.886000
91797.548189	344.079000
91816.108500	344.932000
91899.624459	349.213000
91914.660231	349.919000
91999.097536	354.326000
92014.966899	355.093000
92097.462122	359.503000
92110.532158	360.144000
92192.745325	364.580000
92203.355727	365.127000
92286.673125	369.562000
92299.466887	370.228000
92385.434627	374.776000
92395.058954	375.273000
92484.792955	379.967000
92487.032078	380.081000
92582.221106	384.951000
92595.186926	385.599000
92684.439310	390.076000
92687.280143	390.217000
92782.151390	394.906000
92791.017767	395.342000
92894.688150	400.437000
92894.917130	400.448000
92990.625912	405.127000
92994.681533	405.327000
93099.230207	410.396000
93100.572838	410.461000
93196.407228	415.167000
93202.244340	415.453000
93305.657463	420.465000
93308.496246	420.606000
93402.865070	425.214000
93409.053359	425.527000
93505.703780	430.208000
93518.559925	430.860000
93613.149736	435.436000
93616.416878	435.603000
93712.334320	440.307000
93720.607457	440.736000
93807.183968	445.054000
93822.324618	445.844000
93913.694194	450.473000
93922.959288	450.952000
94003.797796	455.120000
94016.380957	455.775000
94101.205162	460.219000
94115.029556	460.935000
94200.530071	465.384000
94209.990958	465.863000
94294.217089	470.271000
94309.488178	471.035000
94383.266664	474.886000
94401.676565	475.799000
94494.388889	480.636000
94502.045075	481.018000
94579.085918	485.093000
94594.817793	485.881000
94672.335112	490.016000
94688.360292	490.828000
94777.113718	495.543000
94784.227660	495.899000
94866.601544	500.264000
94877.607941	500.816000
94955.656839	504.993000
94973.694030	505.892000
95062.287007	510.628000
95067.891323	510.905000
95145.649105	515.009000
95164.561093	515.951000
95246.569170	520.310000
95265.637345	521.262000
95343.195178	525.407000
95359.106196	526.200000
95433.857596	530.132000
95463.551635	531.621000
95537.943537	535.482000
95561.257337	536.643000
95631.956637	540.271000
95663.869357	541.860000
95729.019215	545.240000
95768.975996	547.207000
95830.520013	550.396000
95877.561582	552.740000
95926.654694	555.319000
95963.657646	557.222000
96026.644711	560.510000
96082.260476	563.398000
96117.838650	565.259000
96170.380185	567.944000
96218.199334	570.435000
96281.740869	573.708000
96317.141562	575.583000
96371.036991	578.414000
96401.989382	580.041000
96477.301122	584.004000
96503.835673	585.387000
96575.189695	589.133000
96598.152891	590.322000
96667.895699	593.970000
96687.198442	594.976000
96777.301622	599.676000
96787.670070	600.215000
96867.445167	604.365000
96885.047336	605.275000
96970.836684	609.742000
96974.830427	609.946000
97071.971518	614.938000
97074.149991	615.047000
97175.139274	620.125000
97175.772445	620.156000
97266.662961	624.711000
97277.223344	625.251000
97367.349057	629.762000
97381.804748	630.487000
97473.701883	635.066000
97489.019036	635.831000
97560.606130	639.443000
97582.933070	640.576000
97665.613522	644.808000
97686.429292	645.863000
97761.723182	649.733000
97792.612383	651.291000
97855.564277	654.497000
97884.079416	655.922000
97963.710046	659.955000
97988.480092	661.171000
98066.766514	665.158000
98091.491745	666.365000
98168.863768	670.252000
98189.662419	671.262000
98270.369927	675.264000
98290.355697	676.219000
98381.442841	680.725000
98396.948197	681.456000
98482.736912	685.713000
98501.290127	686.579000
98590.293431	690.946000
98598.426228	691.321000
98695.137584	695.965000
98706.644254	696.486000
98813.253866	701.538000
98816.339100	701.679000
98909.935815	706.200000
98916.739041	706.510000
99024.353233	711.622000
99028.128339	711.800000
99134.548953	716.654000
99135.777166	716.712000
99241.246567	721.468000
99253.044633	722.031000
99360.085454	726.860000
99362.093965	726.956000
99464.188273	731.529000
99486.783200	732.597000
99572.552860	736.508000
99588.163734	737.234000
99690.305085	741.883000
99707.850646	742.696000
99788.712380	746.330000
99822.193518	747.857000
99911.195944	751.774000
99935.640534	752.874000
100021.206180	756.568000
100058.854857	758.249000
100134.141239	761.437000
100170.558258	763.056000
100257.905632	766.695000
100301.119196	768.581000
100371.909650	771.533000
100420.031502	773.590000
100493.113652	776.646000
100539.939727	778.612000
100605.497789	781.338000
100667.973199	783.938000
100734.614024	786.666000
100794.803433	789.177000
100856.570448	791.687000
100911.373048	793.950000
100969.872556	796.300000
101048.445978	799.545000
101102.389170	801.682000
101167.869997	804.383000
101226.278811	806.688000
101303.154956	809.887000
101346.297624	811.571000
101411.889290	814.309000
101465.344875	816.435000
101563.616957	820.512000
101604.823074	822.142000
101669.179964	824.789000
101713.033672	826.486000
101807.301746	830.260000
101843.221617	831.612000
101946.753070	835.709000
101990.747905	837.345000
102069.787302	840.422000
102097.594736	841.453000
102208.529213	845.705000
102244.404445	847.005000
102358.787699	851.273000
102383.179041	852.137000
102476.971832	855.657000
102512.577090	856.878000
102635.156483	861.510000
102648.065233	861.959000
102767.942511	866.446000
102796.284836	867.425000
102907.716975	871.471000
102923.955833	872.022000
103057.528979	876.717000
103067.512346	877.046000
103215.935749	882.148000
103228.467388	882.547000
103350.731476	886.678000
103370.981865	887.323000
103513.066563	892.037000
103516.284290	892.142000
103674.835195	897.169000
103681.949963	897.393000
103829.330230	902.187000
103834.905730	902.359000
103987.256477	907.125000
103994.344500	907.335000
104157.579027	912.205000
104162.974723	912.361000
104332.809305	917.323000
104337.981914	917.470000
104503.910285	922.229000
104510.402509	922.408000
104682.760295	927.215000
104696.661326	927.604000
104866.532004	932.097000
104886.075351	932.622000
105069.105854	937.407000
105073.283482	937.516000
105252.740166	942.196000
105270.929359	942.662000
105444.082782	947.085000
105468.527954	947.704000
105650.409792	952.164000
105679.859820	952.884000
105864.696396	957.385000
105866.667265	957.434000
106047.391847	961.932000
106091.402335	962.959000
106283.724740	967.435000
106305.376681	967.924000
106501.833498	972.128000
106516.637141	972.451000
106737.188742	977.004000
106786.015565	978.083000
106998.126926	982.195000
107025.126085	982.771000
107221.606365	986.758000
107280.440393	987.924000
107438.889283	991.076000
107532.040974	992.804000
107653.588542	995.084000
107812.259887	997.855000
107832.985811	998.206000
107983.206773	1000.847000
108022.822017	1001.484000
108067.116530	1002.187000
108067.818323	1002.198000
108070.658182	1002.242000
108077.055061	1002.341000
108079.848925	1002.384000
108082.375851	1002.423000
108084.070721	1002.449000
108086.353061	1002.484000
108096.933588	1002.646000
108098.314690	1002.667000
108103.012735	1002.746000
108110.406107	1002.858000
108114.780069	1002.924000
108116.570496	1002.951000
108200.886391	1004.241000
108337.335987	1006.265000
108476.096514	1008.185000
108485.833435	1008.312000
108688.225465	1011.069000
108836.343034	1012.790000
108911.184993	1013.694000
109175.397237	1016.486000
109365.439150	1018.260000
109452.044488	1019.081000
109821.292376	1022.122000
109935.892125	1023.017000
110186.021810	1025.063000
110692.875324	1028.037000
110800.497435	1028.514000
111579.121979	1025.063000
111927.818109	1023.017000
112037.234564	1022.122000
112426.617623	1019.081000
112526.306053	1018.260000
112713.441095	1016.486000
113012.537499	1013.694000
113098.084730	1012.790000
113240.565937	1011.069000
113477.846669	1008.312000
113487.169769	1008.185000
113634.373604	1006.265000
113780.650327	1004.241000
113867.616720	1002.951000
113869.381471	1002.924000
113873.758071	1002.858000
113881.180552	1002.746000
113886.395520	1002.667000
113887.644367	1002.646000
113898.298584	1002.484000
113900.584501	1002.449000
113902.279953	1002.423000
113904.822258	1002.384000
113907.608356	1002.341000
113914.040740	1002.242000
113916.883798	1002.198000
113917.593763	1002.187000
113962.444720	1001.484000
114002.580715	1000.847000
114166.825392	998.206000
114186.790389	997.855000
114350.412996	995.084000
114480.968993	992.804000
114573.089255	991.076000
114743.004840	987.924000
114801.618864	986.758000
115002.794910	982.771000
115031.180323	982.195000
115223.924316	978.083000
115279.582915	977.004000
115485.614913	972.451000
115501.261337	972.128000
115693.937856	967.924000
115716.789279	967.435000
115914.977601	962.959000
115959.105195	961.932000
116151.859991	957.434000
116153.828756	957.385000
116334.867132	952.884000
116364.434413	952.164000
116546.860975	947.704000
116572.104217	947.085000
116746.774644	942.662000
116765.017804	942.196000
116947.690381	937.516000
116951.870035	937.407000
117135.264073	932.622000
117155.345789	932.097000
117322.599615	927.604000
117337.306869	927.215000
117509.086451	922.408000
117515.504600	922.229000
117688.110721	917.470000
117693.236057	917.323000
117867.838012	912.361000
117873.177430	912.205000
118041.619999	907.335000
118048.658859	907.125000
118209.523228	902.359000
118215.021408	902.187000
118370.422268	897.393000
118377.308621	897.169000
118536.977982	892.142000
118540.289668	892.037000
118684.750274	887.323000
118704.191222	886.678000
118833.887902	882.547000
118845.696997	882.148000
119005.938652	877.046000
119015.509663	876.717000
119157.977474	872.022000
119173.653471	871.471000
119292.895608	867.425000
119319.858551	866.446000
119449.758463	861.959000
119461.754205	861.510000
119594.924202	856.878000
119627.236257	855.657000
119729.882047	852.137000
119752.903914	851.273000
119873.392625	847.005000
119908.232885	845.705000
120025.572493	841.453000
120052.471233	840.422000
120135.461997	837.345000
120177.486193	835.709000
120287.661523	831.612000
120321.826650	830.260000
120422.094099	826.486000
120464.482261	824.789000
120532.885776	822.142000
120572.516200	820.512000
120675.582051	816.435000
120726.827194	814.309000
120795.670747	811.571000
120836.012736	809.887000
120917.968433	806.688000
120973.360591	804.383000
121041.804065	801.682000
121093.611739	799.545000
121175.523605	796.300000
121232.425775	793.950000
121288.759557	791.687000
121349.543703	789.177000
121411.335327	786.666000
121476.726290	783.938000
121540.240273	781.338000
121605.743337	778.612000
121653.024023	776.646000
121725.811656	773.590000
121775.003404	771.533000
121844.063057	768.581000
121889.290292	766.695000
121972.670016	763.056000
122011.531076	761.437000
122083.240438	758.249000
122122.938182	756.568000
122205.671204	752.874000
122231.150958	751.774000
122318.195920	747.857000
122352.892551	746.330000
122432.571959	742.696000
122450.662380	741.883000
122550.993635	737.234000
122566.944296	736.508000
122651.040893	732.597000
122674.462523	731.529000
122771.210278	726.956000
122773.353521	726.860000
122874.385824	722.031000
122886.865423	721.468000
122986.530789	716.712000
122987.817001	716.654000
123090.605765	711.800000
123094.508293	711.622000
123202.925918	706.510000
123209.451817	706.200000
123308.669180	701.679000
123311.588255	701.538000
123422.131550	696.486000
123433.125930	695.965000
123535.692093	691.321000
123543.501473	690.946000
123638.210608	686.579000
123655.860450	685.713000
123747.062567	681.456000
123761.793963	680.725000
123857.371438	676.219000
123876.676414	675.264000
123960.428300	671.262000
123980.796762	670.252000
124060.840679	666.365000
124084.866414	665.158000
124166.539567	661.171000
124190.416238	659.955000
124272.568866	655.922000
124300.705153	654.497000
124364.859212	651.291000
124395.451555	649.733000
124472.178904	645.863000
124492.704757	644.808000
124576.204605	640.576000
124598.339991	639.443000
124669.518199	635.831000
124684.679917	635.066000
124776.362585	630.487000
124790.912798	629.762000
124880.857106	625.251000
124891.645819	624.711000
124980.724601	620.156000
124981.343175	620.125000
125085.060669	615.047000
125087.228419	614.938000
125186.998454	609.946000
125190.968163	609.742000
125278.419397	605.275000
125295.896072	604.365000
125376.169699	600.215000
125386.530850	599.676000
125476.942180	594.976000
125496.228094	593.970000
125566.224524	590.322000
125588.955938	589.133000
125661.302560	585.387000
125687.646023	584.004000
125763.681037	580.041000
125794.600088	578.414000
125848.457630	575.583000
125884.153119	573.708000
125945.948570	570.435000
125994.308473	567.944000
126045.851795	565.259000
126082.268851	563.398000
126137.480976	560.510000
126200.799756	557.222000
126237.254861	555.319000
126287.402320	552.740000
126332.022039	550.396000
126396.021851	547.207000
126433.982680	545.240000
126502.642527	541.860000
126533.270671	540.271000
126606.133697	536.643000
126628.758252	535.482000
126706.290192	531.621000
126734.979532	530.132000
126813.392536	526.200000
126828.468289	525.407000
126911.634956	521.262000
126929.447997	520.310000
127016.757007	515.951000
127034.479330	515.009000
127116.872957	510.905000
127122.121228	510.628000
127217.940856	505.892000
127234.757808	504.993000
127318.563533	500.816000
127328.877871	500.264000
127415.912151	495.899000
127422.630388	495.543000
127516.850149	490.828000
127532.134938	490.016000
127613.740995	485.881000
127628.513340	485.093000
127709.867899	481.018000
127717.089887	480.636000
127814.034840	475.799000
127831.534602	474.886000
127909.186876	471.035000
127923.823792	470.271000
128011.932378	465.863000
128021.084900	465.384000
128108.958565	460.935000
128122.718594	460.219000
128208.522516	455.775000
128221.024733	455.120000
128301.095902	450.952000
128310.386124	450.473000
128399.922906	445.844000
128415.516331	445.054000
128498.272441	440.736000
128506.873952	440.307000
128597.589193	435.603000
128600.994426	435.436000
128690.518030	430.860000
128703.995424	430.208000
128796.295445	425.527000
128802.758077	425.214000
128893.862334	420.606000
128896.749922	420.465000
128997.657572	415.453000
129003.558641	415.167000
129099.605659	410.461000
129100.929339	410.396000
129205.633910	405.327000
129209.758931	405.127000
129304.640201	400.448000
129304.865206	400.437000
129410.924665	395.342000
129419.796164	394.906000
129515.150383	390.217000
129518.003197	390.076000
129608.204662	385.599000
129621.123033	384.951000
129718.566774	380.081000
129720.795018	379.967000
129812.991910	375.273000
129822.492932	374.776000
129910.564232	370.228000
129923.153175	369.562000
130008.348877	365.127000
130018.625002	364.580000
130104.672066	360.144000
130116.551832	359.503000
130206.472045	355.093000
130220.819854	354.326000
130312.001449	349.919000
130325.528279	349.213000
130416.701281	344.932000
130433.342046	344.079000
130524.576962	339.886000
130543.319619	338.969000
130641.047959	334.400000
130655.803196	333.681000
130737.941924	329.779000
130760.880442	328.662000
130851.374797	324.327000
130871.170544	323.373000
130958.492343	319.214000
130978.608403	318.264000
131067.029525	314.026000
131090.312193	312.979000
131175.402891	309.113000
131201.412772	307.959000
131290.648332	303.864000
131322.248632	302.446000
131404.846550	298.680000
131423.829971	297.810000
131512.559702	293.920000
131553.564271	292.052000
131628.355352	288.916000
131667.083435	287.172000
131755.505365	283.681000
131793.259596	282.056000
131877.500904	278.949000
131930.927484	276.755000
132010.775146	274.037000
132076.585126	271.601000
132173.508296	268.793000
132234.613429	266.612000
132336.083025	263.996000
132418.844919	261.292000
132520.376058	259.101000
132615.683033	256.228000
132795.698462	253.907000
132919.149139	250.909000
133030.051361	249.006000
133173.995375	245.758000
133246.973072	244.176000
133427.329290	240.610000
133549.681606	238.619000
133686.140854	235.224000
133781.487329	233.968000
133951.407286	230.037000
134242.322790	228.921000
134437.778280	224.914000
134687.670587	230.037000
135712.391776	233.968000
135766.683169	235.224000
136024.407121	238.619000
136104.433737	240.610000
136323.574048	244.176000
136403.586256	245.758000
136553.416572	249.006000
136637.753228	250.909000
136812.469393	253.907000
136908.042783	256.228000
137130.871015	259.101000
137203.553779	261.292000
137328.857385	263.996000
137408.925844	266.612000
137493.522630	268.793000
137572.194437	271.601000
137656.277358	274.037000
137729.705735	276.755000
137794.159661	278.949000
137869.818906	282.056000
137913.878167	283.681000
137994.985872	287.172000
138039.158845	288.916000
138108.798333	292.052000
138153.348633	293.920000
138238.738233	297.810000
138258.582671	298.680000
138340.756884	302.446000
138371.857215	303.864000
138463.114782	307.959000
138488.261994	309.113000
138575.397350	312.979000
138598.441830	314.026000
138692.684379	318.264000
138712.505065	319.214000
138800.571060	323.373000
138820.601114	324.327000
138910.553487	328.662000
138933.871179	329.779000
139014.001973	333.681000
139029.137223	334.400000
139122.901725	338.969000
139142.515839	339.886000
139228.216997	344.079000
139246.777308	344.932000
139330.293267	349.213000
139345.329038	349.919000
139429.766344	354.326000
139445.635707	355.093000
139528.130929	359.503000
139541.200965	360.144000
139623.414132	364.580000
139634.024534	365.127000
139717.341932	369.562000
139730.135695	370.228000
139816.103435	374.776000
139825.727761	375.273000
139915.461762	379.967000
139917.700886	380.081000
140012.889913	384.951000
140025.855734	385.599000
140115.108118	390.076000
140117.948950	390.217000
140212.820198	394.906000
140221.686574	395.342000
140325.356957	400.437000
140325.585938	400.448000
140421.294719	405.127000
140425.350341	405.327000
140529.899014	410.396000
140531.241646	410.461000
140627.076036	415.167000
140632.913147	415.453000
140736.326271	420.465000
140739.165053	420.606000
140833.533878	425.214000
140839.722166	425.527000
140936.372588	430.208000
140949.228732	430.860000
141043.818543	435.436000
141047.085685	435.603000
141143.003127	440.307000
141151.276265	440.736000
141237.852775	445.054000
141252.993426	445.844000
141344.363002	450.473000
141353.628095	450.952000
141434.466603	455.120000
141447.049764	455.775000
141531.873969	460.219000
141545.698364	460.935000
141631.198878	465.384000
141640.659765	465.863000
141724.885897	470.271000
141740.156985	471.035000
141813.935472	474.886000
141832.345372	475.799000
141925.057697	480.636000
141932.713883	481.018000
142009.754726	485.093000
142025.486601	485.881000
142103.003920	490.016000
142119.029099	490.828000
142207.782526	495.543000
142214.896467	495.899000
142297.270351	500.264000
142308.276748	500.816000
142386.325646	504.993000
142404.362837	505.892000
142492.955815	510.628000
142498.560130	510.905000
142576.317913	515.009000
142595.229900	515.951000
142677.237977	520.310000
142696.306153	521.262000
142773.863986	525.407000
142789.775003	526.200000
142864.526404	530.132000
142894.220443	531.621000
142968.612344	535.482000
142991.926144	536.643000
143062.625445	540.271000
143094.538165	541.860000
143159.688023	545.240000
143199.644804	547.207000
143261.188821	550.396000
143308.230389	552.740000
143357.323501	555.319000
143394.326454	557.222000
143457.313519	560.510000
143512.929284	563.398000
143548.507457	565.259000
143601.048992	567.944000
143648.868141	570.435000
143712.409676	573.708000
143747.810370	575.583000
143801.705798	578.414000
143832.658190	580.041000
143907.969930	584.004000
143934.504480	585.387000
144005.858502	589.133000
144028.821698	590.322000
144098.564506	593.970000
144117.867250	594.976000
144207.970429	599.676000
144218.338877	600.215000
144298.113975	604.365000
144315.716143	605.275000
144401.505491	609.742000
144405.499234	609.946000
144502.640326	614.938000
144504.818798	615.047000
144605.808081	620.125000
144606.441252	620.156000
144697.331769	624.711000
144707.892151	625.251000
144798.017864	629.762000
144812.473555	630.487000
144904.370691	635.066000
144919.687843	635.831000
144991.274937	639.443000
145013.601878	640.576000
145096.282330	644.808000
145117.098100	645.863000
145192.391989	649.733000
145223.281191	651.291000
145286.233085	654.497000
145314.748223	655.922000
145394.378854	659.955000
145419.148900	661.171000
145497.435322	665.158000
145522.160553	666.365000
145599.532576	670.252000
145620.331227	671.262000
145701.038734	675.264000
145721.024504	676.219000
145812.111648	680.725000
145827.617004	681.456000
145913.405720	685.713000
145931.958934	686.579000
146020.962238	690.946000
146029.095035	691.321000
146125.806392	695.965000
146137.313061	696.486000
146243.922673	701.538000
146247.007908	701.679000
146340.604623	706.200000
146347.407848	706.510000
146455.022041	711.622000
146458.797146	711.800000
146565.217760	716.654000
146566.445974	716.712000
146671.915375	721.468000
146683.713441	722.031000
146790.754262	726.860000
146792.762773	726.956000
146894.857080	731.529000
146917.452007	732.597000
147003.221667	736.508000
147018.832542	737.234000
147120.973893	741.883000
147138.519453	742.696000
147219.381187	746.330000
147252.862326	747.857000
147341.864752	751.774000
147366.309341	752.874000
147451.874988	756.568000
147489.523664	758.249000
147564.810046	761.437000
147601.227065	763.056000
147688.574439	766.695000
147731.788003	768.581000
147802.578458	771.533000
147850.700309	773.590000
147923.782459	776.646000
147970.608534	778.612000
148036.166597	781.338000
148098.642007	783.938000
148165.282831	786.666000
148225.472240	789.177000
148287.239256	791.687000
148342.041855	793.950000
148400.541363	796.300000
148479.114785	799.545000
148533.057977	801.682000
148598.538804	804.383000
148656.947619	806.688000
148733.823763	809.887000
148776.966431	811.571000
148842.558097	814.309000
148896.013682	816.435000
148994.285765	820.512000
149035.491881	822.142000
149099.848771	824.789000
149143.702479	826.486000
149237.970554	830.260000
149273.890424	831.612000
149377.421877	835.709000
149421.416713	837.345000
149500.456109	840.422000
149528.263544	841.453000
149639.198020	845.705000
149675.073253	847.005000
149789.456506	851.273000
149813.847848	852.137000
149907.640639	855.657000
149943.245898	856.878000
150065.825291	861.510000
150078.734040	861.959000
150198.611318	866.446000
150226.953643	867.425000
150338.385783	871.471000
150354.624640	872.022000
150488.197786	876.717000
150498.181154	877.046000
150646.604557	882.148000
150659.136195	882.547000
150781.400283	886.678000
150801.650673	887.323000
150943.735371	892.037000
150946.953098	892.142000
151105.504003	897.169000
151112.618771	897.393000
151259.999037	902.187000
151265.574537	902.359000
151417.925285	907.125000
151425.013308	907.335000
151588.247834	912.205000
151593.643530	912.361000
151763.478112	917.323000
151768.650722	917.470000
151934.579093	922.229000
151941.071317	922.408000
152113.429102	927.215000
152127.330133	927.604000
152297.200811	932.097000
152316.744158	932.622000
152499.774662	937.407000
152503.952290	937.516000
152683.408974	942.196000
152701.598167	942.662000
152874.751590	947.085000
152899.196761	947.704000
153081.078600	952.164000
153110.528628	952.884000
153295.365203	957.385000
153297.336072	957.434000
153478.060654	961.932000
153522.071142	962.959000
153714.393548	967.435000
153736.045489	967.924000
153932.502306	972.128000
153947.305949	972.451000
154167.857550	977.004000
154216.684373	978.083000
154428.795734	982.195000
154455.794892	982.771000
154652.275173	986.758000
154711.109201	987.924000
154869.558090	991.076000
154962.709781	992.804000
155084.257349	995.084000
155242.928695	997.855000
155263.654619	998.206000
155413.875581	1000.847000
155453.490825	1001.484000
155497.785337	1002.187000
155498.487130	1002.198000
155501.326990	1002.242000
155507.723869	1002.341000
155510.517732	1002.384000
155513.044659	1002.423000
155514.739529	1002.449000
155517.021868	1002.484000
155527.602396	1002.646000
155528.983498	1002.667000
155533.681542	1002.746000
155541.074914	1002.858000
155545.448876	1002.924000
155547.239304	1002.951000
155631.555198	1004.241000
155768.004794	1006.265000
155906.765322	1008.185000
155916.502242	1008.312000
156118.894272	1011.069000
156267.011842	1012.790000
156341.853800	1013.694000
156606.066045	1016.486000
156796.107958	1018.260000
156882.713295	1019.081000
157251.961183	1022.122000
157366.560933	1023.017000
157616.690617	1025.063000
158123.544131	1028.037000
158231.166243	1028.514000
159009.790787	1025.063000
159358.486916	1023.017000
159467.903371	1022.122000
159857.286431	1019.081000
159956.974861	1018.260000
160144.109903	1016.486000
160443.206307	1013.694000
160528.753538	1012.790000
160671.234745	1011.069000
160908.515476	1008.312000
160917.838577	1008.185000
161065.042411	1006.265000
161211.319134	1004.241000
161298.285527	1002.951000
161300.050278	1002.924000
161304.426879	1002.858000
161311.849359	1002.746000
161317.064327	1002.667000
161318.313174	1002.646000
161328.967392	1002.484000
161331.253308	1002.449000
161332.948760	1002.423000
161335.491066	1002.384000
161338.277164	1002.341000
161344.709548	1002.242000
161347.552605	1002.198000
161348.262570	1002.187000
161393.113528	1001.484000
161433.249523	1000.847000
161597.494200	998.206000
161617.459197	997.855000
161781.081804	995.084000
161911.637801	992.804000
162003.758063	991.076000
162173.673647	987.924000
162232.287672	986.758000
162433.463718	982.771000
162461.849131	982.195000
162654.593124	978.083000
162710.251723	977.004000
162916.283720	972.451000
162931.930144	972.128000
163124.606663	967.924000
163147.458087	967.435000
163345.646409	962.959000
163389.774002	961.932000
163582.528799	957.434000
163584.497563	957.385000
163765.535939	952.884000
163795.103221	952.164000
163977.529782	947.704000
164002.773024	947.085000
164177.443452	942.662000
164195.686611	942.196000
164378.359189	937.516000
164382.538842	937.407000
164565.932880	932.622000
164586.014597	932.097000
164753.268422	927.604000
164767.975677	927.215000
164939.755258	922.408000
164946.173408	922.229000
165118.779529	917.470000
165123.904864	917.323000
165298.506819	912.361000
165303.846238	912.205000
165472.288806	907.335000
165479.327666	907.125000
165640.192035	902.359000
165645.690216	902.187000
165801.091075	897.393000
165807.977429	897.169000
165967.646790	892.142000
165970.958476	892.037000
166115.419081	887.323000
166134.860030	886.678000
166264.556710	882.547000
166276.365805	882.148000
166436.607460	877.046000
166446.178471	876.717000
166588.646282	872.022000
166604.322278	871.471000
166723.564416	867.425000
166750.527358	866.446000
166880.427270	861.959000
166892.423013	861.510000
167025.593010	856.878000
167057.905065	855.657000
167160.550855	852.137000
167183.572722	851.273000
167304.061433	847.005000
167338.901693	845.705000
167456.241300	841.453000
167483.140041	840.422000
167566.130804	837.345000
167608.155001	835.709000
167718.330331	831.612000
167752.495458	830.260000
167852.762907	826.486000
167895.151068	824.789000
167963.554584	822.142000
168003.185007	820.512000
168106.250859	816.435000
168157.496002	814.309000
168226.339554	811.571000
168266.681543	809.887000
168348.637240	806.688000
168404.029398	804.383000
168472.472872	801.682000
168524.280546	799.545000
168606.192412	796.300000
168663.094583	793.950000
168719.428364	791.687000
168780.212511	789.177000
168842.004135	786.666000
168907.395098	783.938000
168970.909080	781.338000
169036.412145	778.612000
169083.692831	776.646000
169156.480463	773.590000
169205.672212	771.533000
169274.731864	768.581000
169319.959099	766.695000
169403.338823	763.056000
169442.199883	761.437000
169513.909245	758.249000
169553.606989	756.568000
169636.340011	752.874000
169661.819765	751.774000
169748.864727	747.857000
169783.561358	746.330000
169863.240767	742.696000
169881.331187	741.883000
169981.662443	737.234000
169997.613104	736.508000
170081.709700	732.597000
170105.131331	731.529000
170201.879085	726.956000
170204.022329	726.860000
170305.054632	722.031000
170317.534230	721.468000
170417.199597	716.712000
170418.485809	716.654000
170521.274573	711.800000
170525.177100	711.622000
170633.594725	706.510000
170640.120625	706.200000
170739.337987	701.679000
170742.257062	701.538000
170852.800357	696.486000
170863.794737	695.965000
170966.360901	691.321000
170974.170280	690.946000
171068.879415	686.579000
171086.529257	685.713000
171177.731375	681.456000
171192.462771	680.725000
171288.040246	676.219000
171307.345222	675.264000
171391.097108	671.262000
171411.465569	670.252000
171491.509486	666.365000
171515.535221	665.158000
171597.208374	661.171000
171621.085046	659.955000
171703.237673	655.922000
171731.373961	654.497000
171795.528019	651.291000
171826.120362	649.733000
171902.847711	645.863000
171923.373565	644.808000
172006.873413	640.576000
172029.008798	639.443000
172100.187006	635.831000
172115.348724	635.066000
172207.031392	630.487000
172221.581605	629.762000
172311.525913	625.251000
172322.314626	624.711000
172411.393409	620.156000
172412.011983	620.125000
172515.729477	615.047000
172517.897226	614.938000
172617.667262	609.946000
172621.636970	609.742000
172709.088204	605.275000
172726.564879	604.365000
172806.838506	600.215000
172817.199658	599.676000
172907.610987	594.976000
172926.896902	593.970000
172996.893332	590.322000
173019.624746	589.133000
173091.971367	585.387000
173118.314830	584.004000
173194.349844	580.041000
173225.268896	578.414000
173279.126438	575.583000
173314.821926	573.708000
173376.617377	570.435000
173424.977281	567.944000
173476.520602	565.259000
173512.937659	563.398000
173568.149784	560.510000
173631.468563	557.222000
173667.923668	555.319000
173718.071128	552.740000
173762.690846	550.396000
173826.690659	547.207000
173864.651487	545.240000
173933.311335	541.860000
173963.939478	540.271000
174036.802504	536.643000
174059.427060	535.482000
174136.959000	531.621000
174165.648340	530.132000
174244.061344	526.200000
174259.137096	525.407000
174342.303763	521.262000
174360.116805	520.310000
174447.425814	515.951000
174465.148138	515.009000
174547.541764	510.905000
174552.790036	510.628000
174648.609663	505.892000
174665.426616	504.993000
174749.232340	500.816000
174759.546679	500.264000
174846.580959	495.899000
174853.299195	495.543000
174947.518956	490.828000
174962.803746	490.016000
175044.409802	485.881000
175059.182148	485.093000
175140.536706	481.018000
175147.758694	480.636000
175244.703647	475.799000
175262.203410	474.886000
175339.855684	471.035000
175354.492600	470.271000
175442.601185	465.863000
175451.753707	465.384000
175539.627373	460.935000
175553.387401	460.219000
175639.191323	455.775000
175651.693541	455.120000
175731.764710	450.952000
175741.054932	450.473000
175830.591713	445.844000
175846.185138	445.054000
175928.941249	440.736000
175937.542760	440.307000
176028.258001	435.603000
176031.663233	435.436000
176121.186837	430.860000
176134.664232	430.208000
176226.964252	425.527000
176233.426885	425.214000
176324.531141	420.606000
176327.418729	420.465000
176428.326380	415.453000
176434.227448	415.167000
176530.274467	410.461000
176531.598146	410.396000
176636.302717	405.327000
176640.427739	405.127000
176735.309009	400.448000
176735.534014	400.437000
176841.593473	395.342000
176850.464972	394.906000
176945.819190	390.217000
176948.672005	390.076000
177038.873470	385.599000
177051.791840	384.951000
177149.235582	380.081000
177151.463826	379.967000
177243.660718	375.273000
177253.161740	374.776000
177341.233039	370.228000
177353.821983	369.562000
177439.017684	365.127000
177449.293809	364.580000
177535.340874	360.144000
177547.220639	359.503000
177637.140853	355.093000
177651.488661	354.326000
177742.670257	349.919000
177756.197086	349.213000
177847.370089	344.932000
177864.010853	344.079000
177955.245770	339.886000
177973.988427	338.969000
178071.716766	334.400000
178086.472003	333.681000
178168.610732	329.779000
178191.549249	328.662000
178282.043605	324.327000
178301.839352	323.373000
178389.161150	319.214000
178409.277211	318.264000
178497.698332	314.026000
178520.981001	312.979000
178606.071699	309.113000
178632.081580	307.959000
178721.317139	303.864000
178752.917439	302.446000
178835.515357	298.680000
178854.498778	297.810000
178943.228509	293.920000
178984.233078	292.052000
179059.024159	288.916000
179097.752242	287.172000
179186.174173	283.681000
179223.928404	282.056000
179308.169711	278.949000
179361.596292	276.755000
179441.443954	274.037000
179507.253934	271.601000
179604.177103	268.793000
179665.282236	266.612000
179766.751833	263.996000
179849.513727	261.292000
179951.044866	259.101000
180046.351840	256.228000
180226.367269	253.907000
180349.817947	250.909000
180460.720169	249.006000
180604.664183	245.758000
180677.641880	244.176000
180857.998098	240.610000
180980.350414	238.619000
181116.809661	235.224000
181212.156137	233.968000
181382.076094	230.037000
181672.991598	228.921000
181868.447088	224.914000
182118.339394	230.037000
183143.060583	233.968000
183197.351976	235.224000
183455.075928	238.619000
183535.102544	240.610000
183754.242855	244.176000
183834.255064	245.758000
183984.085380	249.006000
184068.422036	250.909000
184243.138200	253.907000
184338.711590	256.228000
184561.539822	259.101000
184634.222587	261.292000
184759.526192	263.996000
184839.594652	266.612000
184924.191437	268.793000
185002.863245	271.601000
185086.946165	274.037000
185160.374542	276.755000
185224.828468	278.949000
185300.487714	282.056000
185344.546975	283.681000
185425.654680	287.172000
185469.827652	288.916000
185539.467141	292.052000
185584.017440	293.920000
185669.407040	297.810000
185689.251479	298.680000
185771.425691	302.446000
185802.526023	303.864000
185893.783589	307.959000
185918.930802	309.113000
186006.066158	312.979000
186029.110638	314.026000
186123.353187	318.264000
186143.173872	319.214000
186231.239867	323.373000
186251.269921	324.327000
186341.222294	328.662000
186364.539986	329.779000
186444.670780	333.681000
186459.806030	334.400000
186553.570533	338.969000
186573.184647	339.886000
186658.885804	344.079000
186677.446115	344.932000
186760.962074	349.213000
186775.997846	349.919000
186860.435151	354.326000
186876.304514	355.093000
186958.799737	359.503000
186971.869773	360.144000
187054.082940	364.580000
187064.693342	365.127000
187148.010739	369.562000
187160.804502	370.228000
187246.772242	374.776000
187256.396569	375.273000
187346.130570	379.967000
187348.369693	380.081000
187443.558721	384.951000
187456.524541	385.599000
187545.776925	390.076000
187548.617758	390.217000
187643.489005	394.906000
187652.355382	395.342000
187756.025765	400.437000
187756.254745	400.448000
187851.963527	405.127000
187856.019148	405.327000
187960.567822	410.396000
187961.910453	410.461000
188057.744843	415.167000
188063.581955	415.453000
188166.995078	420.465000
188169.833861	420.606000
188264.202685	425.214000
188270.390974	425.527000
188367.041395	430.208000
188379.897540	430.860000
188474.487351	435.436000
188477.754493	435.603000
188573.671935	440.307000
188581.945072	440.736000
188668.521583	445.054000
188683.662233	445.844000
188775.031809	450.473000
188784.296903	450.952000
188865.135411	455.120000
188877.718572	455.775000
188962.542777	460.219000
188976.367171	460.935000
189061.867686	465.384000
189071.328573	465.863000
189155.554704	470.271000
189170.825793	471.035000
189244.604279	474.886000
189263.014180	475.799000
189355.726504	480.636000
189363.382690	481.018000
189440.423533	485.093000
189456.155408	485.881000
189533.672727	490.016000
189549.697907	490.828000
189638.451333	495.543000
189645.565275	495.899000
189727.939159	500.264000
189738.945556	500.816000
189816.994454	504.993000
189835.031645	505.892000
189923.624622	510.628000
189929.228938	510.905000
190006.986720	515.009000
190025.898708	515.951000
190107.906785	520.310000
190126.974960	521.262000
190204.532793	525.407000
190220.443811	526.200000
190295.195211	530.132000
190324.889250	531.621000
190399.281152	535.482000
190422.594952	536.643000
190493.294252	540.271000
190525.206972	541.860000
190590.356830	545.240000
190630.313611	547.207000
190691.857628	550.396000
190738.899197	552.740000
190787.992309	555.319000
190824.995261	557.222000
190887.982326	560.510000
190943.598091	563.398000
190979.176265	565.259000
191031.717800	567.944000
191079.536949	570.435000
191143.078484	573.708000
191178.479177	575.583000
191232.374606	578.414000
191263.326997	580.041000
191338.638737	584.004000
191365.173288	585.387000
191436.527310	589.133000
191459.490506	590.322000
191529.233314	593.970000
191548.536057	594.976000
191638.639237	599.676000
191649.007685	600.215000
191728.782782	604.365000
191746.384951	605.275000
191832.174299	609.742000
191836.168042	609.946000
191933.309133	614.938000
191935.487606	615.047000
192036.476889	620.125000
192037.110060	620.156000
192128.000576	624.711000
192138.560959	625.251000
192228.686672	629.762000
192243.142363	630.487000
192335.039498	635.066000
192350.356651	635.831000
192421.943745	639.443000
192444.270685	640.576000
192526.951137	644.808000
192547.766907	645.863000
192623.060797	649.733000
192653.949998	651.291000
192716.901892	654.497000
192745.417031	655.922000
192825.047661	659.955000
192849.817707	661.171000
192928.104129	665.158000
192952.829360	666.365000
193030.201383	670.252000
193051.000034	671.262000
193131.707542	675.264000
193151.693312	676.219000
193242.780456	680.725000
193258.285812	681.456000
193344.074527	685.713000
193362.627742	686.579000
193451.631045	690.946000
193459.763843	691.321000
193556.475199	695.965000
193567.981869	696.486000
193674.591481	701.538000
193677.676715	701.679000
193771.273430	706.200000
193778.076656	706.510000
193885.690848	711.622000
193889.465953	711.800000
193995.886568	716.654000
193997.114781	716.712000
194102.584182	721.468000
194114.382248	722.031000
194221.423069	726.860000
194223.431580	726.956000
194325.525888	731.529000
194348.120815	732.597000
194433.890475	736.508000
194449.501349	737.234000
194551.642700	741.883000
194569.188261	742.696000
194650.049995	746.330000
194683.531133	747.857000
194772.533559	751.774000
194796.978149	752.874000
194882.543795	756.568000
194920.192472	758.249000
194995.478854	761.437000
195031.895873	763.056000
195119.243247	766.695000
195162.456811	768.581000
195233.247265	771.533000
195281.369117	773.590000
195354.451267	776.646000
195401.277342	778.612000
195466.835404	781.338000
195529.310814	783.938000
195595.951639	786.666000
195656.141048	789.177000
195717.908063	791.687000
195772.710663	793.950000
195831.210170	796.300000
195909.783593	799.545000
195963.726785	801.682000
196029.207612	804.383000
196087.616426	806.688000
196164.492571	809.887000
196207.635238	811.571000
196273.226905	814.309000
196326.682490	816.435000
196424.954572	820.512000
196466.160689	822.142000
196530.517579	824.789000
196574.371287	826.486000
196668.639361	830.260000
196704.559232	831.612000
196808.090685	835.709000
196852.085520	837.345000
196931.124917	840.422000
196958.932351	841.453000
197069.866828	845.705000
197105.742060	847.005000
197220.125314	851.273000
197244.516655	852.137000
197338.309447	855.657000
197373.914705	856.878000
197496.494098	861.510000
197509.402848	861.959000
197629.280125	866.446000
197657.622451	867.425000
197769.054590	871.471000
197785.293448	872.022000
197918.866594	876.717000
197928.849961	877.046000
198077.273364	882.148000
198089.805003	882.547000
198212.069091	886.678000
198232.319480	887.323000
198374.404178	892.037000
198377.621905	892.142000
198536.172810	897.169000
198543.287578	897.393000
198690.667845	902.187000
198696.243345	902.359000
198848.594092	907.125000
198855.682115	907.335000
199018.916642	912.205000
199024.312338	912.361000
199194.146920	917.323000
199199.319529	917.470000
199365.247900	922.229000
199371.740124	922.408000
199544.097910	927.215000
199557.998941	927.604000
199727.869619	932.097000
199747.412966	932.622000
199930.443469	937.407000
