0.000000	500.000000
16.729402	500.816000
96.702953	504.993000
115.255708	505.892000
206.038406	510.628000
211.805726	510.905000
291.536927	515.009000
310.990201	515.951000
395.049358	520.310000
414.660645	521.262000
494.136483	525.407000
510.502325	526.200000
587.164186	530.132000
617.696335	531.621000
694.043061	535.482000
718.024436	536.643000
790.625734	540.271000
823.452513	541.860000
890.315737	545.240000
931.444449	547.207000
994.611140	550.396000
1042.998056	552.740000
1093.349243	555.319000
1131.343162	557.222000
1195.965675	560.510000
1253.041307	563.398000
1289.539380	565.259000
1343.506711	567.944000
1392.572872	570.435000
1457.810527	573.708000
1494.103144	575.583000
1549.379994	578.414000
1581.124588	580.041000
1658.359574	584.004000
1685.585297	585.387000
1758.770315	589.133000
1782.339884	590.322000
1853.886006	593.970000
1873.691623	594.976000
1966.137923	599.676000
1976.777916	600.215000
2058.639243	604.365000
2076.707719	605.275000
2164.736277	609.742000
2168.838496	609.946000
2268.585214	614.938000
2270.825454	615.047000
2374.648917	620.125000
2375.300872	620.156000
2468.759901	624.711000
2479.606483	625.251000
2572.285762	629.762000
2587.149319	630.487000
2681.674723	635.066000
2697.427823	635.831000
2771.009614	639.443000
2793.951307	640.576000
2878.867910	644.808000
2900.258309	645.863000
2977.571046	649.733000
3009.321569	651.291000
3073.993951	654.497000
3103.319674	655.922000
3185.151829	659.955000
3210.652600	661.171000
3291.078553	665.158000
3316.541781	666.365000
3396.089211	670.252000
3417.515497	671.262000
3500.554665	675.264000
3521.164194	676.219000
3614.895887	680.725000
3630.898986	681.456000
3719.162474	685.713000
3738.323857	686.579000
3829.955686	690.946000
3838.361991	691.321000
3938.060924	695.965000
3949.969637	696.486000
4059.964976	701.538000
4063.155921	701.679000
4159.608636	706.200000
4166.646415	706.510000
4277.660931	711.622000
4281.557190	711.800000
4391.639279	716.654000
4392.906784	716.712000
4502.093049	721.468000
4514.260373	722.031000
4625.069924	726.860000
4627.141087	726.956000
4732.884487	731.529000
4756.200823	732.597000
4844.923159	736.508000
4861.049691	737.234000
4966.720889	741.883000
4984.850467	742.696000
5068.582269	746.330000
5103.215545	747.857000
5195.519346	751.774000
5220.829177	752.874000
5309.700256	756.568000
5348.703625	758.249000
5427.019781	761.437000
5464.759144	763.056000
5555.745139	766.695000
5600.590144	768.581000
5674.323612	771.533000
5724.343813	773.590000
5800.446481	776.646000
5849.191390	778.612000
5917.491535	781.338000
5982.575437	783.938000
6052.097910	786.666000
6114.787349	789.177000
6179.267319	791.687000
6236.396208	793.950000
6297.529019	796.300000
6379.436860	799.545000
6435.881559	801.682000
6504.148394	804.383000
6565.288236	806.688000
6645.374790	809.887000
6690.582552	811.571000
6758.895201	814.309000
6814.809001	816.435000
6917.211420	820.512000
6960.334437	822.142000
7027.446343	824.789000
7073.438505	826.486000
7171.980911	830.260000
7209.759879	831.612000
7318.103617	835.709000
7364.435759	837.345000
7447.280058	840.422000
7476.574277	841.453000
7593.030389	845.705000
7630.921280	847.005000
7751.336806	851.273000
7777.167972	852.137000
7875.845840	855.657000
7913.707101	856.878000
8042.577250	861.510000
8056.278916	861.959000
8182.435726	866.446000
8212.545603	867.425000
8330.211544	871.471000
8347.503538	872.022000
8489.095670	876.717000
8499.769490	877.046000
8657.548172	882.148000
8671.015300	882.547000
8801.282714	886.678000
8823.043548	887.323000
8974.809875	892.037000
8978.255044	892.142000
9148.753149	897.169000
9156.412507	897.393000
9314.283904	902.187000
9320.306079	902.359000
9484.486223	907.125000
9492.196312	907.335000
9669.532544	912.205000
9675.428890	912.361000
9860.649381	917.323000
9866.321229	917.470000
10047.930571	922.229000
10055.094748	922.408000
10244.824088	927.215000
10260.115342	927.604000
10449.359670	932.097000
10471.052176	932.622000
10675.538742	937.407000
10680.208403	937.516000
10880.825397	942.196000
10901.251712	942.662000
11095.852541	947.085000
11123.389355	947.704000
11330.126184	952.164000
11363.630031	952.884000
11574.156631	957.385000
11576.387983	957.434000
11780.936932	961.932000
11831.740275	962.959000
12053.943768	967.435000
12079.223136	967.924000
12313.484869	972.128000
12330.997056	972.451000
12598.222844	977.004000
12655.695556	978.083000
12921.147410	982.195000
12953.383693	982.771000
13193.414646	986.758000
13266.160721	987.924000
13461.691433	991.076000
13581.431797	992.804000
13736.563219	995.084000
13949.633910	997.855000
13978.202054	998.206000
14178.859343	1000.847000
14236.363364	1001.484000
14301.622398	1002.187000
14302.671993	1002.198000
14306.982137	1002.242000
14316.705169	1002.341000
14320.983049	1002.384000
14324.837846	1002.423000
14327.444551	1002.449000
14330.956429	1002.484000
14347.271909	1002.646000
14349.422413	1002.667000
14355.940154	1002.746000
14367.514125	1002.858000
14374.400868	1002.924000
14377.222390	1002.951000
14507.375292	1004.241000
14727.965798	1006.265000
14985.409777	1008.185000
15007.097666	1008.312000
15398.069576	1011.069000
15807.051436	1008.185000
16134.931338	1006.265000
16406.320199	1004.241000
16546.913950	1002.951000
16549.638080	1002.924000
16556.535134	1002.858000
16568.221729	1002.746000
16576.385512	1002.667000
16578.118076	1002.646000
16594.707681	1002.484000
16598.232630	1002.449000
16600.841454	1002.423000
16604.751511	1002.384000
16609.001673	1002.341000
16618.850745	1002.242000
16623.172092	1002.198000
16624.249628	1002.187000
16691.328305	1001.484000
16750.460602	1000.847000
16988.872091	998.206000
17015.540289	997.855000
17241.073983	995.084000
17416.390178	992.804000
17533.963467	991.076000
17752.378759	987.924000
17824.710234	986.758000
18073.456892	982.771000
18108.134050	982.195000
18338.265297	978.083000
18407.920587	977.004000
18650.435188	972.451000
18669.392783	972.128000
18897.322299	967.924000
18924.571107	967.435000
19155.962629	962.959000
19206.946317	961.932000
19429.452097	957.434000
19431.680398	957.385000
19636.646066	952.884000
19670.322838	952.164000
19877.860556	947.704000
19906.553403	947.085000
20103.314843	942.662000
20123.817666	942.196000
20328.957485	937.516000
20333.629975	937.407000
20538.623803	932.622000
20561.059634	932.097000
20746.706168	927.604000
20763.090776	927.215000
20952.049796	922.408000
20959.114816	922.229000
21149.585877	917.470000
21155.195580	917.323000
21346.649385	912.361000
21352.472520	912.205000
21536.544331	907.335000
21544.191273	907.125000
21719.173586	902.359000
21725.098677	902.187000
21892.949290	897.393000
21900.325843	897.169000
22072.216888	892.142000
22075.778117	892.037000
22230.449806	887.323000
22251.215457	886.678000
22390.586012	882.547000
22403.168122	882.148000
22575.371846	877.046000
22585.546128	876.717000
22737.867053	872.022000
22754.484148	871.471000
22881.459479	867.425000
22909.930798	866.446000
23047.931836	861.959000
23060.555952	861.510000
23201.905879	856.878000
23235.876184	855.657000
23345.025766	852.137000
23369.246697	851.273000
23496.847876	847.005000
23533.525520	845.705000
23657.457880	841.453000
23685.695474	840.422000
23773.123515	837.345000
23817.170728	835.709000
23933.199327	831.612000
23968.952496	830.260000
24074.409465	826.486000
24118.719604	824.789000
24190.458704	822.142000
24231.785643	820.512000
24339.646096	816.435000
24393.045052	814.309000
24465.054452	811.571000
24507.069975	809.887000
24592.948615	806.688000
24650.653994	804.383000
24722.297688	801.682000
24776.309619	799.545000
24862.019983	796.300000
24921.336910	793.950000
24980.206505	791.687000
25043.570851	789.177000
25108.076510	786.666000
25176.183554	783.938000
25242.443976	781.338000
25310.681944	778.612000
25359.940229	776.646000
25435.710546	773.590000
25486.935410	771.533000
25558.719384	768.581000
25605.826878	766.695000
25692.354434	763.056000
25732.834326	761.437000
25807.147539	758.249000
25848.442852	756.568000
25934.152814	752.874000
25960.616861	751.774000
26050.742866	747.857000
26086.726503	746.330000
26169.147803	742.696000
26187.880317	741.883000
26291.551177	737.234000
26308.053068	736.508000
26394.927540	732.597000
26419.155475	731.529000
26518.992184	726.956000
26521.212032	726.860000
26625.395837	722.031000
26638.314822	721.468000
26741.099532	716.712000
26742.431072	716.654000
26848.508095	711.800000
26852.544892	711.622000
26964.441945	706.510000
26971.174046	706.200000
27073.812110	701.679000
27076.820257	701.538000
27191.151146	696.486000
27202.494687	695.965000
27308.644518	691.321000
27316.695142	690.946000
27414.589366	686.579000
27432.760459	685.713000
27526.952150	681.456000
27542.108506	680.725000
27640.754151	676.219000
27660.619612	675.264000
27746.985411	671.262000
27767.942323	670.252000
27850.401700	666.365000
27875.102948	665.158000
27959.213875	661.171000
27983.743084	659.955000
28068.319243	655.922000
28097.233407	654.497000
28163.211140	651.291000
28194.639577	649.733000
28273.506410	645.863000
28294.582621	644.808000
28380.387521	640.576000
28403.121573	639.443000
28476.259612	635.831000
28491.843795	635.066000
28586.135878	630.487000
28601.102228	629.762000
28693.584303	625.251000
28704.678697	624.711000
28796.171621	620.156000
28796.807676	620.125000
28903.602047	615.047000
28905.830632	614.938000
29008.429519	609.946000
29012.505706	609.742000
29102.332239	605.275000
29120.265077	604.365000
29202.665272	600.215000
29213.297381	599.676000
29306.076547	594.976000
29325.863989	593.970000
29397.683961	590.322000
29421.003132	589.133000
29495.260160	585.387000
29522.279615	584.004000
29600.295189	580.041000
29632.003825	578.414000
29687.239808	575.583000
29723.850227	573.708000
29787.202618	570.435000
29836.853397	567.944000
29889.740849	565.259000
29927.146138	563.398000
29983.785813	560.510000
30048.766657	557.222000
30086.168312	555.319000
30137.658758	552.740000
30183.421914	550.396000
30249.252066	547.207000
30288.213773	545.240000
30358.887411	541.860000
30390.321039	540.271000
30465.271041	536.643000
30488.504257	535.482000
30568.256273	531.621000
30597.699493	530.132000
30678.325691	526.200000
30693.786743	525.407000
30779.330772	521.262000
30797.584330	520.310000
30887.380127	515.951000
30905.545699	515.009000
30990.297543	510.905000
30995.679010	510.628000
31094.285619	505.892000
31111.518230	504.993000
31197.719405	500.816000
31208.288091	500.264000
31297.778093	495.899000
31304.665431	495.543000
31401.555837	490.828000
31417.223335	490.016000
31501.083317	485.881000
31516.222416	485.093000
31599.878477	481.018000
31607.282930	480.636000
31706.992794	475.799000
31724.947460	474.886000
31804.842523	471.035000
31819.859551	470.271000
31910.466953	465.863000
31919.855858	465.384000
32010.160620	460.935000
32024.280299	460.219000
32112.348714	455.775000
32125.173120	455.120000
32207.335556	450.952000
32216.873264	450.473000
32308.781888	445.844000
32324.806137	445.054000
32409.713026	440.736000
32418.560054	440.307000
32511.663465	435.603000
32515.169364	435.436000
32607.121087	430.860000
32621.008411	430.208000
32715.853044	425.527000
32722.511779	425.214000
32816.141700	420.606000
32819.115428	420.465000
32922.928226	415.453000
32929.008099	415.167000
33027.899968	410.461000
33029.262673	410.396000
33137.147133	405.327000
33141.397043	405.127000
33239.051066	400.448000
33239.282766	400.437000
33348.615745	395.342000
33357.748351	394.906000
33455.905668	390.217000
33458.841463	390.076000
33551.643748	385.599000
33564.926490	384.951000
33665.139742	380.081000
33667.428309	379.967000
33762.146501	375.273000
33771.893152	374.776000
33862.303049	370.228000
33875.209935	369.562000
33962.630485	365.127000
33973.162856	364.580000
34061.502756	360.144000
34073.670558	359.503000
34166.248872	355.093000
34180.951315	354.326000
34274.911715	349.919000
34288.789886	349.213000
34382.914553	344.932000
34400.004019	344.079000
34494.328417	339.886000
34513.627901	338.969000
34614.548914	334.400000
34629.746226	333.681000
34714.480095	329.779000
34738.106838	328.662000
34831.410833	324.327000
34851.813528	323.373000
34941.879297	319.214000
34962.638797	318.264000
35053.802057	314.026000
35077.910021	312.979000
35165.952412	309.113000
35192.910759	307.959000
35285.177570	303.864000
35317.903050	302.446000
35403.345045	298.680000
35422.975098	297.810000
35515.022910	293.920000
35557.441886	292.052000
35635.306285	288.916000
35675.403127	287.172000
35767.955397	283.681000
35807.177415	282.056000
35895.974296	278.949000
35951.695609	276.755000
36036.685330	274.037000
36106.026471	271.601000
36211.900714	268.793000
36276.553735	266.612000
36390.318027	263.996000
36478.913910	261.292000
36599.560072	259.101000
36702.910110	256.228000
37123.828318	253.907000
37264.551375	250.909000
37415.663921	249.006000
37583.778189	245.758000
37670.334163	244.176000
37893.615857	240.610000
38068.944761	238.619000
38223.409543	235.224000
38427.983170	233.968000
38624.700730	230.037000
38884.271827	235.224000
39437.239552	238.619000
39527.825526	240.610000
39841.850072	244.176000
39940.905496	245.758000
40118.613335	249.006000
40217.111319	250.909000
40455.175121	253.907000
40564.120490	256.228000
41085.145052	259.101000
41163.961597	261.292000
41312.855811	263.996000
41398.568396	266.612000
41493.415460	268.793000
41576.655113	271.601000
41668.503282	274.037000
41745.871599	276.755000
41814.476252	278.949000
41893.385149	282.056000
41939.827032	283.681000
42024.087995	287.172000
42070.324362	288.916000
42142.425107	292.052000
42188.806068	293.920000
42277.141088	297.810000
42297.727616	298.680000
42382.700928	302.446000
42414.872131	303.864000
42509.379072	307.959000
42535.380513	309.113000
42625.693312	312.979000
42649.537177	314.026000
42747.120321	318.264000
42767.555691	319.214000
42858.438596	323.373000
42879.098068	324.327000
42971.808431	328.662000
42995.850083	329.779000
43078.385042	333.681000
43093.998484	334.400000
43190.572222	338.969000
43210.827107	339.886000
43299.074365	344.079000
43318.263182	344.932000
43404.031064	349.213000
43419.553609	349.919000
43506.184066	354.326000
43522.537056	355.093000
43607.071308	359.503000
43620.527702	360.144000
43704.734205	364.580000
43715.627335	365.127000
43801.022335	369.562000
43814.150201	370.228000
43902.289120	374.776000
43912.169005	375.273000
44004.222886	379.967000
44006.523243	380.081000
44104.289196	384.951000
44117.623526	385.599000
44209.393333	390.076000
44212.316076	390.217000
44309.946874	394.906000
44319.073892	395.342000
44425.795512	400.437000
44426.031560	400.448000
44524.588362	405.127000
44528.762503	405.327000
44636.476471	410.396000
44637.859878	410.461000
44736.519738	415.167000
44742.529741	415.453000
44849.076314	420.465000
44851.996825	420.606000
44949.180781	425.214000
44955.540626	425.527000
45055.123817	430.208000
45068.334392	430.860000
45165.801257	435.436000
45169.157012	435.603000
45267.909995	440.307000
45276.400931	440.736000
45365.448633	445.054000
45380.982779	445.844000
45474.876761	450.473000
45484.387289	450.952000
45567.379289	455.120000
45580.291092	455.775000
45667.301263	460.219000
45681.490504	460.935000
45769.225770	465.384000
45778.948400	465.863000
45865.349850	470.271000
45881.054037	471.035000
45956.748505	474.886000
45975.690128	475.799000
46070.812493	480.636000
46078.687037	481.018000
46157.674329	485.093000
46173.851256	485.881000
46253.293102	490.016000
46269.760890	490.828000
46360.736575	495.543000
46368.052160	495.899000
46452.499429	500.264000
46463.816378	500.816000
46543.789928	504.993000
46562.342683	505.892000
46653.125381	510.628000
46658.892702	510.905000
46738.623903	515.009000
46758.077177	515.951000
46842.136333	520.310000
46861.747620	521.262000
46941.223459	525.407000
46957.589301	526.200000
47034.251161	530.132000
47064.783310	531.621000
47141.130036	535.482000
47165.111412	536.643000
47237.712710	540.271000
47270.539489	541.860000
47337.402712	545.240000
47378.531424	547.207000
47441.698115	550.396000
47490.085032	552.740000
47540.436218	555.319000
47578.430137	557.222000
47643.052651	560.510000
47700.128282	563.398000
47736.626355	565.259000
47790.593686	567.944000
47839.659847	570.435000
47904.897503	573.708000
47941.190119	575.583000
47996.466970	578.414000
48028.211564	580.041000
48105.446550	584.004000
48132.672273	585.387000
48205.857290	589.133000
48229.426859	590.322000
48300.972981	593.970000
48320.778599	594.976000
48413.224898	599.676000
48423.864892	600.215000
48505.726218	604.365000
48523.794695	605.275000
48611.823253	609.742000
48615.925472	609.946000
48715.672189	614.938000
48717.912430	615.047000
48821.735893	620.125000
48822.387847	620.156000
48915.846877	624.711000
48926.693458	625.251000
49019.372738	629.762000
49034.236294	630.487000
49128.761699	635.066000
49144.514798	635.831000
49218.096589	639.443000
49241.038283	640.576000
49325.954885	644.808000
49347.345284	645.863000
49424.658022	649.733000
49456.408545	651.291000
49521.080926	654.497000
49550.406650	655.922000
49632.238805	659.955000
49657.739576	661.171000
49738.165529	665.158000
49763.628757	666.365000
49843.176187	670.252000
49864.602472	671.262000
49947.641640	675.264000
49968.251170	676.219000
50061.982862	680.725000
50077.985962	681.456000
50166.249450	685.713000
50185.410832	686.579000
50277.042661	690.946000
50285.448966	691.321000
50385.147900	695.965000
50397.056613	696.486000
50507.051951	701.538000
50510.242897	701.679000
50606.695612	706.200000
50613.733391	706.510000
50724.747907	711.622000
50728.644166	711.800000
50838.726255	716.654000
50839.993759	716.712000
50949.180025	721.468000
50961.347349	722.031000
51072.156900	726.860000
51074.228063	726.956000
51179.971462	731.529000
51203.287798	732.597000
51292.010134	736.508000
51308.136666	737.234000
51413.807865	741.883000
51431.937443	742.696000
51515.669245	746.330000
51550.302521	747.857000
51642.606322	751.774000
51667.916152	752.874000
51756.787231	756.568000
51795.790601	758.249000
51874.106756	761.437000
51911.846120	763.056000
52002.832115	766.695000
52047.677119	768.581000
52121.410588	771.533000
52171.430789	773.590000
52247.533456	776.646000
52296.278365	778.612000
52364.578510	781.338000
52429.662413	783.938000
52499.184886	786.666000
52561.874324	789.177000
52626.354294	791.687000
52683.483184	793.950000
52744.615994	796.300000
52826.523836	799.545000
52882.968535	801.682000
52951.235369	804.383000
53012.375212	806.688000
53092.461766	809.887000
53137.669528	811.571000
53205.982176	814.309000
53261.895976	816.435000
53364.298396	820.512000
53407.421412	822.142000
53474.533319	824.789000
53520.525481	826.486000
53619.067887	830.260000
53656.846854	831.612000
53765.190592	835.709000
53811.522735	837.345000
53894.367034	840.422000
53923.661253	841.453000
54040.117364	845.705000
54078.008255	847.005000
54198.423781	851.273000
54224.254948	852.137000
54322.932816	855.657000
54360.794077	856.878000
54489.664226	861.510000
54503.365892	861.959000
54629.522702	866.446000
54659.632578	867.425000
54777.298520	871.471000
54794.590513	872.022000
54936.182646	876.717000
54946.856466	877.046000
55104.635148	882.148000
55118.102276	882.547000
55248.369689	886.678000
55270.130524	887.323000
55421.896851	892.037000
55425.342020	892.142000
55595.840124	897.169000
55603.499482	897.393000
55761.370880	902.187000
55767.393054	902.359000
55931.573198	907.125000
55939.283288	907.335000
56116.619520	912.205000
56122.515865	912.361000
56307.736357	917.323000
56313.408205	917.470000
56495.017546	922.229000
56502.181724	922.408000
56691.911063	927.215000
56707.202318	927.604000
56896.446645	932.097000
56918.139151	932.622000
57122.625718	937.407000
57127.295379	937.516000
57327.912372	942.196000
57348.338688	942.662000
57542.939516	947.085000
57570.476331	947.704000
57777.213159	952.164000
57810.717006	952.884000
58021.243606	957.385000
58023.474959	957.434000
58228.023907	961.932000
58278.827250	962.959000
58501.030743	967.435000
58526.310112	967.924000
58760.571844	972.128000
58778.084031	972.451000
59045.309820	977.004000
59102.782531	978.083000
59368.234385	982.195000
59400.470669	982.771000
59640.501621	986.758000
59713.247697	987.924000
59908.778409	991.076000
60028.518772	992.804000
60183.650195	995.084000
60396.720885	997.855000
60425.289029	998.206000
60625.946319	1000.847000
60683.450339	1001.484000
60748.709373	1002.187000
60749.758969	1002.198000
60754.069113	1002.242000
60763.792144	1002.341000
60768.070024	1002.384000
60771.924822	1002.423000
60774.531527	1002.449000
60778.043405	1002.484000
60794.358884	1002.646000
60796.509389	1002.667000
60803.027129	1002.746000
60814.601100	1002.858000
60821.487843	1002.924000
60824.309366	1002.951000
60954.462268	1004.241000
61175.052774	1006.265000
61432.496752	1008.185000
61454.184642	1008.312000
61845.156551	1011.069000
62254.138411	1008.185000
62582.018314	1006.265000
62853.407174	1004.241000
62994.000925	1002.951000
62996.725056	1002.924000
63003.622110	1002.858000
63015.308704	1002.746000
63023.472488	1002.667000
63025.205051	1002.646000
63041.794656	1002.484000
63045.319605	1002.449000
63047.928429	1002.423000
63051.838487	1002.384000
63056.088648	1002.341000
63065.937721	1002.242000
63070.259068	1002.198000
63071.336604	1002.187000
63138.415280	1001.484000
63197.547577	1000.847000
63435.959067	998.206000
63462.627264	997.855000
63688.160959	995.084000
63863.477153	992.804000
63981.050442	991.076000
64199.465735	987.924000
64271.797210	986.758000
64520.543868	982.771000
64555.221026	982.195000
64785.352273	978.083000
64855.007562	977.004000
65097.522164	972.451000
65116.479759	972.128000
65344.409275	967.924000
65371.658083	967.435000
65603.049605	962.959000
65654.033293	961.932000
65876.539073	957.434000
65878.767374	957.385000
66083.733041	952.884000
66117.409814	952.164000
66324.947532	947.704000
66353.640379	947.085000
66550.401819	942.662000
66570.904642	942.196000
66776.044460	937.516000
66780.716950	937.407000
66985.710779	932.622000
67008.146609	932.097000
67193.793143	927.604000
67210.177751	927.215000
67399.136771	922.408000
67406.201791	922.229000
67596.672853	917.470000
67602.282555	917.323000
67793.736360	912.361000
67799.559496	912.205000
67983.631306	907.335000
67991.278248	907.125000
68166.260561	902.359000
68172.185653	902.187000
68340.036266	897.393000
68347.412818	897.169000
68519.303863	892.142000
68522.865093	892.037000
68677.536781	887.323000
68698.302433	886.678000
68837.672988	882.547000
68850.255098	882.148000
69022.458821	877.046000
69032.633103	876.717000
69184.954028	872.022000
69201.571124	871.471000
69328.546454	867.425000
69357.017773	866.446000
69495.018812	861.959000
69507.642928	861.510000
69648.992855	856.878000
69682.963160	855.657000
69792.112741	852.137000
69816.333673	851.273000
69943.934851	847.005000
69980.612495	845.705000
70104.544855	841.453000
70132.782450	840.422000
70220.210491	837.345000
70264.257704	835.709000
70380.286302	831.612000
70416.039471	830.260000
70521.496441	826.486000
70565.806579	824.789000
70637.545679	822.142000
70678.872618	820.512000
70786.733071	816.435000
70840.132027	814.309000
70912.141428	811.571000
70954.156950	809.887000
71040.035591	806.688000
71097.740969	804.383000
71169.384664	801.682000
71223.396594	799.545000
71309.106958	796.300000
71368.423885	793.950000
71427.293481	791.687000
71490.657826	789.177000
71555.163485	786.666000
71623.270530	783.938000
71689.530951	781.338000
71757.768920	778.612000
71807.027205	776.646000
71882.797521	773.590000
71934.022386	771.533000
72005.806359	768.581000
72052.913853	766.695000
72139.441410	763.056000
72179.921301	761.437000
72254.234515	758.249000
72295.529827	756.568000
72381.239790	752.874000
72407.703836	751.774000
72497.829842	747.857000
72533.813478	746.330000
72616.234779	742.696000
72634.967292	741.883000
72738.638153	737.234000
72755.140044	736.508000
72842.014516	732.597000
72866.242451	731.529000
72966.079159	726.956000
72968.299008	726.860000
73072.482813	722.031000
73085.401797	721.468000
73188.186508	716.712000
73189.518048	716.654000
73295.595071	711.800000
73299.631868	711.622000
73411.528921	706.510000
73418.261022	706.200000
73520.899086	701.679000
73523.907233	701.538000
73638.238121	696.486000
73649.581663	695.965000
73755.731493	691.321000
73763.782118	690.946000
73861.676341	686.579000
73879.847435	685.713000
73974.039125	681.456000
73989.195482	680.725000
74087.841127	676.219000
74107.706587	675.264000
74194.072387	671.262000
74215.029298	670.252000
74297.488676	666.365000
74322.189923	665.158000
74406.300850	661.171000
74430.830060	659.955000
74515.406219	655.922000
74544.320382	654.497000
74610.298115	651.291000
74641.726553	649.733000
74720.593385	645.863000
74741.669596	644.808000
74827.474496	640.576000
74850.208549	639.443000
74923.346587	635.831000
74938.930771	635.066000
75033.222854	630.487000
75048.189204	629.762000
75140.671279	625.251000
75151.765673	624.711000
75243.258597	620.156000
75243.894652	620.125000
75350.689022	615.047000
75352.917608	614.938000
75455.516494	609.946000
75459.592682	609.742000
75549.419215	605.275000
75567.352053	604.365000
75649.752247	600.215000
75660.384357	599.676000
75753.163522	594.976000
75772.950964	593.970000
75844.770936	590.322000
75868.090108	589.133000
75942.347135	585.387000
75969.366590	584.004000
76047.382165	580.041000
76079.090800	578.414000
76134.326784	575.583000
76170.937202	573.708000
76234.289593	570.435000
76283.940372	567.944000
76336.827824	565.259000
76374.233114	563.398000
76430.872789	560.510000
76495.853632	557.222000
76533.255288	555.319000
76584.745733	552.740000
76630.508890	550.396000
76696.339042	547.207000
76735.300748	545.240000
76805.974387	541.860000
76837.408015	540.271000
76912.358016	536.643000
76935.591232	535.482000
77015.343248	531.621000
77044.786469	530.132000
77125.412667	526.200000
77140.873719	525.407000
77226.417747	521.262000
77244.671305	520.310000
77334.467103	515.951000
77352.632674	515.009000
77437.384519	510.905000
77442.765986	510.628000
77541.372594	505.892000
77558.605205	504.993000
77644.806381	500.816000
77655.375067	500.264000
77744.865069	495.899000
77751.752406	495.543000
77848.642812	490.828000
77864.310311	490.016000
77948.170293	485.881000
77963.309392	485.093000
78046.965452	481.018000
78054.369905	480.636000
78154.079769	475.799000
78172.034435	474.886000
78251.929498	471.035000
78266.946526	470.271000
78357.553928	465.863000
78366.942834	465.384000
78457.247595	460.935000
78471.367274	460.219000
78559.435689	455.775000
78572.260096	455.120000
78654.422531	450.952000
78663.960239	450.473000
78755.868864	445.844000
78771.893112	445.054000
78856.800002	440.736000
78865.647029	440.307000
78958.750440	435.603000
78962.256339	435.436000
79054.208063	430.860000
79068.095387	430.208000
79162.940019	425.527000
79169.598754	425.214000
79263.228675	420.606000
79266.202403	420.465000
79370.015202	415.453000
79376.095074	415.167000
79474.986944	410.461000
79476.349649	410.396000
79584.234108	405.327000
79588.484018	405.127000
79686.138042	400.448000
79686.369742	400.437000
79795.702721	395.342000
79804.835327	394.906000
79902.992643	390.217000
79905.928438	390.076000
79998.730724	385.599000
80012.013466	384.951000
80112.226718	380.081000
80114.515284	379.967000
80209.233477	375.273000
80218.980128	374.776000
80309.390024	370.228000
80322.296911	369.562000
80409.717460	365.127000
80420.249831	364.580000
80508.589732	360.144000
80520.757533	359.503000
80613.335848	355.093000
80628.038291	354.326000
80721.998690	349.919000
80735.876862	349.213000
80830.001529	344.932000
80847.090994	344.079000
80941.415393	339.886000
80960.714876	338.969000
81061.635890	334.400000
81076.833201	333.681000
81161.567071	329.779000
81185.193813	328.662000
81278.497808	324.327000
81298.900504	323.373000
81388.966273	319.214000
81409.725773	318.264000
81500.889033	314.026000
81524.996997	312.979000
81613.039387	309.113000
81639.997735	307.959000
81732.264545	303.864000
81764.990026	302.446000
81850.432020	298.680000
81870.062074	297.810000
81962.109886	293.920000
82004.528862	292.052000
82082.393260	288.916000
82122.490103	287.172000
82215.042373	283.681000
82254.264390	282.056000
82343.061272	278.949000
82398.782585	276.755000
82483.772306	274.037000
82553.113446	271.601000
82658.987689	268.793000
82723.640711	266.612000
82837.405003	263.996000
82926.000886	261.292000
83046.647048	259.101000
83149.997086	256.228000
83570.915293	253.907000
83711.638350	250.909000
83862.750897	249.006000
84030.865165	245.758000
84117.421138	244.176000
84340.702833	240.610000
84516.031736	238.619000
84670.496519	235.224000
84875.070145	233.968000
85071.787705	230.037000
85331.358803	235.224000
85884.326528	238.619000
85974.912502	240.610000
86288.937048	244.176000
86387.992471	245.758000
86565.700311	249.006000
86664.198295	250.909000
86902.262096	253.907000
87011.207465	256.228000
87532.232028	259.101000
87611.048573	261.292000
87759.942786	263.996000
87845.655371	266.612000
87940.502435	268.793000
88023.742089	271.601000
88115.590257	274.037000
88192.958574	276.755000
88261.563228	278.949000
88340.472124	282.056000
88386.914008	283.681000
88471.174970	287.172000
88517.411338	288.916000
88589.512082	292.052000
88635.893044	293.920000
88724.228063	297.810000
88744.814592	298.680000
88829.787904	302.446000
88861.959106	303.864000
88956.466048	307.959000
88982.467488	309.113000
89072.780287	312.979000
89096.624153	314.026000
89194.207297	318.264000
89214.642666	319.214000
89305.525572	323.373000
89326.185044	324.327000
89418.895407	328.662000
89442.937059	329.779000
89525.472017	333.681000
89541.085460	334.400000
89637.659198	338.969000
89657.914083	339.886000
89746.161340	344.079000
89765.350158	344.932000
89851.118040	349.213000
89866.640584	349.919000
89953.271041	354.326000
89969.624031	355.093000
90054.158283	359.503000
90067.614678	360.144000
90151.821181	364.580000
90162.714311	365.127000
90248.109310	369.562000
90261.237176	370.228000
90349.376095	374.776000
90359.255981	375.273000
90451.309862	379.967000
90453.610218	380.081000
90551.376172	384.951000
90564.710502	385.599000
90656.480309	390.076000
90659.403052	390.217000
90757.033849	394.906000
90766.160868	395.342000
90872.882488	400.437000
90873.118535	400.448000
90971.675337	405.127000
90975.849478	405.327000
91083.563447	410.396000
91084.946854	410.461000
91183.606713	415.167000
91189.616716	415.453000
91296.163289	420.465000
91299.083801	420.606000
91396.267757	425.214000
91402.627602	425.527000
91502.210793	430.208000
91515.421367	430.860000
91612.888232	435.436000
91616.243988	435.603000
91714.996970	440.307000
91723.487907	440.736000
91812.535609	445.054000
91828.069755	445.844000
91921.963737	450.473000
91931.474264	450.952000
92014.466264	455.120000
92027.378068	455.775000
92114.388239	460.219000
92128.577479	460.935000
92216.312746	465.384000
92226.035376	465.863000
92312.436826	470.271000
92328.141012	471.035000
92403.835480	474.886000
92422.777104	475.799000
92517.899468	480.636000
92525.774012	481.018000
92604.761305	485.093000
92620.938232	485.881000
92700.380077	490.016000
92716.847866	490.828000
92807.823550	495.543000
92815.139136	495.899000
92899.586405	500.264000
92910.903354	500.816000
92990.876904	504.993000
93009.429659	505.892000
93100.212357	510.628000
93105.979677	510.905000
93185.710878	515.009000
93205.164152	515.951000
93289.223309	520.310000
93308.834596	521.262000
93388.310434	525.407000
93404.676276	526.200000
93481.338137	530.132000
93511.870286	531.621000
93588.217012	535.482000
93612.198387	536.643000
93684.799686	540.271000
93717.626464	541.860000
93784.489688	545.240000
93825.618400	547.207000
93888.785091	550.396000
93937.172007	552.740000
93987.523194	555.319000
94025.517113	557.222000
94090.139626	560.510000
94147.215258	563.398000
94183.713331	565.259000
94237.680662	567.944000
94286.746823	570.435000
94351.984478	573.708000
94388.277095	575.583000
94443.553945	578.414000
94475.298539	580.041000
94552.533526	584.004000
94579.759248	585.387000
94652.944266	589.133000
94676.513835	590.322000
94748.059957	593.970000
94767.865574	594.976000
94860.311874	599.676000
94870.951867	600.215000
94952.813194	604.365000
94970.881670	605.275000
95058.910228	609.742000
95063.012447	609.946000
95162.759165	614.938000
95164.999405	615.047000
95268.822868	620.125000
95269.474823	620.156000
95362.933852	624.711000
95373.780434	625.251000
95466.459713	629.762000
95481.323270	630.487000
95575.848674	635.066000
95591.601774	635.831000
95665.183565	639.443000
95688.125258	640.576000
95773.041861	644.808000
95794.432260	645.863000
95871.744997	649.733000
95903.495520	651.291000
95968.167902	654.497000
95997.493625	655.922000
96079.325780	659.955000
96104.826552	661.171000
96185.252504	665.158000
96210.715732	666.365000
96290.263162	670.252000
96311.689448	671.262000
96394.728616	675.264000
96415.338146	676.219000
96509.069838	680.725000
96525.072938	681.456000
96613.336426	685.713000
96632.497808	686.579000
96724.129637	690.946000
96732.535942	691.321000
96832.234875	695.965000
96844.143588	696.486000
96954.138927	701.538000
96957.329872	701.679000
97053.782587	706.200000
97060.820366	706.510000
97171.834882	711.622000
97175.731141	711.800000
97285.813230	716.654000
97287.080735	716.712000
97396.267000	721.468000
97408.434324	722.031000
97519.243875	726.860000
97521.315038	726.956000
97627.058438	731.529000
97650.374774	732.597000
97739.097110	736.508000
97755.223642	737.234000
97860.894840	741.883000
97879.024419	742.696000
97962.756220	746.330000
97997.389496	747.857000
98089.693297	751.774000
98115.003128	752.874000
98203.874207	756.568000
98242.877577	758.249000
98321.193732	761.437000
98358.933096	763.056000
98449.919090	766.695000
98494.764095	768.581000
98568.497563	771.533000
98618.517764	773.590000
98694.620432	776.646000
98743.365341	778.612000
98811.665486	781.338000
98876.749388	783.938000
98946.271861	786.666000
99008.961300	789.177000
99073.441270	791.687000
99130.570160	793.950000
99191.702970	796.300000
99273.610811	799.545000
99330.055510	801.682000
99398.322345	804.383000
99459.462187	806.688000
99539.548741	809.887000
99584.756503	811.571000
99653.069152	814.309000
99708.982952	816.435000
99811.385371	820.512000
99854.508388	822.142000
99921.620294	824.789000
99967.612456	826.486000
100066.154862	830.260000
100103.933830	831.612000
100212.277568	835.709000
100258.609710	837.345000
100341.454010	840.422000
100370.748228	841.453000
100487.204340	845.705000
100525.095231	847.005000
100645.510757	851.273000
100671.341923	852.137000
100770.019791	855.657000
100807.881052	856.878000
100936.751201	861.510000
100950.452867	861.959000
101076.609677	866.446000
101106.719554	867.425000
101224.385495	871.471000
101241.677489	872.022000
101383.269621	876.717000
101393.943441	877.046000
101551.722123	882.148000
101565.189251	882.547000
101695.456665	886.678000
101717.217500	887.323000
101868.983826	892.037000
101872.428996	892.142000
102042.927100	897.169000
102050.586458	897.393000
102208.457855	902.187000
102214.480030	902.359000
102378.660174	907.125000
102386.370263	907.335000
102563.706495	912.205000
102569.602841	912.361000
102754.823332	917.323000
102760.495180	917.470000
102942.104522	922.229000
102949.268699	922.408000
103138.998039	927.215000
103154.289293	927.604000
103343.533621	932.097000
103365.226127	932.622000
103569.712693	937.407000
103574.382354	937.516000
103774.999348	942.196000
103795.425663	942.662000
103990.026492	947.085000
104017.563306	947.704000
104224.300135	952.164000
104257.803982	952.884000
104468.330582	957.385000
104470.561935	957.434000
104675.110883	961.932000
104725.914226	962.959000
104948.117719	967.435000
104973.397087	967.924000
105207.658820	972.128000
105225.171007	972.451000
105492.396796	977.004000
105549.869507	978.083000
105815.321361	982.195000
105847.557644	982.771000
106087.588597	986.758000
106160.334672	987.924000
106355.865384	991.076000
106475.605748	992.804000
106630.737171	995.084000
106843.807861	997.855000
106872.376005	998.206000
107073.033294	1000.847000
107130.537315	1001.484000
107195.796349	1002.187000
107196.845944	1002.198000
107201.156088	1002.242000
107210.879120	1002.341000
107215.157000	1002.384000
107219.011797	1002.423000
107221.618502	1002.449000
107225.130380	1002.484000
107241.445860	1002.646000
107243.596364	1002.667000
107250.114105	1002.746000
107261.688076	1002.858000
107268.574819	1002.924000
107271.396341	1002.951000
107401.549243	1004.241000
107622.139749	1006.265000
107879.583728	1008.185000
107901.271617	1008.312000
108292.243527	1011.069000
108701.225387	1008.185000
109029.105289	1006.265000
109300.494150	1004.241000
109441.087901	1002.951000
109443.812032	1002.924000
109450.709086	1002.858000
109462.395680	1002.746000
109470.559463	1002.667000
109472.292027	1002.646000
109488.881632	1002.484000
109492.406581	1002.449000
109495.015405	1002.423000
109498.925463	1002.384000
109503.175624	1002.341000
109513.024696	1002.242000
109517.346043	1002.198000
109518.423579	1002.187000
109585.502256	1001.484000
109644.634553	1000.847000
109883.046043	998.206000
109909.714240	997.855000
110135.247935	995.084000
110310.564129	992.804000
110428.137418	991.076000
110646.552710	987.924000
110718.884185	986.758000
110967.630843	982.771000
111002.308001	982.195000
111232.439248	978.083000
111302.094538	977.004000
111544.609140	972.451000
111563.566734	972.128000
111791.496250	967.924000
111818.745058	967.435000
112050.136580	962.959000
112101.120268	961.932000
112323.626048	957.434000
112325.854349	957.385000
112530.820017	952.884000
112564.496789	952.164000
112772.034507	947.704000
112800.727354	947.085000
112997.488794	942.662000
113017.991617	942.196000
113223.131436	937.516000
113227.803926	937.407000
113432.797754	932.622000
113455.233585	932.097000
113640.880119	927.604000
113657.264727	927.215000
113846.223747	922.408000
113853.288767	922.229000
114043.759829	917.470000
114049.369531	917.323000
114240.823336	912.361000
114246.646471	912.205000
114430.718282	907.335000
114438.365224	907.125000
114613.347537	902.359000
114619.272628	902.187000
114787.123241	897.393000
114794.499794	897.169000
114966.390839	892.142000
114969.952068	892.037000
115124.623757	887.323000
115145.389408	886.678000
115284.759963	882.547000
115297.342073	882.148000
115469.545797	877.046000
115479.720079	876.717000
115632.041004	872.022000
115648.658099	871.471000
115775.633430	867.425000
115804.104749	866.446000
115942.105788	861.959000
115954.729903	861.510000
116096.079831	856.878000
116130.050135	855.657000
116239.199717	852.137000
116263.420648	851.273000
116391.021827	847.005000
116427.699471	845.705000
116551.631831	841.453000
116579.869425	840.422000
116667.297466	837.345000
116711.344679	835.709000
116827.373278	831.612000
116863.126447	830.260000
116968.583416	826.486000
117012.893555	824.789000
117084.632655	822.142000
117125.959594	820.512000
117233.820047	816.435000
117287.219003	814.309000
117359.228403	811.571000
117401.243926	809.887000
117487.122566	806.688000
117544.827945	804.383000
117616.471639	801.682000
117670.483570	799.545000
117756.193934	796.300000
117815.510861	793.950000
117874.380456	791.687000
117937.744802	789.177000
118002.250461	786.666000
118070.357505	783.938000
118136.617927	781.338000
118204.855895	778.612000
118254.114180	776.646000
118329.884497	773.590000
118381.109361	771.533000
118452.893335	768.581000
118500.000829	766.695000
118586.528385	763.056000
118627.008277	761.437000
118701.321490	758.249000
118742.616803	756.568000
118828.326765	752.874000
118854.790812	751.774000
118944.916817	747.857000
118980.900454	746.330000
119063.321754	742.696000
119082.054268	741.883000
119185.725128	737.234000
119202.227019	736.508000
119289.101491	732.597000
119313.329426	731.529000
119413.166135	726.956000
119415.385983	726.860000
119519.569788	722.031000
119532.488773	721.468000
119635.273483	716.712000
119636.605023	716.654000
119742.682046	711.800000
119746.718843	711.622000
119858.615897	706.510000
119865.347997	706.200000
119967.986061	701.679000
119970.994208	701.538000
120085.325097	696.486000
120096.668638	695.965000
120202.818469	691.321000
120210.869093	690.946000
120308.763317	686.579000
120326.934410	685.713000
120421.126101	681.456000
120436.282457	680.725000
120534.928102	676.219000
120554.793563	675.264000
120641.159362	671.262000
120662.116274	670.252000
120744.575651	666.365000
120769.276899	665.158000
120853.387826	661.171000
120877.917035	659.955000
120962.493194	655.922000
120991.407358	654.497000
121057.385091	651.291000
121088.813528	649.733000
121167.680361	645.863000
121188.756572	644.808000
121274.561472	640.576000
121297.295524	639.443000
121370.433563	635.831000
121386.017746	635.066000
121480.309829	630.487000
121495.276179	629.762000
121587.758255	625.251000
121598.852648	624.711000
121690.345572	620.156000
121690.981627	620.125000
121797.775998	615.047000
121800.004583	614.938000
121902.603470	609.946000
121906.679658	609.742000
121996.506190	605.275000
122014.439028	604.365000
122096.839223	600.215000
122107.471333	599.676000
122200.250498	594.976000
122220.037940	593.970000
122291.857912	590.322000
122315.177083	589.133000
122389.434111	585.387000
122416.453566	584.004000
122494.469140	580.041000
122526.177776	578.414000
122581.413759	575.583000
122618.024178	573.708000
122681.376569	570.435000
122731.027348	567.944000
122783.914800	565.259000
122821.320089	563.398000
122877.959764	560.510000
122942.940608	557.222000
122980.342263	555.319000
123031.832709	552.740000
123077.595865	550.396000
123143.426018	547.207000
123182.387724	545.240000
123253.061362	541.860000
123284.494990	540.271000
123359.444992	536.643000
123382.678208	535.482000
123462.430224	531.621000
123491.873445	530.132000
123572.499643	526.200000
123587.960694	525.407000
123673.504723	521.262000
123691.758281	520.310000
123781.554079	515.951000
123799.719650	515.009000
123884.471494	510.905000
123889.852962	510.628000
123988.459570	505.892000
124005.692181	504.993000
124091.893357	500.816000
124102.462042	500.264000
124191.952044	495.899000
124198.839382	495.543000
124295.729788	490.828000
124311.397286	490.016000
124395.257268	485.881000
124410.396368	485.093000
124494.052428	481.018000
124501.456881	480.636000
124601.166745	475.799000
124619.121411	474.886000
124699.016474	471.035000
124714.033502	470.271000
124804.640904	465.863000
124814.029809	465.384000
124904.334571	460.935000
124918.454250	460.219000
125006.522665	455.775000
125019.347071	455.120000
125101.509507	450.952000
125111.047215	450.473000
125202.955839	445.844000
125218.980088	445.054000
125303.886977	440.736000
125312.734005	440.307000
125405.837416	435.603000
125409.343315	435.436000
125501.295038	430.860000
125515.182362	430.208000
125610.026995	425.527000
125616.685730	425.214000
125710.315651	420.606000
125713.289379	420.465000
125817.102177	415.453000
125823.182050	415.167000
125922.073919	410.461000
125923.436624	410.396000
126031.321084	405.327000
126035.570994	405.127000
126133.225017	400.448000
126133.456717	400.437000
126242.789696	395.342000
126251.922302	394.906000
126350.079619	390.217000
126353.015414	390.076000
126445.817700	385.599000
126459.100441	384.951000
126559.313693	380.081000
126561.602260	379.967000
126656.320453	375.273000
126666.067103	374.776000
126756.477000	370.228000
126769.383886	369.562000
126856.804436	365.127000
126867.336807	364.580000
126955.676707	360.144000
126967.844509	359.503000
127060.422824	355.093000
127075.125266	354.326000
127169.085666	349.919000
127182.963837	349.213000
127277.088504	344.932000
127294.177970	344.079000
127388.502368	339.886000
127407.801852	338.969000
127508.722865	334.400000
127523.920177	333.681000
127608.654046	329.779000
127632.280789	328.662000
127725.584784	324.327000
127745.987479	323.373000
127836.053248	319.214000
127856.812748	318.264000
127947.976008	314.026000
127972.083972	312.979000
128060.126363	309.113000
128087.084710	307.959000
128179.351521	303.864000
128212.077001	302.446000
128297.518996	298.680000
128317.149049	297.810000
128409.196861	293.920000
128451.615837	292.052000
128529.480236	288.916000
128569.577078	287.172000
128662.129348	283.681000
128701.351366	282.056000
128790.148247	278.949000
128845.869560	276.755000
128930.859281	274.037000
129000.200422	271.601000
129106.074665	268.793000
129170.727687	266.612000
129284.491978	263.996000
129373.087861	261.292000
129493.734023	259.101000
129597.084061	256.228000
130018.002269	253.907000
130158.725326	250.909000
130309.837872	249.006000
130477.952140	245.758000
130564.508114	244.176000
130787.789808	240.610000
130963.118712	238.619000
131117.583494	235.224000
131322.157121	233.968000
131518.874681	230.037000
131778.445778	235.224000
132331.413503	238.619000
132421.999477	240.610000
132736.024023	244.176000
132835.079447	245.758000
133012.787287	249.006000
133111.285271	250.909000
133349.349072	253.907000
133458.294441	256.228000
133979.319003	259.101000
134058.135548	261.292000
134207.029762	263.996000
134292.742347	266.612000
134387.589411	268.793000
134470.829065	271.601000
134562.677233	274.037000
134640.045550	276.755000
134708.650203	278.949000
134787.559100	282.056000
134834.000983	283.681000
134918.261946	287.172000
134964.498313	288.916000
135036.599058	292.052000
135082.980019	293.920000
135171.315039	297.810000
135191.901568	298.680000
135276.874879	302.446000
135309.046082	303.864000
135403.553023	307.959000
135429.554464	309.113000
135519.867263	312.979000
135543.711128	314.026000
135641.294272	318.264000
135661.729642	319.214000
135752.612547	323.373000
135773.272019	324.327000
135865.982382	328.662000
135890.024034	329.779000
135972.558993	333.681000
135988.172435	334.400000
136084.746173	338.969000
136105.001058	339.886000
136193.248316	344.079000
136212.437133	344.932000
136298.205015	349.213000
136313.727560	349.919000
136400.358017	354.326000
136416.711007	355.093000
136501.245259	359.503000
136514.701653	360.144000
136598.908156	364.580000
136609.801286	365.127000
136695.196286	369.562000
136708.324152	370.228000
136796.463071	374.776000
136806.342956	375.273000
136898.396837	379.967000
136900.697194	380.081000
136998.463147	384.951000
137011.797477	385.599000
137103.567284	390.076000
137106.490028	390.217000
137204.120825	394.906000
137213.247843	395.342000
137319.969463	400.437000
137320.205511	400.448000
137418.762313	405.127000
137422.936454	405.327000
137530.650422	410.396000
137532.033829	410.461000
137630.693689	415.167000
137636.703692	415.453000
137743.250265	420.465000
137746.170776	420.606000
137843.354732	425.214000
137849.714577	425.527000
137949.297768	430.208000
137962.508343	430.860000
138059.975208	435.436000
138063.330963	435.603000
138162.083946	440.307000
138170.574882	440.736000
138259.622584	445.054000
138275.156730	445.844000
138369.050712	450.473000
138378.561240	450.952000
138461.553240	455.120000
138474.465043	455.775000
138561.475214	460.219000
138575.664455	460.935000
138663.399721	465.384000
138673.122351	465.863000
138759.523801	470.271000
138775.227988	471.035000
138850.922456	474.886000
138869.864079	475.799000
138964.986444	480.636000
138972.860988	481.018000
139051.848281	485.093000
139068.025207	485.881000
139147.467053	490.016000
139163.934841	490.828000
139254.910526	495.543000
139262.226111	495.899000
139346.673380	500.264000
139357.990329	500.816000
139437.963879	504.993000
139456.516634	505.892000
139547.299332	510.628000
139553.066653	510.905000
139632.797854	515.009000
139652.251128	515.951000
139736.310284	520.310000
139755.921571	521.262000
139835.397410	525.407000
139851.763252	526.200000
139928.425112	530.132000
139958.957261	531.621000
140035.303987	535.482000
140059.285363	536.643000
140131.886661	540.271000
140164.713440	541.860000
140231.576663	545.240000
140272.705376	547.207000
140335.872066	550.396000
140384.258983	552.740000
140434.610169	555.319000
140472.604088	557.222000
140537.226602	560.510000
140594.302233	563.398000
140630.800306	565.259000
140684.767637	567.944000
140733.833799	570.435000
140799.071454	573.708000
140835.364070	575.583000
140890.640921	578.414000
140922.385515	580.041000
140999.620501	584.004000
141026.846224	585.387000
141100.031242	589.133000
141123.600811	590.322000
141195.146932	593.970000
141214.952550	594.976000
141307.398849	599.676000
141318.038843	600.215000
141399.900170	604.365000
141417.968646	605.275000
141505.997204	609.742000
141510.099423	609.946000
141609.846141	614.938000
141612.086381	615.047000
141715.909844	620.125000
141716.561798	620.156000
141810.020828	624.711000
141820.867409	625.251000
141913.546689	629.762000
141928.410245	630.487000
142022.935650	635.066000
142038.688749	635.831000
142112.270540	639.443000
142135.212234	640.576000
142220.128836	644.808000
142241.519235	645.863000
142318.831973	649.733000
142350.582496	651.291000
142415.254877	654.497000
142444.580601	655.922000
142526.412756	659.955000
142551.913527	661.171000
142632.339480	665.158000
142657.802708	666.365000
142737.350138	670.252000
142758.776423	671.262000
142841.815591	675.264000
142862.425121	676.219000
142956.156814	680.725000
142972.159913	681.456000
143060.423401	685.713000
143079.584783	686.579000
143171.216612	690.946000
143179.622917	691.321000
143279.321851	695.965000
143291.230564	696.486000
143401.225903	701.538000
143404.416848	701.679000
143500.869563	706.200000
143507.907342	706.510000
143618.921858	711.622000
143622.818117	711.800000
143732.900206	716.654000
143734.167711	716.712000
143843.353976	721.468000
143855.521300	722.031000
143966.330851	726.860000
143968.402014	726.956000
144074.145413	731.529000
144097.461749	732.597000
144186.184085	736.508000
144202.310617	737.234000
144307.981816	741.883000
144326.111394	742.696000
144409.843196	746.330000
144444.476472	747.857000
144536.780273	751.774000
144562.090103	752.874000
144650.961183	756.568000
144689.964552	758.249000
144768.280707	761.437000
144806.020071	763.056000
144897.006066	766.695000
144941.851070	768.581000
145015.584539	771.533000
145065.604740	773.590000
145141.707407	776.646000
145190.452316	778.612000
145258.752461	781.338000
145323.836364	783.938000
145393.358837	786.666000
145456.048275	789.177000
145520.528245	791.687000
145577.657135	793.950000
145638.789945	796.300000
145720.697787	799.545000
145777.142486	801.682000
145845.409320	804.383000
145906.549163	806.688000
145986.635717	809.887000
146031.843479	811.571000
146100.156127	814.309000
146156.069927	816.435000
146258.472347	820.512000
146301.595363	822.142000
146368.707270	824.789000
146414.699432	826.486000
146513.241838	830.260000
146551.020805	831.612000
146659.364543	835.709000
146705.696686	837.345000
146788.540985	840.422000
146817.835204	841.453000
146934.291315	845.705000
146972.182206	847.005000
147092.597732	851.273000
147118.428899	852.137000
147217.106767	855.657000
147254.968028	856.878000
147383.838177	861.510000
147397.539843	861.959000
147523.696653	866.446000
147553.806529	867.425000
147671.472471	871.471000
147688.764464	872.022000
147830.356597	876.717000
147841.030417	877.046000
147998.809099	882.148000
148012.276227	882.547000
148142.543640	886.678000
148164.304475	887.323000
148316.070802	892.037000
148319.515971	892.142000
148490.014075	897.169000
148497.673433	897.393000
148655.544831	902.187000
148661.567005	902.359000
148825.747149	907.125000
148833.457239	907.335000
149010.793471	912.205000
149016.689816	912.361000
149201.910308	917.323000
149207.582156	917.470000
149389.191497	922.229000
149396.355675	922.408000
149586.085014	927.215000
149601.376269	927.604000
149790.620596	932.097000
149812.313102	932.622000
150016.799669	937.407000
150021.469330	937.516000
150222.086323	942.196000
150242.512639	942.662000
150437.113467	947.085000
150464.650282	947.704000
150671.387110	952.164000
150704.890957	952.884000
150915.417558	957.385000
150917.648910	957.434000
151122.197858	961.932000
151173.001201	962.959000
151395.204694	967.435000
151420.484063	967.924000
151654.745796	972.128000
151672.257982	972.451000
151939.483771	977.004000
151996.956482	978.083000
152262.408336	982.195000
152294.644620	982.771000
152534.675572	986.758000
152607.421648	987.924000
152802.952360	991.076000
152922.692723	992.804000
153077.824146	995.084000
153290.894837	997.855000
153319.462980	998.206000
153520.120270	1000.847000
153577.624291	1001.484000
153642.883325	1002.187000
153643.932920	1002.198000
153648.243064	1002.242000
153657.966095	1002.341000
153662.243975	1002.384000
153666.098773	1002.423000
153668.705478	1002.449000
153672.217356	1002.484000
153688.532835	1002.646000
153690.683340	1002.667000
153697.201080	1002.746000
153708.775052	1002.858000
153715.661795	1002.924000
153718.483317	1002.951000
153848.636219	1004.241000
154069.226725	1006.265000
154326.670703	1008.185000
154348.358593	1008.312000
154739.330503	1011.069000
155148.312363	1008.185000
155476.192265	1006.265000
155747.581125	1004.241000
155888.174877	1002.951000
155890.899007	1002.924000
155897.796061	1002.858000
155909.482655	1002.746000
155917.646439	1002.667000
155919.379003	1002.646000
155935.968607	1002.484000
155939.493557	1002.449000
155942.102380	1002.423000
155946.012438	1002.384000
155950.262599	1002.341000
155960.111672	1002.242000
155964.433019	1002.198000
155965.510555	1002.187000
156032.589231	1001.484000
156091.721528	1000.847000
156330.133018	998.206000
156356.801215	997.855000
156582.334910	995.084000
156757.651104	992.804000
156875.224393	991.076000
157093.639686	987.924000
157165.971161	986.758000
157414.717819	982.771000
157449.394977	982.195000
157679.526224	978.083000
157749.181513	977.004000
157991.696115	972.451000
158010.653710	972.128000
158238.583226	967.924000
158265.832034	967.435000
158497.223556	962.959000
158548.207244	961.932000
158770.713024	957.434000
158772.941325	957.385000
158977.906993	952.884000
159011.583765	952.164000
159219.121483	947.704000
159247.814330	947.085000
159444.575770	942.662000
159465.078593	942.196000
159670.218411	937.516000
159674.890901	937.407000
159879.884730	932.622000
159902.320560	932.097000
160087.967094	927.604000
160104.351702	927.215000
160293.310722	922.408000
160300.375742	922.229000
160490.846804	917.470000
160496.456506	917.323000
160687.910311	912.361000
160693.733447	912.205000
160877.805257	907.335000
160885.452199	907.125000
161060.434512	902.359000
161066.359604	902.187000
161234.210217	897.393000
161241.586769	897.169000
161413.477814	892.142000
161417.039044	892.037000
161571.710732	887.323000
161592.476384	886.678000
161731.846939	882.547000
161744.429049	882.148000
161916.632773	877.046000
161926.807054	876.717000
162079.127979	872.022000
162095.745075	871.471000
162222.720405	867.425000
162251.191724	866.446000
162389.192763	861.959000
162401.816879	861.510000
162543.166806	856.878000
162577.137111	855.657000
162686.286692	852.137000
162710.507624	851.273000
162838.108803	847.005000
162874.786446	845.705000
162998.718806	841.453000
163026.956401	840.422000
163114.384442	837.345000
163158.431655	835.709000
163274.460253	831.612000
163310.213422	830.260000
163415.670392	826.486000
163459.980530	824.789000
163531.719630	822.142000
163573.046570	820.512000
163680.907022	816.435000
163734.305978	814.309000
163806.315379	811.571000
163848.330901	809.887000
163934.209542	806.688000
163991.914920	804.383000
164063.558615	801.682000
164117.570545	799.545000
164203.280910	796.300000
164262.597836	793.950000
164321.467432	791.687000
164384.831777	789.177000
164449.337437	786.666000
164517.444481	783.938000
164583.704902	781.338000
164651.942871	778.612000
164701.201156	776.646000
164776.971472	773.590000
164828.196337	771.533000
164899.980310	768.581000
164947.087804	766.695000
165033.615361	763.056000
165074.095252	761.437000
165148.408466	758.249000
165189.703778	756.568000
165275.413741	752.874000
165301.877787	751.774000
165392.003793	747.857000
165427.987429	746.330000
165510.408730	742.696000
165529.141243	741.883000
165632.812104	737.234000
165649.313995	736.508000
165736.188467	732.597000
165760.416402	731.529000
165860.253110	726.956000
165862.472959	726.860000
165966.656764	722.031000
165979.575749	721.468000
166082.360459	716.712000
166083.691999	716.654000
166189.769022	711.800000
166193.805819	711.622000
166305.702872	706.510000
166312.434973	706.200000
166415.073037	701.679000
166418.081184	701.538000
166532.412072	696.486000
166543.755614	695.965000
166649.905444	691.321000
166657.956069	690.946000
166755.850292	686.579000
166774.021386	685.713000
166868.213076	681.456000
166883.369433	680.725000
166982.015078	676.219000
167001.880539	675.264000
167088.246338	671.262000
167109.203249	670.252000
167191.662627	666.365000
167216.363874	665.158000
167300.474801	661.171000
167325.004011	659.955000
167409.580170	655.922000
167438.494333	654.497000
167504.472066	651.291000
167535.900504	649.733000
167614.767336	645.863000
167635.843548	644.808000
167721.648447	640.576000
167744.382500	639.443000
167817.520538	635.831000
167833.104722	635.066000
167927.396805	630.487000
167942.363155	629.762000
168034.845230	625.251000
168045.939624	624.711000
168137.432548	620.156000
168138.068603	620.125000
168244.862973	615.047000
168247.091559	614.938000
168349.690445	609.946000
168353.766633	609.742000
168443.593166	605.275000
168461.526004	604.365000
168543.926198	600.215000
168554.558308	599.676000
168647.337473	594.976000
168667.124916	593.970000
168738.944887	590.322000
168762.264059	589.133000
168836.521086	585.387000
168863.540542	584.004000
168941.556116	580.041000
168973.264751	578.414000
169028.500735	575.583000
169065.111153	573.708000
169128.463544	570.435000
169178.114323	567.944000
169231.001775	565.259000
169268.407065	563.398000
169325.046740	560.510000
169390.027583	557.222000
169427.429239	555.319000
169478.919684	552.740000
169524.682841	550.396000
169590.512993	547.207000
169629.474699	545.240000
169700.148338	541.860000
169731.581966	540.271000
169806.531967	536.643000
169829.765183	535.482000
169909.517199	531.621000
169938.960420	530.132000
170019.586618	526.200000
170035.047670	525.407000
170120.591698	521.262000
170138.845256	520.310000
170228.641054	515.951000
170246.806625	515.009000
170331.558470	510.905000
170336.939937	510.628000
170435.546545	505.892000
170452.779156	504.993000
170538.980332	500.816000
170549.549018	500.264000
170639.039020	495.899000
170645.926357	495.543000
170742.816763	490.828000
170758.484262	490.016000
170842.344244	485.881000
170857.483343	485.093000
170941.139403	481.018000
170948.543856	480.636000
171048.253720	475.799000
171066.208386	474.886000
171146.103449	471.035000
171161.120477	470.271000
171251.727879	465.863000
171261.116785	465.384000
171351.421546	460.935000
171365.541225	460.219000
171453.609640	455.775000
171466.434047	455.120000
171548.596482	450.952000
171558.134190	450.473000
171650.042815	445.844000
171666.067063	445.054000
171750.973953	440.736000
171759.820980	440.307000
171852.924391	435.603000
171856.430290	435.436000
171948.382014	430.860000
171962.269338	430.208000
172057.113970	425.527000
172063.772705	425.214000
172157.402626	420.606000
172160.376354	420.465000
172264.189153	415.453000
172270.269025	415.167000
172369.160895	410.461000
172370.523600	410.396000
172478.408059	405.327000
172482.657969	405.127000
172580.311993	400.448000
172580.543693	400.437000
172689.876672	395.342000
172699.009278	394.906000
172797.166594	390.217000
172800.102389	390.076000
172892.904675	385.599000
172906.187417	384.951000
173006.400669	380.081000
173008.689235	379.967000
173103.407428	375.273000
173113.154079	374.776000
173203.563975	370.228000
173216.470862	369.562000
173303.891411	365.127000
173314.423782	364.580000
173402.763683	360.144000
173414.931484	359.503000
173507.509799	355.093000
173522.212242	354.326000
173616.172641	349.919000
173630.050813	349.213000
173724.175480	344.932000
173741.264945	344.079000
173835.589344	339.886000
173854.888828	338.969000
173955.809841	334.400000
173971.007152	333.681000
174055.741022	329.779000
174079.367764	328.662000
174172.671759	324.327000
174193.074455	323.373000
174283.140224	319.214000
174303.899724	318.264000
174395.062984	314.026000
174419.170948	312.979000
174507.213338	309.113000
174534.171686	307.959000
174626.438496	303.864000
174659.163977	302.446000
174744.605971	298.680000
174764.236025	297.810000
174856.283837	293.920000
174898.702813	292.052000
174976.567211	288.916000
175016.664054	287.172000
175109.216324	283.681000
175148.438342	282.056000
175237.235223	278.949000
175292.956536	276.755000
175377.946257	274.037000
175447.287397	271.601000
175553.161641	268.793000
175617.814662	266.612000
175731.578954	263.996000
175820.174837	261.292000
175940.820999	259.101000
176044.171037	256.228000
176465.089244	253.907000
176605.812301	250.909000
176756.924848	249.006000
176925.039116	245.758000
177011.595089	244.176000
177234.876784	240.610000
177410.205687	238.619000
177564.670470	235.224000
177769.244096	233.968000
177965.961656	230.037000
178225.532754	235.224000
178778.500479	238.619000
178869.086453	240.610000
179183.110999	244.176000
179282.166422	245.758000
179459.874262	249.006000
179558.372246	250.909000
179796.436047	253.907000
179905.381416	256.228000
180426.405979	259.101000
180505.222524	261.292000
180654.116737	263.996000
180739.829322	266.612000
180834.676387	268.793000
180917.916040	271.601000
181009.764208	274.037000
181087.132525	276.755000
181155.737179	278.949000
181234.646076	282.056000
181281.087959	283.681000
181365.348921	287.172000
181411.585289	288.916000
181483.686033	292.052000
181530.066995	293.920000
181618.402014	297.810000
181638.988543	298.680000
181723.961855	302.446000
181756.133057	303.864000
181850.639999	307.959000
181876.641439	309.113000
181966.954239	312.979000
181990.798104	314.026000
182088.381248	318.264000
182108.816617	319.214000
182199.699523	323.373000
182220.358995	324.327000
182313.069358	328.662000
182337.111010	329.779000
182419.645968	333.681000
182435.259411	334.400000
182531.833149	338.969000
182552.088034	339.886000
182640.335291	344.079000
182659.524109	344.932000
182745.291991	349.213000
182760.814536	349.919000
182847.444992	354.326000
182863.797982	355.093000
182948.332235	359.503000
182961.788629	360.144000
183045.995132	364.580000
183056.888262	365.127000
183142.283262	369.562000
183155.411128	370.228000
183243.550046	374.776000
183253.429932	375.273000
183345.483813	379.967000
183347.784169	380.081000
183445.550123	384.951000
183458.884453	385.599000
183550.654260	390.076000
183553.577003	390.217000
183651.207800	394.906000
183660.334819	395.342000
183767.056439	400.437000
183767.292486	400.448000
183865.849288	405.127000
183870.023429	405.327000
183977.737398	410.396000
183979.120805	410.461000
184077.780664	415.167000
184083.790667	415.453000
184190.337240	420.465000
184193.257752	420.606000
184290.441708	425.214000
184296.801553	425.527000
184396.384744	430.208000
184409.595318	430.860000
184507.062183	435.436000
184510.417939	435.603000
184609.170921	440.307000
184617.661858	440.736000
184706.709560	445.054000
184722.243706	445.844000
184816.137688	450.473000
184825.648215	450.952000
184908.640216	455.120000
184921.552019	455.775000
185008.562190	460.219000
185022.751430	460.935000
185110.486697	465.384000
185120.209327	465.863000
185206.610777	470.271000
185222.314963	471.035000
185298.009431	474.886000
185316.951055	475.799000
185412.073419	480.636000
185419.947963	481.018000
185498.935256	485.093000
185515.112183	485.881000
185594.554028	490.016000
185611.021817	490.828000
185701.997501	495.543000
185709.313087	495.899000
185793.760356	500.264000
185805.077305	500.816000
185885.050855	504.993000
185903.603610	505.892000
185994.386308	510.628000
186000.153628	510.905000
186079.884829	515.009000
186099.338103	515.951000
186183.397260	520.310000
186203.008547	521.262000
186282.484386	525.407000
186298.850227	526.200000
186375.512088	530.132000
186406.044237	531.621000
186482.390963	535.482000
186506.372338	536.643000
186578.973637	540.271000
186611.800415	541.860000
186678.663639	545.240000
186719.792351	547.207000
186782.959042	550.396000
186831.345958	552.740000
186881.697145	555.319000
186919.691064	557.222000
186984.313577	560.510000
187041.389209	563.398000
187077.887282	565.259000
187131.854613	567.944000
187180.920774	570.435000
187246.158430	573.708000
187282.451046	575.583000
187337.727896	578.414000
187369.472490	580.041000
187446.707477	584.004000
187473.933199	585.387000
187547.118217	589.133000
187570.687786	590.322000
187642.233908	593.970000
187662.039525	594.976000
187754.485825	599.676000
187765.125818	600.215000
187846.987145	604.365000
187865.055621	605.275000
187953.084179	609.742000
187957.186398	609.946000
188056.933116	614.938000
188059.173356	615.047000
188162.996819	620.125000
188163.648774	620.156000
188257.107803	624.711000
188267.954385	625.251000
188360.633664	629.762000
188375.497221	630.487000
188470.022625	635.066000
188485.775725	635.831000
188559.357516	639.443000
188582.299209	640.576000
188667.215812	644.808000
188688.606211	645.863000
188765.918948	649.733000
188797.669471	651.291000
188862.341853	654.497000
188891.667576	655.922000
188973.499732	659.955000
188999.000503	661.171000
189079.426455	665.158000
189104.889683	666.365000
189184.437113	670.252000
189205.863399	671.262000
189288.902567	675.264000
189309.512097	676.219000
189403.243789	680.725000
189419.246889	681.456000
189507.510377	685.713000
189526.671759	686.579000
189618.303588	690.946000
189626.709893	691.321000
189726.408827	695.965000
189738.317539	696.486000
189848.312878	701.538000
189851.503823	701.679000
189947.956538	706.200000
189954.994317	706.510000
190066.008833	711.622000
190069.905092	711.800000
190179.987181	716.654000
190181.254686	716.712000
190290.440951	721.468000
190302.608275	722.031000
190413.417827	726.860000
190415.488989	726.956000
190521.232389	731.529000
190544.548725	732.597000
190633.271061	736.508000
190649.397593	737.234000
190755.068791	741.883000
190773.198370	742.696000
190856.930171	746.330000
190891.563447	747.857000
190983.867248	751.774000
191009.177079	752.874000
191098.048158	756.568000
191137.051528	758.249000
191215.367683	761.437000
191253.107047	763.056000
191344.093041	766.695000
191388.938046	768.581000
191462.671514	771.533000
191512.691715	773.590000
191588.794383	776.646000
191637.539292	778.612000
191705.839437	781.338000
191770.923339	783.938000
191840.445812	786.666000
191903.135251	789.177000
191967.615221	791.687000
192024.744111	793.950000
192085.876921	796.300000
192167.784762	799.545000
192224.229461	801.682000
192292.496296	804.383000
192353.636139	806.688000
192433.722692	809.887000
192478.930454	811.571000
192547.243103	814.309000
192603.156903	816.435000
192705.559322	820.512000
192748.682339	822.142000
192815.794246	824.789000
192861.786408	826.486000
192960.328814	830.260000
192998.107781	831.612000
193106.451519	835.709000
193152.783661	837.345000
193235.627961	840.422000
193264.922179	841.453000
193381.378291	845.705000
193419.269182	847.005000
193539.684708	851.273000
193565.515874	852.137000
193664.193742	855.657000
193702.055003	856.878000
193830.925152	861.510000
193844.626818	861.959000
193970.783628	866.446000
194000.893505	867.425000
194118.559446	871.471000
194135.851440	872.022000
194277.443573	876.717000
194288.117392	877.046000
194445.896074	882.148000
194459.363202	882.547000
194589.630616	886.678000
194611.391451	887.323000
194763.157777	892.037000
194766.602947	892.142000
194937.101051	897.169000
194944.760409	897.393000
195102.631806	902.187000
195108.653981	902.359000
195272.834125	907.125000
195280.544214	907.335000
195457.880446	912.205000
195463.776792	912.361000
195648.997283	917.323000
195654.669131	917.470000
195836.278473	922.229000
195843.442650	922.408000
196033.171990	927.215000
196048.463244	927.604000
196237.707572	932.097000
196259.400078	932.622000
196463.886645	937.407000
196468.556305	937.516000
196669.173299	942.196000
196689.599614	942.662000
196884.200443	947.085000
196911.737258	947.704000
197118.474086	952.164000
197151.977933	952.884000
197362.504533	957.385000
197364.735886	957.434000
197569.284834	961.932000
197620.088177	962.959000
197842.291670	967.435000
197867.571038	967.924000
198101.832771	972.128000
198119.344958	972.451000
198386.570747	977.004000
198444.043458	978.083000
198709.495312	982.195000
198741.731595	982.771000
198981.762548	986.758000
199054.508623	987.924000
199250.039335	991.076000
199369.779699	992.804000
199524.911122	995.084000
199737.981812	997.855000
199766.549956	998.206000
