0.000000	500.000000
17.729712	500.816000
101.827111	504.993000
121.505225	505.892000
216.980979	510.628000
223.104956	510.905000
307.078831	515.009000
327.713825	515.951000
416.174981	520.310000
436.971188	521.262000
520.557997	525.407000
537.916628	526.200000
618.689263	530.132000
651.047698	531.621000
731.614970	535.482000
757.053864	536.643000
833.773811	540.271000
868.596333	541.860000
939.159158	545.240000
982.855045	547.207000
1049.526621	550.396000
1100.850348	552.740000
1153.909436	555.319000
1194.047988	557.222000
1262.196295	560.510000
1322.423417	563.398000
1360.903642	565.259000
1417.961857	567.944000
1469.717832	570.435000
1538.624682	573.708000
1576.833192	575.583000
1635.083514	578.414000
1668.533000	580.041000
1749.905876	584.004000
1778.622252	585.387000
1855.748978	589.133000
1880.628528	590.322000
1956.060353	593.970000
1976.950539	594.976000
2074.449225	599.676000
2085.675253	600.215000
2172.038153	604.365000
2191.114426	605.275000
2283.973510	609.742000
2288.310914	609.946000
2393.697816	614.938000
2396.072734	615.047000
2506.067316	620.125000
2506.760483	620.156000
2605.817363	624.711000
2617.284272	625.251000
2715.530784	629.762000
2731.283060	630.487000
2831.545836	635.066000
2848.249957	635.831000
2926.170856	639.443000
2950.447744	640.576000
3040.209860	644.808000
3062.848730	645.863000
3144.531290	649.733000
3178.155646	651.291000
3246.561178	654.497000
3277.654905	655.922000
3364.271150	659.955000
3391.373914	661.171000
3476.442253	665.158000
3503.526102	666.365000
3587.811417	670.252000
3610.618140	671.262000
3698.754234	675.264000
3720.742490	676.219000
3820.259009	680.725000
3837.367017	681.456000
3931.039163	685.713000
3951.554997	686.579000
4048.950323	690.946000
4057.968266	691.321000
4164.260699	695.965000
4177.074220	696.486000
4294.572914	701.538000
4298.000984	701.679000
4400.745411	706.200000
4408.309873	706.510000
4526.854269	711.622000
4531.019458	711.800000
4649.320424	716.654000
4650.675102	716.712000
4768.238504	721.468000
4781.222361	722.031000
4900.524590	726.860000
4902.734223	726.956000
5016.722107	731.529000
5041.638516	732.597000
5136.989336	736.508000
5154.265690	737.234000
5267.866176	741.883000
5287.299605	742.696000
5377.507967	746.330000
5414.727509	747.857000
5514.539557	751.774000
5541.800953	752.874000
5638.246442	756.568000
5680.314089	758.249000
5765.628465	761.437000
5806.363736	763.056000
5905.813426	766.695000
5954.380800	768.581000
6034.957100	771.533000
6089.344957	773.590000
6172.462176	776.646000
6225.655402	778.612000
6300.339225	781.338000
6371.493552	783.938000
6447.772137	786.666000
6516.273332	789.177000
6587.135632	791.687000
6649.697021	793.950000
6717.058847	796.300000
6806.752984	799.545000
6869.155656	801.682000
6943.931745	804.383000
7011.588886	806.688000
7099.146946	809.887000
7149.310663	811.571000
7223.947066	814.309000
7285.704289	816.435000
7397.732013	820.512000
7445.424005	822.142000
7518.981166	824.789000
7570.128838	826.486000
7678.798805	830.260000
7721.129185	831.612000
7840.940887	835.709000
7893.035903	837.345000
7985.024152	840.422000
8017.990673	841.453000
8147.827629	845.705000
8190.768306	847.005000
8326.027027	851.273000
8355.519955	852.137000
8466.177602	855.657000
8509.911020	856.878000
8654.147437	861.510000
8669.891580	861.959000
8811.471673	866.446000
8846.157637	867.425000
8979.421118	871.471000
8999.476580	872.022000
9161.571867	876.717000
9174.100805	877.046000
9356.186949	882.148000
9372.246140	882.547000
9523.584048	886.678000
9549.528575	887.323000
9727.161342	892.037000
9731.222805	892.142000
9934.956776	897.169000
9944.141470	897.393000
10130.519823	902.187000
10137.819135	902.359000
10335.342306	907.125000
10344.913561	907.335000
10564.093152	912.205000
10571.534176	912.361000
10803.587890	917.323000
10810.836468	917.470000
11041.347656	922.229000
11050.731869	922.408000
11296.846469	927.215000
11316.627491	927.604000
11574.634144	932.097000
11603.741988	932.622000
11886.116945	937.407000
11892.579833	937.516000
12170.391164	942.196000
12199.287876	942.662000
12475.625653	947.085000
12515.179794	947.704000
12826.665973	952.164000
12877.396129	952.884000
13198.319862	957.385000
13201.609732	957.434000
13502.711090	961.932000
13587.050460	962.959000
13958.258077	967.435000
14004.093791	967.924000
14539.312786	972.128000
14575.462668	972.451000
15407.419237	977.004000
15519.847318	978.083000
16106.682305	972.451000
16165.703164	972.128000
16636.211229	967.924000
16698.466721	967.435000
17118.018158	962.959000
17203.190236	961.932000
17572.575325	957.434000
17575.855442	957.385000
17878.053581	952.884000
17929.389970	952.164000
18243.635106	947.704000
18286.866035	947.085000
18569.496026	942.662000
18598.610520	942.196000
18888.817841	937.516000
18895.288233	937.407000
19179.003091	932.622000
19209.984670	932.097000
19459.092371	927.604000
19481.430361	927.215000
19725.870909	922.408000
19735.035567	922.229000
19984.529821	917.470000
19991.650044	917.323000
20236.326528	912.361000
20243.622050	912.205000
20475.915566	907.335000
20485.366842	907.125000
20702.588742	902.359000
20709.717148	902.187000
20913.164242	897.393000
20921.872784	897.169000
21127.995337	892.142000
21132.250771	892.037000
21314.591131	887.323000
21338.895996	886.678000
21505.061644	882.547000
21519.678886	882.148000
21725.027244	877.046000
21736.768981	876.717000
21915.563408	872.022000
21934.586731	871.471000
22081.854240	867.425000
22114.099655	866.446000
22273.074036	861.959000
22287.241511	861.510000
22449.662158	856.878000
22487.683027	855.657000
22613.761351	852.137000
22640.922773	851.273000
22786.612374	847.005000
22827.811141	845.705000
22968.260188	841.453000
22999.742291	840.422000
23098.130250	837.345000
23147.039179	835.709000
23277.499621	831.612000
23317.037190	830.260000
23435.199064	826.486000
23484.063116	824.789000
23563.843839	822.142000
23609.139711	820.512000
23728.428209	816.435000
23786.846394	814.309000
23866.381331	811.571000
23912.286263	809.887000
24007.579452	806.688000
24070.668333	804.383000
24149.949000	801.682000
24209.110977	799.545000
24303.868427	796.300000
24368.824120	793.950000
24433.692125	791.687000
24503.081911	789.177000
24573.972443	786.666000
24648.393495	783.938000
24721.093026	781.338000
24795.695601	778.612000
24849.557815	776.646000
24932.242709	773.590000
24988.189083	771.533000
25066.241077	768.581000
25117.720380	766.695000
25211.430175	763.056000
25255.675586	761.437000
25335.888089	758.249000
25380.873493	756.568000
25473.317209	752.874000
25502.036764	751.774000
25599.112117	747.857000
25638.022763	746.330000
25726.598935	742.696000
25746.780388	741.883000
25857.907090	737.234000
25875.647240	736.508000
25968.715863	732.597000
25994.753878	731.529000
26101.441833	726.956000
26103.834756	726.860000
26214.983899	722.031000
26228.893022	721.468000
26338.575477	716.712000
26340.009177	716.654000
26453.381697	711.800000
26457.719886	711.622000
26577.340379	706.510000
26584.529104	706.200000
26694.848233	701.679000
26698.052605	701.538000
26820.879603	696.486000
26832.996947	695.965000
26947.211896	691.321000
26955.794942	690.946000
27060.811894	686.579000
27080.125920	685.713000
27180.975697	681.456000
27197.060813	680.725000
27302.517289	676.219000
27323.608783	675.264000
27415.752238	671.262000
27437.995480	670.252000
27525.767491	666.365000
27551.939957	665.158000
27641.404173	661.171000
27667.349269	659.955000
27757.238616	655.922000
27787.843166	654.497000
27857.798597	651.291000
27891.041211	649.733000
27974.562557	645.863000
27996.830024	644.808000
28087.643009	640.576000
28111.674313	639.443000
28189.068947	635.831000
28205.572127	635.066000
28305.556667	630.487000
28321.431424	629.762000
28419.443170	625.251000
28431.204003	624.711000
28527.929503	620.156000
28528.603655	620.125000
28642.148897	615.047000
28644.509947	614.938000
28753.276831	609.946000
28757.583507	609.742000
28852.559893	605.275000
28871.476788	604.365000
28958.472974	600.215000
28969.689745	599.676000
29067.579045	594.976000
29088.447912	593.970000
29164.200795	590.322000
29188.786441	589.133000
29267.170624	585.387000
29295.645334	584.004000
29377.932389	580.041000
29411.339825	578.414000
29469.542342	575.583000
29508.122121	573.708000
29574.818896	570.435000
29627.262209	567.944000
29683.048958	565.259000
29722.596570	563.398000
29782.312254	560.510000
29850.881083	557.222000
29890.323367	555.319000
29944.720280	552.740000
29992.944593	550.396000
30062.770260	547.207000
30103.893807	545.240000
30178.978758	541.860000
30212.151636	540.271000
30291.658313	536.643000
30316.209542	535.482000
30400.808656	531.621000
30431.879535	530.132000
30517.328404	526.200000
30533.618511	525.407000
30624.351834	521.262000
30643.549576	520.310000
30738.770867	515.951000
30757.887730	515.009000
30847.787960	510.905000
30853.455787	510.628000
30958.160312	505.892000
30976.283771	504.993000
31067.713674	500.816000
31078.827335	500.264000
31173.668255	495.899000
31180.918788	495.543000
31283.631995	490.828000
31300.120967	490.016000
31388.878281	485.881000
31404.803823	485.093000
31493.476529	481.018000
31501.273054	480.636000
31607.016286	475.799000
31625.951797	474.886000
31710.749336	471.035000
31726.585848	470.271000
31822.641825	465.863000
31832.540008	465.384000
31928.128217	460.935000
31943.023881	460.219000
32035.984064	455.775000
32049.502428	455.120000
32136.176586	450.952000
32146.249543	450.473000
32243.284222	445.844000
32260.244603	445.054000
32349.788801	440.736000
32359.171634	440.307000
32457.432385	435.603000
32461.159044	435.436000
32558.374176	430.860000
32573.164145	430.208000
32673.536383	425.527000
32680.626778	425.214000
32779.747153	420.606000
32782.910027	420.465000
32893.070350	415.453000
32899.543722	415.167000
33004.675995	410.461000
33006.124251	410.396000
33121.009122	405.327000
33125.533845	405.127000
33229.258640	400.448000
33229.505036	400.437000
33346.061657	395.342000
33355.766509	394.906000
33460.066110	390.217000
33463.183468	390.076000
33561.669518	385.599000
33575.746173	384.951000
33681.999989	380.081000
33684.419284	379.967000
33784.608683	375.273000
33794.884594	374.776000
33890.350209	370.228000
33903.940248	369.562000
33996.160641	365.127000
34007.242770	364.580000
34100.541635	360.144000
34113.325399	359.503000
34211.732833	355.093000
34227.195336	354.326000
34327.276262	349.919000
34341.911909	349.213000
34442.597401	344.932000
34460.658782	344.079000
34561.899891	339.886000
34582.421341	338.969000
34690.448967	334.400000
34706.617587	333.681000
34797.098217	329.779000
34822.237404	328.662000
34921.746835	324.327000
34943.487567	323.373000
35039.624681	319.214000
35061.811720	318.264000
35159.030303	314.026000
35185.000196	312.979000
35279.677331	309.113000
35308.786145	307.959000
35407.842792	303.864000
35443.108739	302.446000
35534.935644	298.680000
35556.014777	297.810000
35655.620011	293.920000
35701.215251	292.052000
35786.208373	288.916000
35829.391677	287.172000
35931.798280	283.681000
35974.387830	282.056000
36074.472607	278.949000
36135.566186	276.755000
36234.015577	274.037000
36312.087164	271.601000
36445.504377	268.793000
36519.134206	266.612000
36678.824791	263.996000
36783.211869	261.292000
37046.120290	259.101000
37173.053046	256.228000
37396.786939	261.292000
37721.252648	263.996000
37822.242514	266.612000
37955.379045	268.793000
38050.176184	271.601000
38165.918467	274.037000
38253.027899	276.755000
38332.497348	278.949000
38419.014099	282.056000
38471.359693	283.681000
38562.855151	287.172000
38614.014451	288.916000
38691.665163	292.052000
38742.292443	293.920000
38837.241846	297.810000
38859.518595	298.680000
38950.764588	302.446000
38985.339880	303.864000
39087.183361	307.959000
39115.098226	309.113000
39212.615277	312.979000
39238.255981	314.026000
39343.375757	318.264000
39365.168502	319.214000
39462.301024	323.373000
39484.353153	324.327000
39583.143584	328.662000
39608.784192	329.779000
39696.602549	333.681000
39713.274916	334.400000
39816.020984	338.969000
39837.702169	339.886000
39931.536889	344.079000
39952.132803	344.932000
40042.778488	349.213000
40059.383010	349.919000
40150.741785	354.326000
40168.160000	355.093000
40257.064351	359.503000
40271.368017	360.144000
40359.837244	364.580000
40371.341861	365.127000
40461.194217	369.562000
40475.042871	370.228000
40567.846921	374.776000
40578.279290	375.273000
40675.331858	379.967000
40677.765090	380.081000
40781.115669	384.951000
40795.253754	385.599000
40892.508663	390.076000
40895.610413	390.217000
40999.279155	394.906000
41008.977305	395.342000
41122.386071	400.437000
41122.637714	400.448000
41227.445984	405.127000
41231.879615	405.327000
41346.558726	410.396000
41348.031899	410.461000
41452.885610	415.167000
41459.274865	415.453000
41572.717312	420.465000
41575.816395	420.606000
41679.181812	425.214000
41685.914598	425.527000
41791.953375	430.208000
41805.933870	430.860000
41909.735863	435.436000
41913.283706	435.603000
42018.254974	440.307000
42027.216254	440.736000
42121.656983	445.054000
42138.039548	445.844000
42237.418794	450.473000
42247.459755	450.952000
42335.109196	455.120000
42348.730015	455.775000
42440.448499	460.219000
42455.425882	460.935000
42547.982877	465.384000
42558.274347	465.863000
42649.362426	470.271000
42666.010966	471.035000
42745.836104	474.886000
42765.940013	475.799000
42866.258815	480.636000
42874.609841	481.018000
42957.779586	485.093000
42974.926602	485.881000
43058.495277	490.016000
43075.924766	490.828000
43171.670459	495.543000
43179.425687	495.899000
43268.326175	500.264000
43280.319803	500.816000
43364.417202	504.993000
43384.095316	505.892000
43479.571071	510.628000
43485.695047	510.905000
43569.668922	515.009000
43590.303917	515.951000
43678.765073	520.310000
43699.561280	521.262000
43783.148089	525.407000
43800.506720	526.200000
43881.279355	530.132000
43913.637790	531.621000
43994.205061	535.482000
44019.643956	536.643000
44096.363903	540.271000
44131.186425	541.860000
44201.749249	545.240000
44245.445136	547.207000
44312.116713	550.396000
44363.440440	552.740000
44416.499528	555.319000
44456.638080	557.222000
44524.786387	560.510000
44585.013509	563.398000
44623.493733	565.259000
44680.551949	567.944000
44732.307923	570.435000
44801.214774	573.708000
44839.423284	575.583000
44897.673605	578.414000
44931.123091	580.041000
45012.495968	584.004000
45041.212344	585.387000
45118.339069	589.133000
45143.218619	590.322000
45218.650444	593.970000
45239.540630	594.976000
45337.039316	599.676000
45348.265345	600.215000
45434.628245	604.365000
45453.704517	605.275000
45546.563601	609.742000
45550.901005	609.946000
45656.287908	614.938000
45658.662825	615.047000
45768.657408	620.125000
45769.350575	620.156000
45868.407454	624.711000
45879.874363	625.251000
45978.120876	629.762000
45993.873151	630.487000
46094.135927	635.066000
46110.840049	635.831000
46188.760947	639.443000
46213.037836	640.576000
46302.799952	644.808000
46325.438822	645.863000
46407.121382	649.733000
46440.745737	651.291000
46509.151269	654.497000
46540.244997	655.922000
46626.861242	659.955000
46653.964006	661.171000
46739.032344	665.158000
46766.116194	666.365000
46850.401509	670.252000
46873.208231	671.262000
46961.344326	675.264000
46983.332582	676.219000
47082.849101	680.725000
47099.957108	681.456000
47193.629255	685.713000
47214.145089	686.579000
47311.540415	690.946000
47320.558358	691.321000
47426.850791	695.965000
47439.664311	696.486000
47557.163006	701.538000
47560.591075	701.679000
47663.335503	706.200000
47670.899964	706.510000
47789.444360	711.622000
47793.609550	711.800000
47911.910516	716.654000
47913.265194	716.712000
48030.828596	721.468000
48043.812452	722.031000
48163.114682	726.860000
48165.324315	726.956000
48279.312199	731.529000
48304.228607	732.597000
48399.579427	736.508000
48416.855781	737.234000
48530.456268	741.883000
48549.889696	742.696000
48640.098058	746.330000
48677.317600	747.857000
48777.129649	751.774000
48804.391045	752.874000
48900.836534	756.568000
48942.904180	758.249000
49028.218556	761.437000
49068.953827	763.056000
49168.403518	766.695000
49216.970892	768.581000
49297.547192	771.533000
49351.935048	773.590000
49435.052267	776.646000
49488.245494	778.612000
49562.929317	781.338000
49634.083643	783.938000
49710.362229	786.666000
49778.863424	789.177000
49849.725724	791.687000
49912.287113	793.950000
49979.648938	796.300000
50069.343076	799.545000
50131.745748	801.682000
50206.521836	804.383000
50274.178977	806.688000
50361.737038	809.887000
50411.900755	811.571000
50486.537158	814.309000
50548.294381	816.435000
50660.322105	820.512000
50708.014096	822.142000
50781.571258	824.789000
50832.718929	826.486000
50941.388896	830.260000
50983.719276	831.612000
51103.530979	835.709000
51155.625995	837.345000
51247.614243	840.422000
51280.580765	841.453000
51410.417720	845.705000
51453.358398	847.005000
51588.617118	851.273000
51618.110046	852.137000
51728.767693	855.657000
51772.501112	856.878000
51916.737528	861.510000
51932.481671	861.959000
52074.061765	866.446000
52108.747729	867.425000
52242.011210	871.471000
52262.066671	872.022000
52424.161958	876.717000
52436.690897	877.046000
52618.777040	882.148000
52634.836232	882.547000
52786.174139	886.678000
52812.118667	887.323000
52989.751433	892.037000
52993.812896	892.142000
53197.546868	897.169000
53206.731561	897.393000
53393.109915	902.187000
53400.409226	902.359000
53597.932398	907.125000
53607.503652	907.335000
53826.683244	912.205000
53834.124268	912.361000
54066.177981	917.323000
54073.426559	917.470000
54303.937748	922.229000
54313.321961	922.408000
54559.436561	927.215000
54579.217583	927.604000
54837.224235	932.097000
54866.332079	932.622000
55148.707037	937.407000
55155.169925	937.516000
55432.981256	942.196000
55461.877968	942.662000
55738.215745	947.085000
55777.769885	947.704000
56089.256064	952.164000
56139.986221	952.884000
56460.909953	957.385000
56464.199824	957.434000
56765.301182	961.932000
56849.640552	962.959000
57220.848169	967.435000
57266.683882	967.924000
57801.902877	972.128000
57838.052759	972.451000
58670.009328	977.004000
58782.437409	978.083000
59369.272396	972.451000
59428.293255	972.128000
59898.801320	967.924000
59961.056812	967.435000
60380.608249	962.959000
60465.780328	961.932000
60835.165417	957.434000
60838.445534	957.385000
61140.643673	952.884000
61191.980062	952.164000
61506.225197	947.704000
61549.456127	947.085000
61832.086118	942.662000
61861.200611	942.196000
62151.407933	937.516000
62157.878325	937.407000
62441.593183	932.622000
62472.574761	932.097000
62721.682463	927.604000
62744.020452	927.215000
62988.461000	922.408000
62997.625659	922.229000
63247.119912	917.470000
63254.240136	917.323000
63498.916620	912.361000
63506.212142	912.205000
63738.505657	907.335000
63747.956933	907.125000
63965.178833	902.359000
63972.307240	902.187000
64175.754333	897.393000
64184.462875	897.169000
64390.585428	892.142000
64394.840862	892.037000
64577.181222	887.323000
64601.486087	886.678000
64767.651736	882.547000
64782.268978	882.148000
64987.617335	877.046000
64999.359072	876.717000
65178.153499	872.022000
65197.176823	871.471000
65344.444331	867.425000
65376.689746	866.446000
65535.664127	861.959000
65549.831603	861.510000
65712.252250	856.878000
65750.273119	855.657000
65876.351442	852.137000
65903.512865	851.273000
66049.202466	847.005000
66090.401233	845.705000
66230.850280	841.453000
66262.332382	840.422000
66360.720342	837.345000
66409.629271	835.709000
66540.089712	831.612000
66579.627282	830.260000
66697.789155	826.486000
66746.653208	824.789000
66826.433931	822.142000
66871.729803	820.512000
66991.018300	816.435000
67049.436485	814.309000
67128.971423	811.571000
67174.876354	809.887000
67270.169544	806.688000
67333.258424	804.383000
67412.539092	801.682000
67471.701069	799.545000
67566.458519	796.300000
67631.414212	793.950000
67696.282216	791.687000
67765.672003	789.177000
67836.562535	786.666000
67910.983586	783.938000
67983.683118	781.338000
68058.285693	778.612000
68112.147907	776.646000
68194.832800	773.590000
68250.779174	771.533000
68328.831169	768.581000
68380.310471	766.695000
68474.020267	763.056000
68518.265677	761.437000
68598.478181	758.249000
68643.463584	756.568000
68735.907300	752.874000
68764.626856	751.774000
68861.702209	747.857000
68900.612854	746.330000
68989.189027	742.696000
69009.370479	741.883000
69120.497182	737.234000
69138.237331	736.508000
69231.305955	732.597000
69257.343969	731.529000
69364.031925	726.956000
69366.424848	726.860000
69477.573991	722.031000
69491.483114	721.468000
69601.165569	716.712000
69602.599269	716.654000
69715.971788	711.800000
69720.309978	711.622000
69839.930471	706.510000
69847.119196	706.200000
69957.438325	701.679000
69960.642696	701.538000
70083.469695	696.486000
70095.587039	695.965000
70209.801988	691.321000
70218.385033	690.946000
70323.401986	686.579000
70342.716012	685.713000
70443.565789	681.456000
70459.650905	680.725000
70565.107380	676.219000
70586.198875	675.264000
70678.342329	671.262000
70700.585571	670.252000
70788.357582	666.365000
70814.530048	665.158000
70903.994264	661.171000
70929.939361	659.955000
71019.828707	655.922000
71050.433257	654.497000
71120.388689	651.291000
71153.631302	649.733000
71237.152648	645.863000
71259.420116	644.808000
71350.233101	640.576000
71374.264404	639.443000
71451.659038	635.831000
71468.162219	635.066000
71568.146758	630.487000
71584.021515	629.762000
71682.033261	625.251000
71693.794094	624.711000
71790.519595	620.156000
71791.193747	620.125000
71904.738989	615.047000
71907.100038	614.938000
72015.866922	609.946000
72020.173598	609.742000
72115.149985	605.275000
72134.066879	604.365000
72221.063065	600.215000
72232.279837	599.676000
72330.169136	594.976000
72351.038004	593.970000
72426.790886	590.322000
72451.376533	589.133000
72529.760716	585.387000
72558.235425	584.004000
72640.522481	580.041000
72673.929917	578.414000
72732.132434	575.583000
72770.712213	573.708000
72837.408987	570.435000
72889.852301	567.944000
72945.639050	565.259000
72985.186662	563.398000
73044.902346	560.510000
73113.471175	557.222000
73152.913458	555.319000
73207.310371	552.740000
73255.534684	550.396000
73325.360352	547.207000
73366.483899	545.240000
73441.568849	541.860000
73474.741727	540.271000
73554.248404	536.643000
73578.799633	535.482000
73663.398747	531.621000
73694.469627	530.132000
73779.918496	526.200000
73796.208603	525.407000
73886.941926	521.262000
73906.139668	520.310000
74001.360958	515.951000
74020.477822	515.009000
74110.378051	510.905000
74116.045879	510.628000
74220.750403	505.892000
74238.873863	504.993000
74330.303765	500.816000
74341.417427	500.264000
74436.258347	495.899000
74443.508879	495.543000
74546.222087	490.828000
74562.711058	490.016000
74651.468373	485.881000
74667.393914	485.093000
74756.066620	481.018000
74763.863146	480.636000
74869.606378	475.799000
74888.541888	474.886000
74973.339428	471.035000
74989.175939	470.271000
75085.231916	465.863000
75095.130099	465.384000
75190.718309	460.935000
75205.613972	460.219000
75298.574156	455.775000
75312.092519	455.120000
75398.766678	450.952000
75408.839634	450.473000
75505.874314	445.844000
75522.834695	445.054000
75612.378893	440.736000
75621.761726	440.307000
75720.022477	435.603000
75723.749135	435.436000
75820.964267	430.860000
75835.754236	430.208000
75936.126475	425.527000
75943.216869	425.214000
76042.337244	420.606000
76045.500118	420.465000
76155.660442	415.453000
76162.133813	415.167000
76267.266086	410.461000
76268.714342	410.396000
76383.599213	405.327000
76388.123936	405.127000
76491.848731	400.448000
76492.095128	400.437000
76608.651748	395.342000
76618.356600	394.906000
76722.656201	390.217000
76725.773559	390.076000
76824.259610	385.599000
76838.336264	384.951000
76944.590080	380.081000
76947.009375	379.967000
77047.198775	375.273000
77057.474686	374.776000
77152.940300	370.228000
77166.530339	369.562000
77258.750733	365.127000
77269.832861	364.580000
77363.131727	360.144000
77375.915490	359.503000
77474.322925	355.093000
77489.785427	354.326000
77589.866353	349.919000
77604.502000	349.213000
77705.187493	344.932000
77723.248873	344.079000
77824.489983	339.886000
77845.011433	338.969000
77953.039059	334.400000
77969.207678	333.681000
78059.688309	329.779000
78084.827495	328.662000
78184.336927	324.327000
78206.077659	323.373000
78302.214773	319.214000
78324.401812	318.264000
78421.620394	314.026000
78447.590287	312.979000
78542.267422	309.113000
78571.376237	307.959000
78670.432883	303.864000
78705.698831	302.446000
78797.525735	298.680000
78818.604868	297.810000
78918.210103	293.920000
78963.805342	292.052000
79048.798465	288.916000
79091.981769	287.172000
79194.388372	283.681000
79236.977922	282.056000
79337.062698	278.949000
79398.156278	276.755000
79496.605668	274.037000
79574.677256	271.601000
79708.094468	268.793000
79781.724298	266.612000
79941.414883	263.996000
80045.801961	261.292000
80308.710382	259.101000
80435.643137	256.228000
80659.377030	261.292000
80983.842740	263.996000
81084.832605	266.612000
81217.969136	268.793000
81312.766276	271.601000
81428.508558	274.037000
81515.617990	276.755000
81595.087439	278.949000
81681.604190	282.056000
81733.949785	283.681000
81825.445243	287.172000
81876.604542	288.916000
81954.255254	292.052000
82004.882535	293.920000
82099.831937	297.810000
82122.108686	298.680000
82213.354679	302.446000
82247.929972	303.864000
82349.773453	307.959000
82377.688317	309.113000
82475.205368	312.979000
82500.846072	314.026000
82605.965848	318.264000
82627.758593	319.214000
82724.891115	323.373000
82746.943245	324.327000
82845.733676	328.662000
82871.374284	329.779000
82959.192641	333.681000
82975.865007	334.400000
83078.611076	338.969000
83100.292260	339.886000
83194.126981	344.079000
83214.722894	344.932000
83305.368579	349.213000
83321.973101	349.919000
83413.331877	354.326000
83430.750091	355.093000
83519.654442	359.503000
83533.958108	360.144000
83622.427336	364.580000
83633.931953	365.127000
83723.784308	369.562000
83737.632963	370.228000
83830.437013	374.776000
83840.869381	375.273000
83937.921949	379.967000
83940.355181	380.081000
84043.705761	384.951000
84057.843846	385.599000
84155.098755	390.076000
84158.200504	390.217000
84261.869246	394.906000
84271.567396	395.342000
84384.976162	400.437000
84385.227806	400.448000
84490.036076	405.127000
84494.469707	405.327000
84609.148817	410.396000
84610.621991	410.461000
84715.475702	415.167000
84721.864956	415.453000
84835.307404	420.465000
84838.406487	420.606000
84941.771903	425.214000
84948.504689	425.527000
85054.543466	430.208000
85068.523962	430.860000
85172.325955	435.436000
85175.873797	435.603000
85280.845066	440.307000
85289.806346	440.736000
85384.247074	445.054000
85400.629639	445.844000
85500.008885	450.473000
85510.049847	450.952000
85597.699287	455.120000
85611.320106	455.775000
85703.038590	460.219000
85718.015974	460.935000
85810.572968	465.384000
85820.864439	465.863000
85911.952517	470.271000
85928.601058	471.035000
86008.426196	474.886000
86028.530105	475.799000
86128.848906	480.636000
86137.199933	481.018000
86220.369677	485.093000
86237.516694	485.881000
86321.085368	490.016000
86338.514858	490.828000
86434.260550	495.543000
86442.015779	495.899000
86530.916266	500.264000
86542.909895	500.816000
86627.007294	504.993000
86646.685408	505.892000
86742.161162	510.628000
86748.285139	510.905000
86832.259014	515.009000
86852.894008	515.951000
86941.355164	520.310000
86962.151372	521.262000
87045.738180	525.407000
87063.096811	526.200000
87143.869447	530.132000
87176.227881	531.621000
87256.795153	535.482000
87282.234047	536.643000
87358.953994	540.271000
87393.776516	541.860000
87464.339341	545.240000
87508.035228	547.207000
87574.706804	550.396000
87626.030531	552.740000
87679.089619	555.319000
87719.228171	557.222000
87787.376478	560.510000
87847.603600	563.398000
87886.083825	565.259000
87943.142040	567.944000
87994.898015	570.435000
88063.804865	573.708000
88102.013375	575.583000
88160.263697	578.414000
88193.713183	580.041000
88275.086059	584.004000
88303.802435	585.387000
88380.929161	589.133000
88405.808711	590.322000
88481.240536	593.970000
88502.130722	594.976000
88599.629408	599.676000
88610.855436	600.215000
88697.218337	604.365000
88716.294609	605.275000
88809.153693	609.742000
88813.491097	609.946000
88918.877999	614.938000
88921.252917	615.047000
89031.247499	620.125000
89031.940667	620.156000
89130.997546	624.711000
89142.464455	625.251000
89240.710967	629.762000
89256.463243	630.487000
89356.726019	635.066000
89373.430140	635.831000
89451.351039	639.443000
89475.627927	640.576000
89565.390043	644.808000
89588.028913	645.863000
89669.711473	649.733000
89703.335829	651.291000
89771.741361	654.497000
89802.835088	655.922000
89889.451333	659.955000
89916.554097	661.171000
90001.622436	665.158000
90028.706286	666.365000
90112.991600	670.252000
90135.798323	671.262000
90223.934417	675.264000
90245.922673	676.219000
90345.439192	680.725000
90362.547200	681.456000
90456.219346	685.713000
90476.735180	686.579000
90574.130506	690.946000
90583.148449	691.321000
90689.440882	695.965000
90702.254403	696.486000
90819.753097	701.538000
90823.181167	701.679000
90925.925594	706.200000
90933.490056	706.510000
91052.034452	711.622000
91056.199641	711.800000
91174.500607	716.654000
91175.855285	716.712000
91293.418687	721.468000
91306.402544	722.031000
91425.704773	726.860000
91427.914406	726.956000
91541.902290	731.529000
91566.818699	732.597000
91662.169519	736.508000
91679.445873	737.234000
91793.046359	741.883000
91812.479788	742.696000
91902.688150	746.330000
91939.907692	747.857000
92039.719740	751.774000
92066.981136	752.874000
92163.426625	756.568000
92205.494272	758.249000
92290.808648	761.437000
92331.543919	763.056000
92430.993610	766.695000
92479.560984	768.581000
92560.137283	771.533000
92614.525140	773.590000
92697.642359	776.646000
92750.835585	778.612000
92825.519408	781.338000
92896.673735	783.938000
92972.952320	786.666000
93041.453515	789.177000
93112.315815	791.687000
93174.877204	793.950000
93242.239030	796.300000
93331.933167	799.545000
93394.335839	801.682000
93469.111928	804.383000
93536.769069	806.688000
93624.327129	809.887000
93674.490846	811.571000
93749.127249	814.309000
93810.884472	816.435000
93922.912196	820.512000
93970.604188	822.142000
94044.161349	824.789000
94095.309021	826.486000
94203.978988	830.260000
94246.309368	831.612000
94366.121070	835.709000
94418.216086	837.345000
94510.204335	840.422000
94543.170856	841.453000
94673.007812	845.705000
94715.948489	847.005000
94851.207210	851.273000
94880.700138	852.137000
94991.357785	855.657000
95035.091203	856.878000
95179.327620	861.510000
95195.071763	861.959000
95336.651856	866.446000
95371.337820	867.425000
95504.601301	871.471000
95524.656763	872.022000
95686.752050	876.717000
95699.280988	877.046000
95881.367132	882.148000
95897.426323	882.547000
96048.764231	886.678000
96074.708758	887.323000
96252.341525	892.037000
96256.402988	892.142000
96460.136960	897.169000
96469.321653	897.393000
96655.700006	902.187000
96662.999318	902.359000
96860.522489	907.125000
96870.093744	907.335000
97089.273335	912.205000
97096.714360	912.361000
97328.768073	917.323000
97336.016651	917.470000
97566.527839	922.229000
97575.912052	922.408000
97822.026652	927.215000
97841.807674	927.604000
98099.814327	932.097000
98128.922171	932.622000
98411.297128	937.407000
98417.760017	937.516000
98695.571347	942.196000
98724.468059	942.662000
99000.805836	947.085000
99040.359977	947.704000
99351.846156	952.164000
99402.576312	952.884000
99723.500045	957.385000
99726.789915	957.434000
100027.891273	961.932000
100112.230643	962.959000
100483.438260	967.435000
100529.273974	967.924000
101064.492969	972.128000
101100.642851	972.451000
101932.599420	977.004000
102045.027501	978.083000
102631.862488	972.451000
102690.883347	972.128000
103161.391412	967.924000
103223.646904	967.435000
103643.198341	962.959000
103728.370419	961.932000
104097.755508	957.434000
104101.035625	957.385000
104403.233764	952.884000
104454.570153	952.164000
104768.815289	947.704000
104812.046218	947.085000
105094.676209	942.662000
105123.790703	942.196000
105413.998024	937.516000
105420.468416	937.407000
105704.183274	932.622000
105735.164853	932.097000
105984.272554	927.604000
106006.610544	927.215000
106251.051092	922.408000
106260.215750	922.229000
106509.710004	917.470000
106516.830227	917.323000
106761.506711	912.361000
106768.802233	912.205000
107001.095749	907.335000
107010.547025	907.125000
107227.768925	902.359000
107234.897332	902.187000
107438.344425	897.393000
107447.052967	897.169000
107653.175520	892.142000
107657.430954	892.037000
107839.771314	887.323000
107864.076179	886.678000
108030.241828	882.547000
108044.859069	882.148000
108250.207427	877.046000
108261.949164	876.717000
108440.743591	872.022000
108459.766914	871.471000
108607.034423	867.425000
108639.279838	866.446000
108798.254219	861.959000
108812.421694	861.510000
108974.842341	856.878000
109012.863210	855.657000
109138.941534	852.137000
109166.102956	851.273000
109311.792557	847.005000
109352.991324	845.705000
109493.440371	841.453000
109524.922474	840.422000
109623.310434	837.345000
109672.219363	835.709000
109802.679804	831.612000
109842.217373	830.260000
109960.379247	826.486000
110009.243299	824.789000
110089.024022	822.142000
110134.319894	820.512000
110253.608392	816.435000
110312.026577	814.309000
110391.561514	811.571000
110437.466446	809.887000
110532.759635	806.688000
110595.848516	804.383000
110675.129183	801.682000
110734.291160	799.545000
110829.048610	796.300000
110894.004303	793.950000
110958.872308	791.687000
111028.262094	789.177000
111099.152626	786.666000
111173.573678	783.938000
111246.273209	781.338000
111320.875784	778.612000
111374.737998	776.646000
111457.422892	773.590000
111513.369266	771.533000
111591.421260	768.581000
111642.900563	766.695000
111736.610358	763.056000
111780.855769	761.437000
111861.068272	758.249000
111906.053676	756.568000
111998.497392	752.874000
112027.216947	751.774000
112124.292300	747.857000
112163.202946	746.330000
112251.779118	742.696000
112271.960571	741.883000
112383.087274	737.234000
112400.827423	736.508000
112493.896046	732.597000
112519.934061	731.529000
112626.622016	726.956000
112629.014939	726.860000
112740.164082	722.031000
112754.073205	721.468000
112863.755660	716.712000
112865.189360	716.654000
112978.561880	711.800000
112982.900069	711.622000
113102.520562	706.510000
113109.709287	706.200000
113220.028416	701.679000
113223.232788	701.538000
113346.059787	696.486000
113358.177130	695.965000
113472.392079	691.321000
113480.975125	690.946000
113585.992077	686.579000
113605.306103	685.713000
113706.155880	681.456000
113722.240996	680.725000
113827.697472	676.219000
113848.788967	675.264000
113940.932421	671.262000
113963.175663	670.252000
114050.947674	666.365000
114077.120140	665.158000
114166.584356	661.171000
114192.529452	659.955000
114282.418799	655.922000
114313.023349	654.497000
114382.978780	651.291000
114416.221394	649.733000
114499.742740	645.863000
114522.010208	644.808000
114612.823192	640.576000
114636.854496	639.443000
114714.249130	635.831000
114730.752310	635.066000
114830.736850	630.487000
114846.611607	629.762000
114944.623353	625.251000
114956.384186	624.711000
115053.109686	620.156000
115053.783838	620.125000
115167.329080	615.047000
115169.690130	614.938000
115278.457014	609.946000
115282.763690	609.742000
115377.740076	605.275000
115396.656971	604.365000
115483.653157	600.215000
115494.869929	599.676000
115592.759228	594.976000
115613.628095	593.970000
115689.380978	590.322000
115713.966624	589.133000
115792.350807	585.387000
115820.825517	584.004000
115903.112572	580.041000
115936.520008	578.414000
115994.722525	575.583000
116033.302304	573.708000
116099.999079	570.435000
116152.442392	567.944000
116208.229141	565.259000
116247.776753	563.398000
116307.492438	560.510000
116376.061266	557.222000
116415.503550	555.319000
116469.900463	552.740000
116518.124776	550.396000
116587.950443	547.207000
116629.073990	545.240000
116704.158941	541.860000
116737.331819	540.271000
116816.838496	536.643000
116841.389725	535.482000
116925.988839	531.621000
116957.059718	530.132000
117042.508587	526.200000
117058.798694	525.407000
117149.532017	521.262000
117168.729759	520.310000
117263.951050	515.951000
117283.067913	515.009000
117372.968143	510.905000
117378.635970	510.628000
117483.340495	505.892000
117501.463954	504.993000
117592.893857	500.816000
117604.007518	500.264000
117698.848438	495.899000
117706.098971	495.543000
117808.812178	490.828000
117825.301150	490.016000
117914.058464	485.881000
117929.984006	485.093000
118018.656712	481.018000
118026.453237	480.636000
118132.196469	475.799000
118151.131980	474.886000
118235.929519	471.035000
118251.766031	470.271000
118347.822008	465.863000
118357.720191	465.384000
118453.308400	460.935000
118468.204064	460.219000
118561.164247	455.775000
118574.682611	455.120000
118661.356769	450.952000
118671.429726	450.473000
118768.464405	445.844000
118785.424787	445.054000
118874.968984	440.736000
118884.351817	440.307000
118982.612568	435.603000
118986.339227	435.436000
119083.554359	430.860000
119098.344328	430.208000
119198.716566	425.527000
119205.806961	425.214000
119304.927336	420.606000
119308.090210	420.465000
119418.250533	415.453000
119424.723905	415.167000
119529.856178	410.461000
119531.304434	410.396000
119646.189305	405.327000
119650.714028	405.127000
119754.438823	400.448000
119754.685219	400.437000
119871.241840	395.342000
119880.946692	394.906000
119985.246293	390.217000
119988.363651	390.076000
120086.849701	385.599000
120100.926356	384.951000
120207.180172	380.081000
120209.599467	379.967000
120309.788866	375.273000
120320.064777	374.776000
120415.530392	370.228000
120429.120431	369.562000
120521.340824	365.127000
120532.422953	364.580000
120625.721818	360.144000
120638.505582	359.503000
120736.913016	355.093000
120752.375519	354.326000
120852.456445	349.919000
120867.092092	349.213000
120967.777584	344.932000
120985.838965	344.079000
121087.080074	339.886000
121107.601524	338.969000
121215.629150	334.400000
121231.797770	333.681000
121322.278400	329.779000
121347.417587	328.662000
121446.927019	324.327000
121468.667750	323.373000
121564.804864	319.214000
121586.991904	318.264000
121684.210486	314.026000
121710.180379	312.979000
121804.857514	309.113000
121833.966328	307.959000
121933.022975	303.864000
121968.288922	302.446000
122060.115827	298.680000
122081.194960	297.810000
122180.800194	293.920000
122226.395434	292.052000
122311.388556	288.916000
122354.571860	287.172000
122456.978463	283.681000
122499.568013	282.056000
122599.652790	278.949000
122660.746369	276.755000
122759.195760	274.037000
122837.267347	271.601000
122970.684560	268.793000
123044.314389	266.612000
123204.004974	263.996000
123308.392052	261.292000
123571.300473	259.101000
123698.233229	256.228000
123921.967122	261.292000
124246.432831	263.996000
124347.422697	266.612000
124480.559228	268.793000
124575.356367	271.601000
124691.098650	274.037000
124778.208082	276.755000
124857.677531	278.949000
124944.194282	282.056000
124996.539876	283.681000
125088.035334	287.172000
125139.194634	288.916000
125216.845346	292.052000
125267.472626	293.920000
125362.422029	297.810000
125384.698778	298.680000
125475.944771	302.446000
125510.520063	303.864000
125612.363544	307.959000
125640.278409	309.113000
125737.795460	312.979000
125763.436164	314.026000
125868.555940	318.264000
125890.348685	319.214000
125987.481207	323.373000
126009.533336	324.327000
126108.323767	328.662000
126133.964375	329.779000
126221.782732	333.681000
126238.455099	334.400000
126341.201167	338.969000
126362.882352	339.886000
126456.717072	344.079000
126477.312986	344.932000
126567.958671	349.213000
126584.563193	349.919000
126675.921968	354.326000
126693.340183	355.093000
126782.244534	359.503000
126796.548200	360.144000
126885.017427	364.580000
126896.522044	365.127000
126986.374400	369.562000
127000.223054	370.228000
127093.027105	374.776000
127103.459473	375.273000
127200.512041	379.967000
127202.945273	380.081000
127306.295852	384.951000
127320.433937	385.599000
127417.688846	390.076000
127420.790596	390.217000
127524.459338	394.906000
127534.157488	395.342000
127647.566254	400.437000
127647.817897	400.448000
127752.626167	405.127000
127757.059798	405.327000
127871.738909	410.396000
127873.212082	410.461000
127978.065793	415.167000
127984.455048	415.453000
128097.897495	420.465000
128100.996578	420.606000
128204.361995	425.214000
128211.094781	425.527000
128317.133558	430.208000
128331.114053	430.860000
128434.916046	435.436000
128438.463889	435.603000
128543.435157	440.307000
128552.396437	440.736000
128646.837166	445.054000
128663.219731	445.844000
128762.598977	450.473000
128772.639938	450.952000
128860.289379	455.120000
128873.910198	455.775000
128965.628682	460.219000
128980.606065	460.935000
129073.163060	465.384000
129083.454530	465.863000
129174.542609	470.271000
129191.191149	471.035000
129271.016287	474.886000
129291.120196	475.799000
129391.438998	480.636000
129399.790024	481.018000
129482.959769	485.093000
129500.106785	485.881000
129583.675460	490.016000
129601.104949	490.828000
129696.850642	495.543000
129704.605870	495.899000
129793.506358	500.264000
129805.499986	500.816000
129889.597385	504.993000
129909.275500	505.892000
130004.751254	510.628000
130010.875230	510.905000
130094.849105	515.009000
130115.484100	515.951000
130203.945256	520.310000
130224.741463	521.262000
130308.328272	525.407000
130325.686903	526.200000
130406.459538	530.132000
130438.817973	531.621000
130519.385244	535.482000
130544.824139	536.643000
130621.544086	540.271000
130656.366608	541.860000
130726.929432	545.240000
130770.625319	547.207000
130837.296896	550.396000
130888.620623	552.740000
130941.679711	555.319000
130981.818263	557.222000
131049.966570	560.510000
131110.193692	563.398000
131148.673916	565.259000
131205.732132	567.944000
131257.488106	570.435000
131326.394957	573.708000
131364.603467	575.583000
131422.853788	578.414000
131456.303274	580.041000
131537.676151	584.004000
131566.392527	585.387000
131643.519252	589.133000
131668.398802	590.322000
131743.830627	593.970000
131764.720813	594.976000
131862.219499	599.676000
131873.445528	600.215000
131959.808428	604.365000
131978.884700	605.275000
132071.743785	609.742000
132076.081188	609.946000
132181.468091	614.938000
132183.843009	615.047000
132293.837591	620.125000
132294.530758	620.156000
132393.587637	624.711000
132405.054546	625.251000
132503.301059	629.762000
132519.053334	630.487000
132619.316110	635.066000
132636.020232	635.831000
132713.941130	639.443000
132738.218019	640.576000
132827.980135	644.808000
132850.619005	645.863000
132932.301565	649.733000
132965.925920	651.291000
133034.331452	654.497000
133065.425180	655.922000
133152.041425	659.955000
133179.144189	661.171000
133264.212527	665.158000
133291.296377	666.365000
133375.581692	670.252000
133398.388415	671.262000
133486.524509	675.264000
133508.512765	676.219000
133608.029284	680.725000
133625.137291	681.456000
133718.809438	685.713000
133739.325272	686.579000
133836.720598	690.946000
133845.738541	691.321000
133952.030974	695.965000
133964.844494	696.486000
134082.343189	701.538000
134085.771258	701.679000
134188.515686	706.200000
134196.080147	706.510000
134314.624543	711.622000
134318.789733	711.800000
134437.090699	716.654000
134438.445377	716.712000
134556.008779	721.468000
134568.992635	722.031000
134688.294865	726.860000
134690.504498	726.956000
134804.492382	731.529000
134829.408790	732.597000
134924.759610	736.508000
134942.035964	737.234000
135055.636451	741.883000
135075.069879	742.696000
135165.278241	746.330000
135202.497783	747.857000
135302.309832	751.774000
135329.571228	752.874000
135426.016717	756.568000
135468.084363	758.249000
135553.398739	761.437000
135594.134010	763.056000
135693.583701	766.695000
135742.151075	768.581000
135822.727375	771.533000
135877.115231	773.590000
135960.232450	776.646000
136013.425677	778.612000
136088.109500	781.338000
136159.263827	783.938000
136235.542412	786.666000
136304.043607	789.177000
136374.905907	791.687000
136437.467296	793.950000
136504.829121	796.300000
136594.523259	799.545000
136656.925931	801.682000
136731.702019	804.383000
136799.359160	806.688000
136886.917221	809.887000
136937.080938	811.571000
137011.717341	814.309000
137073.474564	816.435000
137185.502288	820.512000
137233.194279	822.142000
137306.751441	824.789000
137357.899113	826.486000
137466.569079	830.260000
137508.899459	831.612000
137628.711162	835.709000
137680.806178	837.345000
137772.794426	840.422000
137805.760948	841.453000
137935.597903	845.705000
137978.538581	847.005000
138113.797301	851.273000
138143.290229	852.137000
138253.947876	855.657000
138297.681295	856.878000
138441.917711	861.510000
138457.661854	861.959000
138599.241948	866.446000
138633.927912	867.425000
138767.191393	871.471000
138787.246854	872.022000
138949.342141	876.717000
138961.871080	877.046000
139143.957223	882.148000
139160.016415	882.547000
139311.354322	886.678000
139337.298850	887.323000
139514.931616	892.037000
139518.993080	892.142000
139722.727051	897.169000
139731.911744	897.393000
139918.290098	902.187000
139925.589409	902.359000
140123.112581	907.125000
140132.683835	907.335000
140351.863427	912.205000
140359.304451	912.361000
140591.358165	917.323000
140598.606742	917.470000
140829.117931	922.229000
140838.502144	922.408000
141084.616744	927.215000
141104.397766	927.604000
141362.404418	932.097000
141391.512262	932.622000
141673.887220	937.407000
141680.350108	937.516000
141958.161439	942.196000
141987.058151	942.662000
142263.395928	947.085000
142302.950068	947.704000
142614.436247	952.164000
142665.166404	952.884000
142986.090136	957.385000
142989.380007	957.434000
143290.481365	961.932000
143374.820735	962.959000
143746.028352	967.435000
143791.864065	967.924000
144327.083060	972.128000
144363.232942	972.451000
145195.189511	977.004000
145307.617592	978.083000
145894.452579	972.451000
145953.473438	972.128000
146423.981503	967.924000
146486.236995	967.435000
146905.788432	962.959000
146990.960511	961.932000
147360.345600	957.434000
147363.625717	957.385000
147665.823856	952.884000
147717.160245	952.164000
148031.405381	947.704000
148074.636310	947.085000
148357.266301	942.662000
148386.380794	942.196000
148676.588116	937.516000
148683.058508	937.407000
148966.773366	932.622000
148997.754944	932.097000
149246.862646	927.604000
149269.200635	927.215000
149513.641183	922.408000
149522.805842	922.229000
149772.300095	917.470000
149779.420319	917.323000
150024.096803	912.361000
150031.392325	912.205000
150263.685840	907.335000
150273.137116	907.125000
150490.359017	902.359000
150497.487423	902.187000
150700.934516	897.393000
150709.643058	897.169000
150915.765611	892.142000
150920.021045	892.037000
151102.361405	887.323000
151126.666271	886.678000
151292.831919	882.547000
151307.449161	882.148000
151512.797519	877.046000
151524.539255	876.717000
151703.333682	872.022000
151722.357006	871.471000
151869.624514	867.425000
151901.869929	866.446000
152060.844310	861.959000
152075.011786	861.510000
152237.432433	856.878000
152275.453302	855.657000
152401.531625	852.137000
152428.693048	851.273000
152574.382649	847.005000
152615.581416	845.705000
152756.030463	841.453000
152787.512565	840.422000
152885.900525	837.345000
152934.809454	835.709000
153065.269895	831.612000
153104.807465	830.260000
153222.969338	826.486000
153271.833391	824.789000
153351.614114	822.142000
153396.909986	820.512000
153516.198483	816.435000
153574.616668	814.309000
153654.151606	811.571000
153700.056537	809.887000
153795.349727	806.688000
153858.438607	804.383000
153937.719275	801.682000
153996.881252	799.545000
154091.638702	796.300000
154156.594395	793.950000
154221.462399	791.687000
154290.852186	789.177000
154361.742718	786.666000
154436.163769	783.938000
154508.863301	781.338000
154583.465876	778.612000
154637.328090	776.646000
154720.012983	773.590000
154775.959357	771.533000
154854.011352	768.581000
154905.490654	766.695000
154999.200450	763.056000
155043.445860	761.437000
155123.658364	758.249000
155168.643767	756.568000
155261.087483	752.874000
155289.807039	751.774000
155386.882392	747.857000
155425.793037	746.330000
155514.369210	742.696000
155534.550662	741.883000
155645.677365	737.234000
155663.417514	736.508000
155756.486138	732.597000
155782.524152	731.529000
155889.212108	726.956000
155891.605031	726.860000
156002.754174	722.031000
156016.663297	721.468000
156126.345752	716.712000
156127.779452	716.654000
156241.151971	711.800000
156245.490161	711.622000
156365.110654	706.510000
156372.299379	706.200000
156482.618508	701.679000
156485.822880	701.538000
156608.649878	696.486000
156620.767222	695.965000
156734.982171	691.321000
156743.565216	690.946000
156848.582169	686.579000
156867.896195	685.713000
156968.745972	681.456000
156984.831088	680.725000
157090.287563	676.219000
157111.379058	675.264000
157203.522512	671.262000
157225.765754	670.252000
157313.537765	666.365000
157339.710231	665.158000
157429.174447	661.171000
157455.119544	659.955000
157545.008891	655.922000
157575.613440	654.497000
157645.568872	651.291000
157678.811485	649.733000
157762.332831	645.863000
157784.600299	644.808000
157875.413284	640.576000
157899.444587	639.443000
157976.839221	635.831000
157993.342402	635.066000
158093.326941	630.487000
158109.201698	629.762000
158207.213444	625.251000
158218.974277	624.711000
158315.699778	620.156000
158316.373930	620.125000
158429.919172	615.047000
158432.280222	614.938000
158541.047105	609.946000
158545.353781	609.742000
158640.330168	605.275000
158659.247062	604.365000
158746.243248	600.215000
158757.460020	599.676000
158855.349319	594.976000
158876.218187	593.970000
158951.971069	590.322000
158976.556716	589.133000
159054.940899	585.387000
159083.415608	584.004000
159165.702664	580.041000
159199.110100	578.414000
159257.312617	575.583000
159295.892396	573.708000
159362.589170	570.435000
159415.032484	567.944000
159470.819233	565.259000
159510.366845	563.398000
159570.082529	560.510000
159638.651358	557.222000
159678.093641	555.319000
159732.490555	552.740000
159780.714867	550.396000
159850.540535	547.207000
159891.664082	545.240000
159966.749032	541.860000
159999.921910	540.271000
160079.428587	536.643000
160103.979816	535.482000
160188.578930	531.621000
160219.649810	530.132000
160305.098679	526.200000
160321.388786	525.407000
160412.122109	521.262000
160431.319851	520.310000
160526.541141	515.951000
160545.658005	515.009000
160635.558234	510.905000
160641.226062	510.628000
160745.930586	505.892000
160764.054046	504.993000
160855.483948	500.816000
160866.597610	500.264000
160961.438530	495.899000
160968.689062	495.543000
161071.402270	490.828000
161087.891241	490.016000
161176.648556	485.881000
161192.574098	485.093000
161281.246803	481.018000
161289.043329	480.636000
161394.786561	475.799000
161413.722071	474.886000
161498.519611	471.035000
161514.356122	470.271000
161610.412099	465.863000
161620.310282	465.384000
161715.898492	460.935000
161730.794156	460.219000
161823.754339	455.775000
161837.272702	455.120000
161923.946861	450.952000
161934.019817	450.473000
162031.054497	445.844000
162048.014878	445.054000
162137.559076	440.736000
162146.941909	440.307000
162245.202660	435.603000
162248.929318	435.436000
162346.144450	430.860000
162360.934419	430.208000
162461.306658	425.527000
162468.397053	425.214000
162567.517427	420.606000
162570.680302	420.465000
162680.840625	415.453000
162687.313997	415.167000
162792.446269	410.461000
162793.894525	410.396000
162908.779396	405.327000
162913.304119	405.127000
163017.028914	400.448000
163017.275311	400.437000
163133.831931	395.342000
163143.536784	394.906000
163247.836384	390.217000
163250.953742	390.076000
163349.439793	385.599000
163363.516447	384.951000
163469.770263	380.081000
163472.189558	379.967000
163572.378958	375.273000
163582.654869	374.776000
163678.120483	370.228000
163691.710522	369.562000
163783.930916	365.127000
163795.013044	364.580000
163888.311910	360.144000
163901.095673	359.503000
163999.503108	355.093000
164014.965611	354.326000
164115.046536	349.919000
164129.682183	349.213000
164230.367676	344.932000
164248.429056	344.079000
164349.670166	339.886000
164370.191616	338.969000
164478.219242	334.400000
164494.387861	333.681000
164584.868492	329.779000
164610.007678	328.662000
164709.517110	324.327000
164731.257842	323.373000
164827.394956	319.214000
164849.581995	318.264000
164946.800577	314.026000
164972.770470	312.979000
165067.447605	309.113000
165096.556420	307.959000
165195.613066	303.864000
165230.879014	302.446000
165322.705918	298.680000
165343.785051	297.810000
165443.390286	293.920000
165488.985525	292.052000
165573.978648	288.916000
165617.161952	287.172000
165719.568555	283.681000
165762.158105	282.056000
165862.242881	278.949000
165923.336461	276.755000
166021.785851	274.037000
166099.857439	271.601000
166233.274651	268.793000
166306.904481	266.612000
166466.595066	263.996000
166570.982144	261.292000
166833.890565	259.101000
166960.823320	256.228000
167184.557213	261.292000
167509.022923	263.996000
167610.012788	266.612000
167743.149319	268.793000
167837.946459	271.601000
167953.688741	274.037000
168040.798173	276.755000
168120.267622	278.949000
168206.784373	282.056000
168259.129968	283.681000
168350.625426	287.172000
168401.784725	288.916000
168479.435437	292.052000
168530.062718	293.920000
168625.012120	297.810000
168647.288869	298.680000
168738.534862	302.446000
168773.110155	303.864000
168874.953636	307.959000
168902.868500	309.113000
169000.385551	312.979000
169026.026255	314.026000
169131.146031	318.264000
169152.938776	319.214000
169250.071298	323.373000
169272.123428	324.327000
169370.913859	328.662000
169396.554467	329.779000
169484.372824	333.681000
169501.045190	334.400000
169603.791259	338.969000
169625.472443	339.886000
169719.307164	344.079000
169739.903077	344.932000
169830.548762	349.213000
169847.153284	349.919000
169938.512060	354.326000
169955.930274	355.093000
170044.834625	359.503000
170059.138291	360.144000
170147.607519	364.580000
170159.112136	365.127000
170248.964491	369.562000
170262.813146	370.228000
170355.617196	374.776000
170366.049564	375.273000
170463.102132	379.967000
170465.535364	380.081000
170568.885944	384.951000
170583.024029	385.599000
170680.278938	390.076000
170683.380687	390.217000
170787.049429	394.906000
170796.747579	395.342000
170910.156345	400.437000
170910.407989	400.448000
171015.216259	405.127000
171019.649890	405.327000
171134.329000	410.396000
171135.802174	410.461000
171240.655885	415.167000
171247.045139	415.453000
171360.487587	420.465000
171363.586670	420.606000
171466.952087	425.214000
171473.684872	425.527000
171579.723649	430.208000
171593.704145	430.860000
171697.506138	435.436000
171701.053980	435.603000
171806.025249	440.307000
171814.986529	440.736000
171909.427257	445.054000
171925.809822	445.844000
172025.189068	450.473000
172035.230030	450.952000
172122.879470	455.120000
172136.500289	455.775000
172228.218773	460.219000
172243.196157	460.935000
172335.753151	465.384000
172346.044622	465.863000
172437.132700	470.271000
172453.781241	471.035000
172533.606379	474.886000
172553.710288	475.799000
172654.029089	480.636000
172662.380116	481.018000
172745.549860	485.093000
172762.696877	485.881000
172846.265551	490.016000
172863.695041	490.828000
172959.440733	495.543000
172967.195962	495.899000
173056.096449	500.264000
173068.090078	500.816000
173152.187477	504.993000
173171.865591	505.892000
173267.341345	510.628000
173273.465322	510.905000
173357.439197	515.009000
173378.074191	515.951000
173466.535347	520.310000
173487.331555	521.262000
173570.918363	525.407000
173588.276994	526.200000
173669.049630	530.132000
173701.408064	531.621000
173781.975336	535.482000
173807.414230	536.643000
173884.134177	540.271000
173918.956699	541.860000
173989.519524	545.240000
174033.215411	547.207000
174099.886987	550.396000
174151.210714	552.740000
174204.269802	555.319000
174244.408354	557.222000
174312.556661	560.510000
174372.783783	563.398000
174411.264008	565.259000
174468.322223	567.944000
174520.078198	570.435000
174588.985048	573.708000
174627.193558	575.583000
174685.443880	578.414000
174718.893366	580.041000
174800.266242	584.004000
174828.982618	585.387000
174906.109344	589.133000
174930.988894	590.322000
175006.420719	593.970000
175027.310905	594.976000
175124.809591	599.676000
175136.035619	600.215000
175222.398520	604.365000
175241.474792	605.275000
175334.333876	609.742000
175338.671280	609.946000
175444.058182	614.938000
175446.433100	615.047000
175556.427682	620.125000
175557.120850	620.156000
175656.177729	624.711000
175667.644638	625.251000
175765.891150	629.762000
175781.643426	630.487000
175881.906202	635.066000
175898.610323	635.831000
175976.531222	639.443000
176000.808110	640.576000
176090.570226	644.808000
176113.209096	645.863000
176194.891656	649.733000
176228.516012	651.291000
176296.921544	654.497000
176328.015271	655.922000
176414.631516	659.955000
176441.734280	661.171000
176526.802619	665.158000
176553.886469	666.365000
176638.171783	670.252000
176660.978506	671.262000
176749.114601	675.264000
176771.102856	676.219000
176870.619375	680.725000
176887.727383	681.456000
176981.399529	685.713000
177001.915363	686.579000
177099.310689	690.946000
177108.328632	691.321000
177214.621065	695.965000
177227.434586	696.486000
177344.933280	701.538000
177348.361350	701.679000
177451.105777	706.200000
177458.670239	706.510000
177577.214635	711.622000
177581.379824	711.800000
177699.680790	716.654000
177701.035468	716.712000
177818.598870	721.468000
177831.582727	722.031000
177950.884956	726.860000
177953.094589	726.956000
178067.082473	731.529000
178091.998882	732.597000
178187.349702	736.508000
178204.626056	737.234000
178318.226542	741.883000
178337.659971	742.696000
178427.868333	746.330000
178465.087875	747.857000
178564.899923	751.774000
178592.161319	752.874000
178688.606808	756.568000
178730.674455	758.249000
178815.988831	761.437000
178856.724102	763.056000
178956.173793	766.695000
179004.741167	768.581000
179085.317466	771.533000
179139.705323	773.590000
179222.822542	776.646000
179276.015768	778.612000
179350.699591	781.338000
179421.853918	783.938000
179498.132503	786.666000
179566.633698	789.177000
179637.495998	791.687000
179700.057388	793.950000
179767.419213	796.300000
179857.113350	799.545000
179919.516023	801.682000
179994.292111	804.383000
180061.949252	806.688000
180149.507312	809.887000
180199.671029	811.571000
180274.307432	814.309000
180336.064655	816.435000
180448.092379	820.512000
180495.784371	822.142000
180569.341532	824.789000
180620.489204	826.486000
180729.159171	830.260000
180771.489551	831.612000
180891.301253	835.709000
180943.396269	837.345000
181035.384518	840.422000
181068.351039	841.453000
181198.187995	845.705000
181241.128672	847.005000
181376.387393	851.273000
181405.880321	852.137000
181516.537968	855.657000
181560.271386	856.878000
181704.507803	861.510000
181720.251946	861.959000
181861.832039	866.446000
181896.518003	867.425000
182029.781484	871.471000
182049.836946	872.022000
182211.932233	876.717000
182224.461171	877.046000
182406.547315	882.148000
182422.606506	882.547000
182573.944414	886.678000
182599.888941	887.323000
182777.521708	892.037000
182781.583171	892.142000
182985.317143	897.169000
182994.501836	897.393000
183180.880189	902.187000
183188.179501	902.359000
183385.702672	907.125000
183395.273927	907.335000
183614.453518	912.205000
183621.894543	912.361000
183853.948256	917.323000
183861.196834	917.470000
184091.708022	922.229000
184101.092235	922.408000
184347.206835	927.215000
184366.987858	927.604000
184624.994510	932.097000
184654.102354	932.622000
184936.477311	937.407000
184942.940200	937.516000
185220.751530	942.196000
185249.648242	942.662000
185525.986019	947.085000
185565.540160	947.704000
185877.026339	952.164000
185927.756495	952.884000
186248.680228	957.385000
186251.970098	957.434000
186553.071456	961.932000
186637.410826	962.959000
187008.618443	967.435000
187054.454157	967.924000
187589.673152	972.128000
187625.823034	972.451000
188457.779603	977.004000
188570.207684	978.083000
189157.042671	972.451000
189216.063530	972.128000
189686.571595	967.924000
189748.827087	967.435000
190168.378524	962.959000
190253.550602	961.932000
190622.935691	957.434000
190626.215809	957.385000
190928.413947	952.884000
190979.750336	952.164000
191293.995472	947.704000
191337.226401	947.085000
191619.856392	942.662000
191648.970886	942.196000
191939.178207	937.516000
191945.648599	937.407000
192229.363457	932.622000
192260.345036	932.097000
192509.452737	927.604000
192531.790727	927.215000
192776.231275	922.408000
192785.395933	922.229000
193034.890187	917.470000
193042.010410	917.323000
193286.686894	912.361000
193293.982416	912.205000
193526.275932	907.335000
193535.727208	907.125000
193752.949108	902.359000
193760.077515	902.187000
193963.524608	897.393000
193972.233150	897.169000
194178.355703	892.142000
194182.611137	892.037000
194364.951497	887.323000
194389.256362	886.678000
194555.422011	882.547000
194570.039252	882.148000
194775.387610	877.046000
194787.129347	876.717000
194965.923774	872.022000
194984.947097	871.471000
195132.214606	867.425000
195164.460021	866.446000
195323.434402	861.959000
195337.601877	861.510000
195500.022525	856.878000
195538.043393	855.657000
195664.121717	852.137000
195691.283139	851.273000
195836.972740	847.005000
195878.171507	845.705000
196018.620554	841.453000
196050.102657	840.422000
196148.490617	837.345000
196197.399546	835.709000
196327.859987	831.612000
196367.397556	830.260000
196485.559430	826.486000
196534.423482	824.789000
196614.204205	822.142000
196659.500077	820.512000
196778.788575	816.435000
196837.206760	814.309000
196916.741697	811.571000
196962.646629	809.887000
197057.939818	806.688000
197121.028699	804.383000
197200.309366	801.682000
197259.471343	799.545000
197354.228793	796.300000
197419.184486	793.950000
197484.052491	791.687000
197553.442277	789.177000
197624.332809	786.666000
197698.753861	783.938000
197771.453392	781.338000
197846.055967	778.612000
197899.918181	776.646000
197982.603075	773.590000
198038.549449	771.533000
198116.601443	768.581000
198168.080746	766.695000
198261.790541	763.056000
198306.035952	761.437000
198386.248455	758.249000
198431.233859	756.568000
198523.677575	752.874000
198552.397130	751.774000
198649.472483	747.857000
198688.383129	746.330000
198776.959301	742.696000
198797.140754	741.883000
198908.267457	737.234000
198926.007606	736.508000
199019.076229	732.597000
199045.114244	731.529000
199151.802199	726.956000
199154.195122	726.860000
199265.344265	722.031000
199279.253388	721.468000
199388.935843	716.712000
199390.369543	716.654000
199503.742063	711.800000
199508.080252	711.622000
199627.700745	706.510000
199634.889471	706.200000
199745.208599	701.679000
199748.412971	701.538000
199871.239970	696.486000
199883.357313	695.965000
