0.000000	500.000000
18.856949	500.816000
107.484831	504.993000
128.434508	505.892000
229.068144	510.628000
235.596599	510.905000
324.255179	515.009000
346.225790	515.951000
439.534958	520.310000
461.669043	521.262000
549.774418	525.407000
568.254836	526.200000
653.572271	530.132000
687.988867	531.621000
773.246238	535.482000
800.332622	536.643000
881.649970	540.271000
918.728491	541.860000
993.403144	545.240000
1040.015664	547.207000
1110.584528	550.396000
1165.226990	552.740000
1221.281345	555.319000
1263.811729	557.222000
1335.869375	560.510000
1399.597900	563.398000
1440.274196	565.259000
1500.788388	567.944000
1555.529178	570.435000
1628.525577	573.708000
1668.846844	575.583000
1730.386307	578.414000
1765.721182	580.041000
1851.668175	584.004000
1882.038340	585.387000
1963.526136	589.133000
1989.862749	590.322000
2069.599662	593.970000
2091.693146	594.976000
2194.795427	599.676000
2206.672281	600.215000
2298.033083	604.365000
2318.230987	605.275000
2416.451280	609.742000
2421.051695	609.946000
2532.730803	614.938000
2535.257641	615.047000
2652.198734	620.125000
2652.938840	620.156000
2758.305890	624.711000
2770.466222	625.251000
2874.991778	629.762000
2891.745536	630.487000
2998.491861	635.066000
3016.269602	635.831000
3099.067712	639.443000
3124.841795	640.576000
3220.018231	644.808000
3244.057773	645.863000
3330.614962	649.733000
3366.345839	651.291000
3438.931307	654.497000
3472.020445	655.922000
3564.005609	659.955000
3592.930727	661.171000
3683.197030	665.158000
3712.129171	666.365000
3801.749697	670.252000
3826.134631	671.262000
3920.042787	675.264000
3943.619526	676.219000
4049.694001	680.725000
4068.083619	681.456000
4167.878921	685.713000
4189.973959	686.579000
4293.927153	690.946000
4303.662904	691.321000
4417.533823	695.965000
4431.420086	696.486000
4557.599492	701.538000
4561.307216	701.679000
4671.262857	706.200000
4679.449497	706.510000
4806.694709	711.622000
4811.171817	711.800000
4939.176504	716.654000
4940.632211	716.712000
5068.151067	721.468000
5082.076306	722.031000
5211.468697	726.860000
5213.837846	726.956000
5337.662340	731.529000
5364.432269	732.597000
5467.610309	736.508000
5486.229875	737.234000
5609.203332	741.883000
5630.162880	742.696000
5728.083347	746.330000
5768.356536	747.857000
5877.223726	751.774000
5906.807206	752.874000
6012.502129	756.568000
6058.232766	758.249000
6152.207491	761.437000
6196.533387	763.056000
6306.582118	766.695000
6359.662712	768.581000
6448.802208	771.533000
6508.559574	773.590000
6600.436856	776.646000
6659.168853	778.612000
6741.858450	781.338000
6820.620888	783.938000
6905.475611	786.666000
6981.247392	789.177000
7060.259353	791.687000
7129.669846	793.950000
7205.062094	796.300000
7304.571949	799.545000
7374.749152	801.682000
7457.738793	804.383000
7533.929798	806.688000
7630.852632	809.887000
7687.571559	811.571000
7770.115559	814.309000
7839.471447	816.435000
7963.591105	820.512000
8017.253007	822.142000
8098.961233	824.789000
8156.984619	826.486000
8278.748978	830.260000
8327.323572	831.612000
8462.114356	835.709000
8522.221737	837.345000
8626.334920	840.422000
8664.424331	841.453000
8812.275800	845.705000
8862.456213	847.005000
9018.273461	851.273000
9053.174823	852.137000
9180.319874	855.657000
9233.151484	856.878000
9398.380977	861.510000
9417.221498	861.959000
9580.089918	866.446000
9621.786324	867.425000
9777.356092	871.471000
9801.767632	872.022000
9994.475371	876.717000
10010.085244	877.046000
10229.691356	882.148000
10250.378831	882.547000
10435.167887	886.678000
10468.576257	887.323000
10688.624867	892.037000
10693.729908	892.142000
10957.393331	897.169000
10969.375431	897.393000
11204.338639	902.187000
11214.108251	902.359000
11473.769327	907.125000
11487.435860	907.335000
11796.425438	912.205000
11807.618223	912.361000
12148.443834	917.323000
12159.852939	917.470000
12513.619163	922.229000
12530.056505	922.408000
12941.911493	927.215000
12974.617013	927.604000
13564.471692	932.097000
13623.143192	932.622000
14362.195281	937.407000
14379.601541	937.516000
15133.315078	942.196000
15254.303119	942.662000
16590.326414	947.085000
18067.110924	942.196000
19282.183963	937.516000
19299.738402	937.407000
20063.857267	932.622000
20144.944486	932.097000
20647.060769	927.604000
20698.129870	927.215000
21102.282661	922.408000
21117.619055	922.229000
21554.631968	917.470000
21565.559397	917.323000
21950.674875	912.361000
21961.390070	912.205000
22310.805856	907.335000
22324.129842	907.125000
22634.295065	902.359000
22643.665964	902.187000
22915.965521	897.393000
22926.944194	897.169000
23195.846057	892.142000
23201.353250	892.037000
23430.545267	887.323000
23460.653742	886.678000
23674.622695	882.547000
23692.470875	882.148000
23957.000943	877.046000
23971.162136	876.717000
24193.923092	872.022000
24216.539059	871.471000
24395.793305	867.425000
24433.436113	866.446000
24624.541095	861.959000
24640.838827	861.510000
24835.202517	856.878000
24878.757183	855.657000
25031.064528	852.137000
25062.272858	851.273000
25234.679126	847.005000
25282.139863	845.705000
25446.268414	841.453000
25482.118570	840.422000
25595.795698	837.345000
25651.151293	835.709000
25801.676928	831.612000
25846.157558	830.260000
25981.749658	826.486000
26036.501676	824.789000
26127.007217	822.142000
26177.322445	820.512000
26311.543042	816.435000
26376.266709	814.309000
26465.587698	811.571000
26516.356177	809.887000
26624.101929	806.688000
26693.938482	804.383000
26783.219134	801.682000
26848.879580	799.545000
26955.442530	796.300000
27027.506677	793.950000
27100.107809	791.687000
27177.094259	789.177000
27256.137699	786.666000
27338.457659	783.938000
27419.330928	781.338000
27501.910315	778.612000
27561.546319	776.646000
27652.840818	773.590000
27714.683609	771.533000
27800.441384	768.581000
27857.391618	766.695000
27959.809582	763.056000
28008.770532	761.437000
28096.053395	758.249000
28145.605313	756.568000
28246.098455	752.874000
28277.572309	751.774000
28382.916391	747.857000
28425.357085	746.330000
28521.200417	742.696000
28543.107225	741.883000
28662.960778	737.234000
28682.164635	736.508000
28782.469212	732.597000
28810.644652	731.529000
28925.269080	726.956000
28927.868501	726.860000
29047.041646	722.031000
29062.127154	721.468000
29179.762031	716.712000
29181.317139	716.654000
29303.144758	711.800000
29307.838791	711.622000
29436.417304	706.510000
29444.133661	706.200000
29563.526565	701.679000
29566.955839	701.538000
29699.802776	696.486000
29712.815340	695.965000
29836.592311	691.321000
29845.787314	690.946000
29959.163379	686.579000
29979.777866	685.713000
30088.390541	681.456000
30105.527108	680.725000
30218.883629	676.219000
30241.365015	675.264000
30340.165131	671.262000
30363.865090	670.252000
30457.710872	666.365000
30485.540039	665.158000
30581.109588	661.171000
30608.640019	659.955000
30704.573407	655.922000
30737.074983	654.497000
30811.519738	651.291000
30846.793649	649.733000
30935.547498	645.863000
30959.143837	644.808000
31055.575440	640.576000
31081.056277	639.443000
31163.223965	635.831000
31180.760109	635.066000
31287.170924	630.487000
31304.072231	629.762000
31408.315271	625.251000
31420.827752	624.711000
31523.402407	620.156000
31524.119505	620.125000
31645.353633	615.047000
31647.863791	614.938000
31763.588324	609.946000
31768.152134	609.742000
31868.887701	605.275000
31888.896760	604.365000
31981.008079	600.215000
31992.873976	599.676000
32096.438380	594.976000
32118.506655	593.970000
32198.622985	590.322000
32224.611798	589.133000
32307.586525	585.387000
32337.671315	584.004000
32424.697319	580.041000
32459.982648	578.414000
32521.465764	575.583000
32562.223974	573.708000
32632.608778	570.435000
32688.164547	567.944000
32747.168569	565.259000
32789.111554	563.398000
32852.235220	560.510000
32924.790410	557.222000
32966.495307	555.319000
33024.133698	552.740000
33075.080347	550.396000
33149.421138	547.207000
33192.948562	545.240000
33273.045318	541.860000
33308.151242	540.271000
33392.808810	536.643000
33418.831258	535.482000
33508.909233	531.621000
33541.788856	530.132000
33632.672708	526.200000
33649.879403	525.407000
33746.476291	521.262000
33766.711832	520.310000
33868.058969	515.951000
33888.223511	515.009000
33983.942606	510.905000
33989.926628	510.628000
34101.546711	505.892000
34120.649253	504.993000
34217.987185	500.816000
34229.699560	500.264000
34330.570372	495.899000
34338.221349	495.543000
34447.502393	490.828000
34464.896248	490.016000
34559.148487	485.881000
34575.939037	485.093000
34670.268002	481.018000
34678.497101	480.636000
34791.054404	475.799000
34811.077691	474.886000
34901.426768	471.035000
34918.171939	470.271000
35020.374351	465.863000
35030.836659	465.384000
35132.355010	460.935000
35148.112130	460.219000
35246.512743	455.775000
35260.799492	455.120000
35352.481616	450.952000
35363.150911	450.473000
35465.890607	445.844000
35483.901420	445.054000
35578.588284	440.736000
35588.576356	440.307000
35692.570213	435.603000
35696.548113	435.436000
35799.647774	430.860000
35815.471551	430.208000
35922.043625	425.527000
35929.628138	425.214000
36034.913541	420.606000
36038.292106	420.465000
36155.635470	415.453000
36162.559132	415.167000
36274.796447	410.461000
36276.342009	410.396000
36399.241767	405.327000
36404.080907	405.127000
36514.697452	400.448000
36514.960599	400.437000
36639.818320	395.342000
36650.173806	394.906000
36761.455248	390.217000
36764.778517	390.076000
36869.698520	385.599000
36884.669761	384.951000
36997.740857	380.081000
37000.306254	379.967000
37106.622397	375.273000
37117.484675	374.776000
37218.579573	370.228000
37232.923284	369.562000
37330.471338	365.127000
37342.158607	364.580000
37440.982699	360.144000
37454.441204	359.503000
37559.482535	355.093000
37575.780380	354.326000
37682.874306	349.919000
37698.349881	349.213000
37806.661244	344.932000
37825.807992	344.079000
37935.181055	339.886000
37957.094704	338.969000
38073.401166	334.400000
38090.678471	333.681000
38187.799377	329.779000
38214.665464	328.662000
38321.315698	324.327000
38344.591693	323.373000
38447.735092	319.214000
38471.576523	318.264000
38575.761313	314.026000
38603.947522	312.979000
38706.475372	309.113000
38738.164716	307.959000
38845.210717	303.864000
38883.504482	302.446000
38982.871403	298.680000
39005.656857	297.810000
39114.398732	293.920000
39163.746646	292.052000
39257.624543	288.916000
39304.478756	287.172000
39419.783505	283.681000
39466.493618	282.056000
39582.420657	278.949000
39650.316680	276.755000
39769.870619	274.037000
39860.144106	271.601000
40059.853662	268.793000
40146.606773	266.612000
40690.527540	263.996000
40821.587645	261.292000
41079.442583	266.612000
41532.917810	268.793000
41644.610949	271.601000
41817.863256	274.037000
41918.587122	276.755000
42015.092399	278.949000
42111.242328	282.056000
42171.873625	283.681000
42272.221319	287.172000
42329.824150	288.916000
42414.075763	292.052000
42469.995378	293.920000
42572.759504	297.810000
42597.079666	298.680000
42695.711874	302.446000
42733.126184	303.864000
42843.713609	307.959000
42873.879930	309.113000
42980.041981	312.979000
43007.808835	314.026000
43121.899714	318.264000
43145.254020	319.214000
43249.629296	323.373000
43273.288542	324.327000
43379.055249	328.662000
43406.535829	329.779000
43500.386745	333.681000
43518.282678	334.400000
43628.074062	338.969000
43651.416812	339.886000
43751.617388	344.079000
43773.867620	344.932000
43869.960503	349.213000
43887.822644	349.919000
43984.424431	354.326000
44003.063196	355.093000
44096.770495	359.503000
44112.038408	360.144000
44205.177143	364.580000
44217.363071	365.127000
44312.121824	369.562000
44326.770528	370.228000
44424.721269	374.776000
44435.768799	375.273000
44538.359415	379.967000
44540.941444	380.081000
44650.533385	384.951000
44665.578574	385.599000
44769.014139	390.076000
44772.318522	390.217000
44882.834890	394.906000
44893.182237	395.342000
45014.194166	400.437000
45014.463731	400.448000
45126.396901	405.127000
45131.125114	405.327000
45253.773132	410.396000
45255.349081	410.461000
45367.247725	415.167000
45374.068777	415.453000
45495.402322	420.465000
45498.703482	420.606000
45609.117872	425.214000
45616.269419	425.527000
45729.697871	430.208000
45744.541919	430.860000
45855.599593	435.436000
45859.362190	435.603000
45971.410335	440.307000
45980.894468	440.736000
46081.427092	445.054000
46098.750534	445.844000
46204.284778	450.473000
46214.916084	450.952000
46307.754538	455.120000
46322.162358	455.775000
46419.094137	460.219000
46434.948062	460.935000
46532.857874	465.384000
46543.787811	465.863000
46640.067260	470.271000
46657.781108	471.035000
46742.186410	474.886000
46763.606485	475.799000
46869.688236	480.636000
46878.577401	481.018000
46966.361639	485.093000
46984.602431	485.881000
47072.710198	490.016000
47091.218739	490.828000
47192.218771	495.543000
47200.469895	495.899000
47294.280328	500.264000
47307.036499	500.816000
47395.664381	504.993000
47416.614058	505.892000
47517.247694	510.628000
47523.776149	510.905000
47612.434729	515.009000
47634.405340	515.951000
47727.714509	520.310000
47749.848593	521.262000
47837.953968	525.407000
47856.434386	526.200000
47941.751821	530.132000
47976.168417	531.621000
48061.425788	535.482000
48088.512172	536.643000
48169.829520	540.271000
48206.908041	541.860000
48281.582694	545.240000
48328.195214	547.207000
48398.764078	550.396000
48453.406541	552.740000
48509.460895	555.319000
48551.991279	557.222000
48624.048925	560.510000
48687.777450	563.398000
48728.453746	565.259000
48788.967939	567.944000
48843.708728	570.435000
48916.705128	573.708000
48957.026395	575.583000
49018.565858	578.414000
49053.900732	580.041000
49139.847725	584.004000
49170.217890	585.387000
49251.705686	589.133000
49278.042299	590.322000
49357.779213	593.970000
49379.872696	594.976000
49482.974977	599.676000
49494.851831	600.215000
49586.212633	604.365000
49606.410537	605.275000
49704.630830	609.742000
49709.231246	609.946000
49820.910353	614.938000
49823.437191	615.047000
49940.378284	620.125000
49941.118390	620.156000
50046.485440	624.711000
50058.645773	625.251000
50163.171328	629.762000
50179.925086	630.487000
50286.671412	635.066000
50304.449152	635.831000
50387.247262	639.443000
50413.021345	640.576000
50508.197781	644.808000
50532.237323	645.863000
50618.794512	649.733000
50654.525389	651.291000
50727.110858	654.497000
50760.199995	655.922000
50852.185159	659.955000
50881.110277	661.171000
50971.376580	665.158000
51000.308721	666.365000
51089.929247	670.252000
51114.314181	671.262000
51208.222337	675.264000
51231.799076	676.219000
51337.873552	680.725000
51356.263169	681.456000
51456.058471	685.713000
51478.153509	686.579000
51582.106703	690.946000
51591.842454	691.321000
51705.713374	695.965000
51719.599636	696.486000
51845.779042	701.538000
51849.486766	701.679000
51959.442407	706.200000
51967.629047	706.510000
52094.874259	711.622000
52099.351367	711.800000
52227.356054	716.654000
52228.811761	716.712000
52356.330617	721.468000
52370.255856	722.031000
52499.648247	726.860000
52502.017396	726.956000
52625.841890	731.529000
52652.611820	732.597000
52755.789859	736.508000
52774.409425	737.234000
52897.382882	741.883000
52918.342430	742.696000
53016.262897	746.330000
53056.536086	747.857000
53165.403276	751.774000
53194.986756	752.874000
53300.681679	756.568000
53346.412316	758.249000
53440.387041	761.437000
53484.712937	763.056000
53594.761668	766.695000
53647.842262	768.581000
53736.981758	771.533000
53796.739124	773.590000
53888.616406	776.646000
53947.348403	778.612000
54030.038000	781.338000
54108.800439	783.938000
54193.655161	786.666000
54269.426942	789.177000
54348.438903	791.687000
54417.849396	793.950000
54493.241645	796.300000
54592.751499	799.545000
54662.928703	801.682000
54745.918343	804.383000
54822.109349	806.688000
54919.032182	809.887000
54975.751109	811.571000
55058.295109	814.309000
55127.650997	816.435000
55251.770655	820.512000
55305.432557	822.142000
55387.140783	824.789000
55445.164169	826.486000
55566.928528	830.260000
55615.503122	831.612000
55750.293907	835.709000
55810.401287	837.345000
55914.514470	840.422000
55952.603882	841.453000
56100.455350	845.705000
56150.635763	847.005000
56306.453011	851.273000
56341.354373	852.137000
56468.499424	855.657000
56521.331034	856.878000
56686.560527	861.510000
56705.401049	861.959000
56868.269468	866.446000
56909.965875	867.425000
57065.535642	871.471000
57089.947182	872.022000
57282.654921	876.717000
57298.264795	877.046000
57517.870906	882.148000
57538.558381	882.547000
57723.347437	886.678000
57756.755807	887.323000
57976.804418	892.037000
57981.909458	892.142000
58245.572881	897.169000
58257.554981	897.393000
58492.518189	902.187000
58502.287802	902.359000
58761.948877	907.125000
58775.615410	907.335000
59084.604988	912.205000
59095.797773	912.361000
59436.623385	917.323000
59448.032489	917.470000
59801.798713	922.229000
59818.236055	922.408000
60230.091043	927.215000
60262.796563	927.604000
60852.651242	932.097000
60911.322742	932.622000
61650.374831	937.407000
61667.781091	937.516000
62421.494628	942.196000
62542.482670	942.662000
63878.505965	947.085000
65355.290475	942.196000
66570.363514	937.516000
66587.917953	937.407000
67352.036817	932.622000
67433.124037	932.097000
67935.240320	927.604000
67986.309421	927.215000
68390.462212	922.408000
68405.798605	922.229000
68842.811519	917.470000
68853.738948	917.323000
69238.854426	912.361000
69249.569620	912.205000
69598.985407	907.335000
69612.309393	907.125000
69922.474616	902.359000
69931.845515	902.187000
70204.145071	897.393000
70215.123744	897.169000
70484.025607	892.142000
70489.532800	892.037000
70718.724817	887.323000
70748.833293	886.678000
70962.802245	882.547000
70980.650426	882.148000
71245.180493	877.046000
71259.341687	876.717000
71482.102642	872.022000
71504.718609	871.471000
71683.972856	867.425000
71721.615664	866.446000
71912.720646	861.959000
71929.018377	861.510000
72123.382068	856.878000
72166.936734	855.657000
72319.244078	852.137000
72350.452409	851.273000
72522.858677	847.005000
72570.319413	845.705000
72734.447965	841.453000
72770.298121	840.422000
72883.975248	837.345000
72939.330844	835.709000
73089.856479	831.612000
73134.337108	830.260000
73269.929208	826.486000
73324.681226	824.789000
73415.186768	822.142000
73465.501996	820.512000
73599.722592	816.435000
73664.446260	814.309000
73753.767248	811.571000
73804.535728	809.887000
73912.281480	806.688000
73982.118032	804.383000
74071.398685	801.682000
74137.059130	799.545000
74243.622080	796.300000
74315.686228	793.950000
74388.287359	791.687000
74465.273810	789.177000
74544.317250	786.666000
74626.637209	783.938000
74707.510478	781.338000
74790.089866	778.612000
74849.725870	776.646000
74941.020369	773.590000
75002.863160	771.533000
75088.620935	768.581000
75145.571169	766.695000
75247.989133	763.056000
75296.950082	761.437000
75384.232946	758.249000
75433.784864	756.568000
75534.278006	752.874000
75565.751859	751.774000
75671.095942	747.857000
75713.536636	746.330000
75809.379968	742.696000
75831.286775	741.883000
75951.140328	737.234000
75970.344185	736.508000
76070.648762	732.597000
76098.824202	731.529000
76213.448631	726.956000
76216.048052	726.860000
76335.221197	722.031000
76350.306704	721.468000
76467.941582	716.712000
76469.496690	716.654000
76591.324309	711.800000
76596.018341	711.622000
76724.596854	706.510000
76732.313211	706.200000
76851.706116	701.679000
76855.135389	701.538000
76987.982327	696.486000
77000.994891	695.965000
77124.771862	691.321000
77133.966865	690.946000
77247.342929	686.579000
77267.957417	685.713000
77376.570092	681.456000
77393.706659	680.725000
77507.063180	676.219000
77529.544565	675.264000
77628.344681	671.262000
77652.044641	670.252000
77745.890422	666.365000
77773.719590	665.158000
77869.289139	661.171000
77896.819569	659.955000
77992.752957	655.922000
78025.254534	654.497000
78099.699288	651.291000
78134.973200	649.733000
78223.727048	645.863000
78247.323388	644.808000
78343.754991	640.576000
78369.235828	639.443000
78451.403515	635.831000
78468.939660	635.066000
78575.350474	630.487000
78592.251781	629.762000
78696.494822	625.251000
78709.007303	624.711000
78811.581958	620.156000
78812.299055	620.125000
78933.533184	615.047000
78936.043341	614.938000
79051.767875	609.946000
79056.331685	609.742000
79157.067252	605.275000
79177.076311	604.365000
79269.187630	600.215000
79281.053527	599.676000
79384.617931	594.976000
79406.686206	593.970000
79486.802536	590.322000
79512.791349	589.133000
79595.766076	585.387000
79625.850866	584.004000
79712.876870	580.041000
79748.162199	578.414000
79809.645315	575.583000
79850.403525	573.708000
79920.788329	570.435000
79976.344097	567.944000
80035.348120	565.259000
80077.291104	563.398000
80140.414770	560.510000
80212.969961	557.222000
80254.674858	555.319000
80312.313249	552.740000
80363.259898	550.396000
80437.600689	547.207000
80481.128112	545.240000
80561.224869	541.860000
80596.330793	540.271000
80680.988361	536.643000
80707.010809	535.482000
80797.088784	531.621000
80829.968407	530.132000
80920.852258	526.200000
80938.058954	525.407000
81034.655842	521.262000
81054.891383	520.310000
81156.238520	515.951000
81176.403061	515.009000
81272.122157	510.905000
81278.106179	510.628000
81389.726262	505.892000
81408.828804	504.993000
81506.166736	500.816000
81517.879111	500.264000
81618.749923	495.899000
81626.400900	495.543000
81735.681944	490.828000
81753.075799	490.016000
81847.328038	485.881000
81864.118587	485.093000
81958.447553	481.018000
81966.676652	480.636000
82079.233955	475.799000
82099.257242	474.886000
82189.606319	471.035000
82206.351489	470.271000
82308.553902	465.863000
82319.016210	465.384000
82420.534561	460.935000
82436.291680	460.219000
82534.692293	455.775000
82548.979043	455.120000
82640.661167	450.952000
82651.330461	450.473000
82754.070158	445.844000
82772.080971	445.054000
82866.767834	440.736000
82876.755907	440.307000
82980.749764	435.603000
82984.727664	435.436000
83087.827324	430.860000
83103.651101	430.208000
83210.223176	425.527000
83217.807689	425.214000
83323.093091	420.606000
83326.471657	420.465000
83443.815020	415.453000
83450.738682	415.167000
83562.975998	410.461000
83564.521559	410.396000
83687.421317	405.327000
83692.260458	405.127000
83802.877003	400.448000
83803.140150	400.437000
83927.997870	395.342000
83938.353356	394.906000
84049.634798	390.217000
84052.958067	390.076000
84157.878071	385.599000
84172.849312	384.951000
84285.920408	380.081000
84288.485804	379.967000
84394.801947	375.273000
84405.664226	374.776000
84506.759124	370.228000
84521.102834	369.562000
84618.650888	365.127000
84630.338157	364.580000
84729.162249	360.144000
84742.620755	359.503000
84847.662085	355.093000
84863.959931	354.326000
84971.053856	349.919000
84986.529432	349.213000
85094.840795	344.932000
85113.987543	344.079000
85223.360606	339.886000
85245.274255	338.969000
85361.580717	334.400000
85378.858022	333.681000
85475.978927	329.779000
85502.845015	328.662000
85609.495249	324.327000
85632.771244	323.373000
85735.914643	319.214000
85759.756074	318.264000
85863.940864	314.026000
85892.127072	312.979000
85994.654922	309.113000
86026.344267	307.959000
86133.390267	303.864000
86171.684033	302.446000
86271.050953	298.680000
86293.836407	297.810000
86402.578282	293.920000
86451.926197	292.052000
86545.804093	288.916000
86592.658307	287.172000
86707.963056	283.681000
86754.673169	282.056000
86870.600207	278.949000
86938.496231	276.755000
87058.050169	274.037000
87148.323657	271.601000
87348.033213	268.793000
87434.786323	266.612000
87978.707091	263.996000
88109.767195	261.292000
88367.622134	266.612000
88821.097361	268.793000
88932.790500	271.601000
89106.042806	274.037000
89206.766673	276.755000
89303.271949	278.949000
89399.421879	282.056000
89460.053175	283.681000
89560.400870	287.172000
89618.003701	288.916000
89702.255314	292.052000
89758.174928	293.920000
89860.939055	297.810000
89885.259217	298.680000
89983.891424	302.446000
90021.305735	303.864000
90131.893160	307.959000
90162.059481	309.113000
90268.221531	312.979000
90295.988386	314.026000
90410.079264	318.264000
90433.433571	319.214000
90537.808847	323.373000
90561.468093	324.327000
90667.234800	328.662000
90694.715379	329.779000
90788.566295	333.681000
90806.462228	334.400000
90916.253613	338.969000
90939.596363	339.886000
91039.796939	344.079000
91062.047171	344.932000
91158.140054	349.213000
91176.002194	349.919000
91272.603981	354.326000
91291.242747	355.093000
91384.950046	359.503000
91400.217958	360.144000
91493.356694	364.580000
91505.542622	365.127000
91600.301375	369.562000
91614.950079	370.228000
91712.900820	374.776000
91723.948349	375.273000
91826.538966	379.967000
91829.120994	380.081000
91938.712936	384.951000
91953.758125	385.599000
92057.193690	390.076000
92060.498073	390.217000
92171.014441	394.906000
92181.361787	395.342000
92302.373717	400.437000
92302.643282	400.448000
92414.576451	405.127000
92419.304664	405.327000
92541.952683	410.396000
92543.528631	410.461000
92655.427276	415.167000
92662.248328	415.453000
92783.581873	420.465000
92786.883033	420.606000
92897.297422	425.214000
92904.448970	425.527000
93017.877421	430.208000
93032.721470	430.860000
93143.779143	435.436000
93147.541740	435.603000
93259.589885	440.307000
93269.074019	440.736000
93369.606643	445.054000
93386.930085	445.844000
93492.464328	450.473000
93503.095634	450.952000
93595.934089	455.120000
93610.341908	455.775000
93707.273688	460.219000
93723.127612	460.935000
93821.037425	465.384000
93831.967362	465.863000
93928.246810	470.271000
93945.960659	471.035000
94030.365961	474.886000
94051.786036	475.799000
94157.867787	480.636000
94166.756952	481.018000
94254.541190	485.093000
94272.781982	485.881000
94360.889748	490.016000
94379.398290	490.828000
94480.398321	495.543000
94488.649446	495.899000
94582.459878	500.264000
94595.216050	500.816000
94683.843932	504.993000
94704.793609	505.892000
94805.427245	510.628000
94811.955700	510.905000
94900.614280	515.009000
94922.584891	515.951000
95015.894059	520.310000
95038.028144	521.262000
95126.133519	525.407000
95144.613937	526.200000
95229.931372	530.132000
95264.347968	531.621000
95349.605339	535.482000
95376.691723	536.643000
95458.009071	540.271000
95495.087592	541.860000
95569.762244	545.240000
95616.374765	547.207000
95686.943629	550.396000
95741.586091	552.740000
95797.640446	555.319000
95840.170830	557.222000
95912.228476	560.510000
95975.957000	563.398000
96016.633296	565.259000
96077.147489	567.944000
96131.888279	570.435000
96204.884678	573.708000
96245.205945	575.583000
96306.745408	578.414000
96342.080283	580.041000
96428.027276	584.004000
96458.397441	585.387000
96539.885237	589.133000
96566.221850	590.322000
96645.958763	593.970000
96668.052247	594.976000
96771.154528	599.676000
96783.031381	600.215000
96874.392184	604.365000
96894.590088	605.275000
96992.810381	609.742000
96997.410796	609.946000
97109.089904	614.938000
97111.616742	615.047000
97228.557835	620.125000
97229.297941	620.156000
97334.664991	624.711000
97346.825323	625.251000
97451.350878	629.762000
97468.104637	630.487000
97574.850962	635.066000
97592.628703	635.831000
97675.426813	639.443000
97701.200896	640.576000
97796.377332	644.808000
97820.416874	645.863000
97906.974063	649.733000
97942.704940	651.291000
98015.290408	654.497000
98048.379546	655.922000
98140.364710	659.955000
98169.289828	661.171000
98259.556131	665.158000
98288.488272	666.365000
98378.108797	670.252000
98402.493732	671.262000
98496.401888	675.264000
98519.978627	676.219000
98626.053102	680.725000
98644.442720	681.456000
98744.238022	685.713000
98766.333060	686.579000
98870.286254	690.946000
98880.022005	691.321000
98993.892924	695.965000
99007.779187	696.486000
99133.958593	701.538000
99137.666316	701.679000
99247.621958	706.200000
99255.808598	706.510000
99383.053810	711.622000
99387.530918	711.800000
99515.535605	716.654000
99516.991312	716.712000
99644.510168	721.468000
99658.435407	722.031000
99787.827798	726.860000
99790.196947	726.956000
99914.021440	731.529000
99940.791370	732.597000
100043.969410	736.508000
100062.588976	737.234000
100185.562433	741.883000
100206.521981	742.696000
100304.442448	746.330000
100344.715636	747.857000
100453.582827	751.774000
100483.166306	752.874000
100588.861230	756.568000
100634.591867	758.249000
100728.566592	761.437000
100772.892488	763.056000
100882.941219	766.695000
100936.021813	768.581000
101025.161309	771.533000
101084.918674	773.590000
101176.795956	776.646000
101235.527954	778.612000
101318.217551	781.338000
101396.979989	783.938000
101481.834712	786.666000
101557.606492	789.177000
101636.618454	791.687000
101706.028947	793.950000
101781.421195	796.300000
101880.931050	799.545000
101951.108253	801.682000
102034.097894	804.383000
102110.288899	806.688000
102207.211733	809.887000
102263.930660	811.571000
102346.474660	814.309000
102415.830548	816.435000
102539.950206	820.512000
102593.612108	822.142000
102675.320333	824.789000
102733.343720	826.486000
102855.108078	830.260000
102903.682673	831.612000
103038.473457	835.709000
103098.580838	837.345000
103202.694021	840.422000
103240.783432	841.453000
103388.634901	845.705000
103438.815314	847.005000
103594.632561	851.273000
103629.533924	852.137000
103756.678974	855.657000
103809.510585	856.878000
103974.740077	861.510000
103993.580599	861.959000
104156.449018	866.446000
104198.145425	867.425000
104353.715193	871.471000
104378.126732	872.022000
104570.834472	876.717000
104586.444345	877.046000
104806.050457	882.148000
104826.737932	882.547000
105011.526988	886.678000
105044.935357	887.323000
105264.983968	892.037000
105270.089009	892.142000
105533.752432	897.169000
105545.734532	897.393000
105780.697739	902.187000
105790.467352	902.359000
106050.128427	907.125000
106063.794961	907.335000
106372.784539	912.205000
106383.977324	912.361000
106724.802935	917.323000
106736.212040	917.470000
107089.978264	922.229000
107106.415606	922.408000
107518.270594	927.215000
107550.976114	927.604000
108140.830793	932.097000
108199.502293	932.622000
108938.554381	937.407000
108955.960642	937.516000
109709.674178	942.196000
109830.662220	942.662000
111166.685515	947.085000
112643.470026	942.196000
113858.543064	937.516000
113876.097503	937.407000
114640.216368	932.622000
114721.303588	932.097000
115223.419870	927.604000
115274.488971	927.215000
115678.641763	922.408000
115693.978156	922.229000
116130.991070	917.470000
116141.918499	917.323000
116527.033976	912.361000
116537.749171	912.205000
116887.164958	907.335000
116900.488943	907.125000
117210.654167	902.359000
117220.025066	902.187000
117492.324622	897.393000
117503.303295	897.169000
117772.205158	892.142000
117777.712351	892.037000
118006.904368	887.323000
118037.012844	886.678000
118250.981796	882.547000
118268.829977	882.148000
118533.360044	877.046000
118547.521238	876.717000
118770.282193	872.022000
118792.898160	871.471000
118972.152406	867.425000
119009.795215	866.446000
119200.900197	861.959000
119217.197928	861.510000
119411.561619	856.878000
119455.116284	855.657000
119607.423629	852.137000
119638.631960	851.273000
119811.038228	847.005000
119858.498964	845.705000
120022.627515	841.453000
120058.477672	840.422000
120172.154799	837.345000
120227.510395	835.709000
120378.036029	831.612000
120422.516659	830.260000
120558.108759	826.486000
120612.860777	824.789000
120703.366319	822.142000
120753.681546	820.512000
120887.902143	816.435000
120952.625811	814.309000
121041.946799	811.571000
121092.715279	809.887000
121200.461030	806.688000
121270.297583	804.383000
121359.578236	801.682000
121425.238681	799.545000
121531.801631	796.300000
121603.865779	793.950000
121676.466910	791.687000
121753.453360	789.177000
121832.496801	786.666000
121914.816760	783.938000
121995.690029	781.338000
122078.269416	778.612000
122137.905420	776.646000
122229.199919	773.590000
122291.042710	771.533000
122376.800486	768.581000
122433.750719	766.695000
122536.168683	763.056000
122585.129633	761.437000
122672.412497	758.249000
122721.964414	756.568000
122822.457556	752.874000
122853.931410	751.774000
122959.275492	747.857000
123001.716187	746.330000
123097.559518	742.696000
123119.466326	741.883000
123239.319879	737.234000
123258.523736	736.508000
123358.828313	732.597000
123387.003753	731.529000
123501.628182	726.956000
123504.227603	726.860000
123623.400747	722.031000
123638.486255	721.468000
123756.121133	716.712000
123757.676241	716.654000
123879.503859	711.800000
123884.197892	711.622000
124012.776405	706.510000
124020.492762	706.200000
124139.885666	701.679000
124143.314940	701.538000
124276.161878	696.486000
124289.174441	695.965000
124412.951412	691.321000
124422.146416	690.946000
124535.522480	686.579000
124556.136967	685.713000
124664.749643	681.456000
124681.886210	680.725000
124795.242730	676.219000
124817.724116	675.264000
124916.524232	671.262000
124940.224191	670.252000
125034.069973	666.365000
125061.899140	665.158000
125157.468690	661.171000
125184.999120	659.955000
125280.932508	655.922000
125313.434085	654.497000
125387.878839	651.291000
125423.152750	649.733000
125511.906599	645.863000
125535.502938	644.808000
125631.934542	640.576000
125657.415379	639.443000
125739.583066	635.831000
125757.119210	635.066000
125863.530025	630.487000
125880.431332	629.762000
125984.674373	625.251000
125997.186853	624.711000
126099.761509	620.156000
126100.478606	620.125000
126221.712735	615.047000
126224.222892	614.938000
126339.947426	609.946000
126344.511235	609.742000
126445.246802	605.275000
126465.255861	604.365000
126557.367181	600.215000
126569.233078	599.676000
126672.797481	594.976000
126694.865757	593.970000
126774.982087	590.322000
126800.970900	589.133000
126883.945627	585.387000
126914.030416	584.004000
127001.056421	580.041000
127036.341750	578.414000
127097.824865	575.583000
127138.583076	573.708000
127208.967879	570.435000
127264.523648	567.944000
127323.527671	565.259000
127365.470655	563.398000
127428.594321	560.510000
127501.149511	557.222000
127542.854408	555.319000
127600.492800	552.740000
127651.439449	550.396000
127725.780239	547.207000
127769.307663	545.240000
127849.404420	541.860000
127884.510343	540.271000
127969.167912	536.643000
127995.190359	535.482000
128085.268334	531.621000
128118.147958	530.132000
128209.031809	526.200000
128226.238504	525.407000
128322.835393	521.262000
128343.070934	520.310000
128444.418070	515.951000
128464.582612	515.009000
128560.301707	510.905000
128566.285729	510.628000
128677.905813	505.892000
128697.008355	504.993000
128794.346287	500.816000
128806.058662	500.264000
128906.929474	495.899000
128914.580450	495.543000
129023.861494	490.828000
129041.255349	490.016000
129135.507589	485.881000
129152.298138	485.093000
129246.627103	481.018000
129254.856203	480.636000
129367.413506	475.799000
129387.436792	474.886000
129477.785870	471.035000
129494.531040	470.271000
129596.733452	465.863000
129607.195761	465.384000
129708.714111	460.935000
129724.471231	460.219000
129822.871844	455.775000
129837.158594	455.120000
129928.840717	450.952000
129939.510012	450.473000
130042.249709	445.844000
130060.260521	445.054000
130154.947385	440.736000
130164.935457	440.307000
130268.929315	435.603000
130272.907214	435.436000
130376.006875	430.860000
130391.830652	430.208000
130498.402726	425.527000
130505.987239	425.214000
130611.272642	420.606000
130614.651207	420.465000
130731.994571	415.453000
130738.918233	415.167000
130851.155549	410.461000
130852.701110	410.396000
130975.600868	405.327000
130980.440009	405.127000
131091.056553	400.448000
131091.319700	400.437000
131216.177421	395.342000
131226.532907	394.906000
131337.814349	390.217000
131341.137618	390.076000
131446.057621	385.599000
131461.028862	384.951000
131574.099958	380.081000
131576.665355	379.967000
131682.981498	375.273000
131693.843777	374.776000
131794.938675	370.228000
131809.282385	369.562000
131906.830439	365.127000
131918.517708	364.580000
132017.341800	360.144000
132030.800305	359.503000
132135.841636	355.093000
132152.139481	354.326000
132259.233407	349.919000
132274.708982	349.213000
132383.020345	344.932000
132402.167094	344.079000
132511.540157	339.886000
132533.453805	338.969000
132649.760268	334.400000
132667.037573	333.681000
132764.158478	329.779000
132791.024566	328.662000
132897.674800	324.327000
132920.950795	323.373000
133024.094193	319.214000
133047.935624	318.264000
133152.120415	314.026000
133180.306623	312.979000
133282.834473	309.113000
133314.523818	307.959000
133421.569818	303.864000
133459.863583	302.446000
133559.230504	298.680000
133582.015958	297.810000
133690.757833	293.920000
133740.105747	292.052000
133833.983644	288.916000
133880.837857	287.172000
133996.142606	283.681000
134042.852719	282.056000
134158.779758	278.949000
134226.675782	276.755000
134346.229720	274.037000
134436.503208	271.601000
134636.212763	268.793000
134722.965874	266.612000
135266.886642	263.996000
135397.946746	261.292000
135655.801685	266.612000
136109.276912	268.793000
136220.970050	271.601000
136394.222357	274.037000
136494.946224	276.755000
136591.451500	278.949000
136687.601430	282.056000
136748.232726	283.681000
136848.580421	287.172000
136906.183251	288.916000
136990.434865	292.052000
137046.354479	293.920000
137149.118605	297.810000
137173.438768	298.680000
137272.070975	302.446000
137309.485285	303.864000
137420.072711	307.959000
137450.239032	309.113000
137556.401082	312.979000
137584.167936	314.026000
137698.258815	318.264000
137721.613122	319.214000
137825.988398	323.373000
137849.647643	324.327000
137955.414351	328.662000
137982.894930	329.779000
138076.745846	333.681000
138094.641779	334.400000
138204.433163	338.969000
138227.775914	339.886000
138327.976489	344.079000
138350.226721	344.932000
138446.319605	349.213000
138464.181745	349.919000
138560.783532	354.326000
138579.422298	355.093000
138673.129597	359.503000
138688.397509	360.144000
138781.536244	364.580000
138793.722173	365.127000
138888.480925	369.562000
138903.129630	370.228000
139001.080370	374.776000
139012.127900	375.273000
139114.718517	379.967000
139117.300545	380.081000
139226.892486	384.951000
139241.937675	385.599000
139345.373241	390.076000
139348.677623	390.217000
139459.193991	394.906000
139469.541338	395.342000
139590.553268	400.437000
139590.822833	400.448000
139702.756002	405.127000
139707.484215	405.327000
139830.132233	410.396000
139831.708182	410.461000
139943.606826	415.167000
139950.427879	415.453000
140071.761423	420.465000
140075.062584	420.606000
140185.476973	425.214000
140192.628521	425.527000
140306.056972	430.208000
140320.901021	430.860000
140431.958694	435.436000
140435.721291	435.603000
140547.769436	440.307000
140557.253570	440.736000
140657.786194	445.054000
140675.109636	445.844000
140780.643879	450.473000
140791.275185	450.952000
140884.113640	455.120000
140898.521459	455.775000
140995.453239	460.219000
141011.307163	460.935000
141109.216975	465.384000
141120.146912	465.863000
141216.426361	470.271000
141234.140209	471.035000
141318.545512	474.886000
141339.965586	475.799000
141446.047338	480.636000
141454.936502	481.018000
141542.720741	485.093000
141560.961532	485.881000
141649.069299	490.016000
141667.577841	490.828000
141768.577872	495.543000
141776.828996	495.899000
141870.639429	500.264000
141883.395600	500.816000
141972.023482	504.993000
141992.973159	505.892000
142093.606796	510.628000
142100.135251	510.905000
142188.793830	515.009000
142210.764441	515.951000
142304.073610	520.310000
142326.207694	521.262000
142414.313070	525.407000
142432.793488	526.200000
142518.110922	530.132000
142552.527518	531.621000
142637.784890	535.482000
142664.871274	536.643000
142746.188621	540.271000
142783.267143	541.860000
142857.941795	545.240000
142904.554316	547.207000
142975.123179	550.396000
143029.765642	552.740000
143085.819997	555.319000
143128.350380	557.222000
143200.408026	560.510000
143264.136551	563.398000
143304.812847	565.259000
143365.327040	567.944000
143420.067830	570.435000
143493.064229	573.708000
143533.385496	575.583000
143594.924959	578.414000
143630.259833	580.041000
143716.206827	584.004000
143746.576992	585.387000
143828.064788	589.133000
143854.401400	590.322000
143934.138314	593.970000
143956.231797	594.976000
144059.334078	599.676000
144071.210932	600.215000
144162.571735	604.365000
144182.769638	605.275000
144280.989932	609.742000
144285.590347	609.946000
144397.269455	614.938000
144399.796292	615.047000
144516.737385	620.125000
144517.477491	620.156000
144622.844542	624.711000
144635.004874	625.251000
144739.530429	629.762000
144756.284187	630.487000
144863.030513	635.066000
144880.808253	635.831000
144963.606363	639.443000
144989.380447	640.576000
145084.556883	644.808000
145108.596424	645.863000
145195.153613	649.733000
145230.884491	651.291000
145303.469959	654.497000
145336.559096	655.922000
145428.544260	659.955000
145457.469378	661.171000
145547.735682	665.158000
145576.667823	666.365000
145666.288348	670.252000
145690.673282	671.262000
145784.581438	675.264000
145808.158178	676.219000
145914.232653	680.725000
145932.622270	681.456000
146032.417572	685.713000
146054.512610	686.579000
146158.465804	690.946000
146168.201555	691.321000
146282.072475	695.965000
146295.958737	696.486000
146422.138144	701.538000
146425.845867	701.679000
146535.801508	706.200000
146543.988149	706.510000
146671.233361	711.622000
146675.710468	711.800000
146803.715155	716.654000
146805.170863	716.712000
146932.689719	721.468000
146946.614958	722.031000
147076.007348	726.860000
147078.376498	726.956000
147202.200991	731.529000
147228.970921	732.597000
147332.148960	736.508000
147350.768527	737.234000
147473.741984	741.883000
147494.701532	742.696000
147592.621998	746.330000
147632.895187	747.857000
147741.762377	751.774000
147771.345857	752.874000
147877.040781	756.568000
147922.771417	758.249000
148016.746142	761.437000
148061.072038	763.056000
148171.120770	766.695000
148224.201363	768.581000
148313.340859	771.533000
148373.098225	773.590000
148464.975507	776.646000
148523.707505	778.612000
148606.397101	781.338000
148685.159540	783.938000
148770.014262	786.666000
148845.786043	789.177000
148924.798004	791.687000
148994.208497	793.950000
149069.600746	796.300000
149169.110601	799.545000
149239.287804	801.682000
149322.277445	804.383000
149398.468450	806.688000
149495.391284	809.887000
149552.110210	811.571000
149634.654211	814.309000
149704.010099	816.435000
149828.129757	820.512000
149881.791658	822.142000
149963.499884	824.789000
150021.523271	826.486000
150143.287629	830.260000
150191.862223	831.612000
150326.653008	835.709000
150386.760389	837.345000
150490.873572	840.422000
150528.962983	841.453000
150676.814451	845.705000
150726.994864	847.005000
150882.812112	851.273000
150917.713475	852.137000
151044.858525	855.657000
151097.690135	856.878000
151262.919628	861.510000
151281.760150	861.959000
151444.628569	866.446000
151486.324976	867.425000
151641.894743	871.471000
151666.306283	872.022000
151859.014023	876.717000
151874.623896	877.046000
152094.230008	882.148000
152114.917483	882.547000
152299.706539	886.678000
152333.114908	887.323000
152553.163519	892.037000
152558.268560	892.142000
152821.931982	897.169000
152833.914082	897.393000
153068.877290	902.187000
153078.646903	902.359000
153338.307978	907.125000
153351.974511	907.335000
153660.964090	912.205000
153672.156875	912.361000
154012.982486	917.323000
154024.391590	917.470000
154378.157814	922.229000
154394.595156	922.408000
154806.450144	927.215000
154839.155665	927.604000
155429.010343	932.097000
155487.681843	932.622000
156226.733932	937.407000
156244.140193	937.516000
156997.853729	942.196000
157118.841771	942.662000
158454.865066	947.085000
159931.649576	942.196000
161146.722615	937.516000
161164.277054	937.407000
161928.395919	932.622000
162009.483138	932.097000
162511.599421	927.604000
162562.668522	927.215000
162966.821313	922.408000
162982.157707	922.229000
163419.170620	917.470000
163430.098049	917.323000
163815.213527	912.361000
163825.928722	912.205000
164175.344508	907.335000
164188.668494	907.125000
164498.833717	902.359000
164508.204616	902.187000
164780.504173	897.393000
164791.482846	897.169000
165060.384709	892.142000
165065.891902	892.037000
165295.083919	887.323000
165325.192394	886.678000
165539.161347	882.547000
165557.009527	882.148000
165821.539594	877.046000
165835.700788	876.717000
166058.461744	872.022000
166081.077710	871.471000
166260.331957	867.425000
166297.974765	866.446000
166489.079747	861.959000
166505.377479	861.510000
166699.741169	856.878000
166743.295835	855.657000
166895.603180	852.137000
166926.811510	851.273000
167099.217778	847.005000
167146.678515	845.705000
167310.807066	841.453000
167346.657222	840.422000
167460.334350	837.345000
167515.689945	835.709000
167666.215580	831.612000
167710.696210	830.260000
167846.288310	826.486000
167901.040328	824.789000
167991.545869	822.142000
168041.861097	820.512000
168176.081694	816.435000
168240.805361	814.309000
168330.126350	811.571000
168380.894829	809.887000
168488.640581	806.688000
168558.477134	804.383000
168647.757786	801.682000
168713.418232	799.545000
168819.981182	796.300000
168892.045329	793.950000
168964.646461	791.687000
169041.632911	789.177000
169120.676351	786.666000
169202.996311	783.938000
169283.869580	781.338000
169366.448967	778.612000
169426.084971	776.646000
169517.379470	773.590000
169579.222261	771.533000
169664.980036	768.581000
169721.930270	766.695000
169824.348234	763.056000
169873.309184	761.437000
169960.592047	758.249000
170010.143965	756.568000
170110.637107	752.874000
170142.110961	751.774000
170247.455043	747.857000
170289.895737	746.330000
170385.739069	742.696000
170407.645877	741.883000
170527.499430	737.234000
170546.703286	736.508000
170647.007864	732.597000
170675.183304	731.529000
170789.807732	726.956000
170792.407153	726.860000
170911.580298	722.031000
170926.665806	721.468000
171044.300683	716.712000
171045.855791	716.654000
171167.683410	711.800000
171172.377443	711.622000
171300.955956	706.510000
171308.672312	706.200000
171428.065217	701.679000
171431.494491	701.538000
171564.341428	696.486000
171577.353992	695.965000
171701.130963	691.321000
171710.325966	690.946000
171823.702031	686.579000
171844.316518	685.713000
171952.929193	681.456000
171970.065760	680.725000
172083.422281	676.219000
172105.903667	675.264000
172204.703783	671.262000
172228.403742	670.252000
172322.249524	666.365000
172350.078691	665.158000
172445.648240	661.171000
172473.178671	659.955000
172569.112059	655.922000
172601.613635	654.497000
172676.058390	651.291000
172711.332301	649.733000
172800.086150	645.863000
172823.682489	644.808000
172920.114092	640.576000
172945.594929	639.443000
173027.762616	635.831000
173045.298761	635.066000
173151.709575	630.487000
173168.610883	629.762000
173272.853923	625.251000
173285.366404	624.711000
173387.941059	620.156000
173388.658157	620.125000
173509.892285	615.047000
173512.402443	614.938000
173628.126976	609.946000
173632.690786	609.742000
173733.426353	605.275000
173753.435412	604.365000
173845.546731	600.215000
173857.412628	599.676000
173960.977032	594.976000
173983.045307	593.970000
174063.161637	590.322000
174089.150450	589.133000
174172.125177	585.387000
174202.209967	584.004000
174289.235971	580.041000
174324.521300	578.414000
174386.004416	575.583000
174426.762626	573.708000
174497.147430	570.435000
174552.703199	567.944000
174611.707221	565.259000
174653.650206	563.398000
174716.773872	560.510000
174789.329062	557.222000
174831.033959	555.319000
174888.672350	552.740000
174939.618999	550.396000
175013.959790	547.207000
175057.487214	545.240000
175137.583970	541.860000
175172.689894	540.271000
175257.347462	536.643000
175283.369910	535.482000
175373.447885	531.621000
175406.327508	530.132000
175497.211360	526.200000
175514.418055	525.407000
175611.014943	521.262000
175631.250484	520.310000
175732.597621	515.951000
175752.762163	515.009000
175848.481258	510.905000
175854.465280	510.628000
175966.085363	505.892000
175985.187905	504.993000
176082.525837	500.816000
176094.238212	500.264000
176195.109024	495.899000
176202.760001	495.543000
176312.041045	490.828000
176329.434900	490.016000
176423.687139	485.881000
176440.477688	485.093000
176534.806654	481.018000
176543.035753	480.636000
176655.593056	475.799000
176675.616343	474.886000
176765.965420	471.035000
176782.710591	470.271000
176884.913003	465.863000
176895.375311	465.384000
176996.893662	460.935000
177012.650782	460.219000
177111.051395	455.775000
177125.338144	455.120000
177217.020268	450.952000
177227.689563	450.473000
177330.429259	445.844000
177348.440072	445.054000
177443.126936	440.736000
177453.115008	440.307000
177557.108865	435.603000
177561.086765	435.436000
177664.186426	430.860000
177680.010203	430.208000
177786.582277	425.527000
177794.166790	425.214000
177899.452193	420.606000
177902.830758	420.465000
178020.174122	415.453000
178027.097784	415.167000
178139.335099	410.461000
178140.880661	410.396000
178263.780419	405.327000
178268.619559	405.127000
178379.236104	400.448000
178379.499251	400.437000
178504.356972	395.342000
178514.712458	394.906000
178625.993900	390.217000
178629.317169	390.076000
178734.237172	385.599000
178749.208413	384.951000
178862.279509	380.081000
178864.844906	379.967000
178971.161049	375.273000
178982.023327	374.776000
179083.118225	370.228000
179097.461935	369.562000
179195.009990	365.127000
179206.697259	364.580000
179305.521351	360.144000
179318.979856	359.503000
179424.021187	355.093000
179440.319032	354.326000
179547.412958	349.919000
179562.888533	349.213000
179671.199896	344.932000
179690.346644	344.079000
179799.719707	339.886000
179821.633356	338.969000
179937.939818	334.400000
179955.217123	333.681000
180052.338029	329.779000
180079.204116	328.662000
180185.854350	324.327000
180209.130345	323.373000
180312.273744	319.214000
180336.115175	318.264000
180440.299965	314.026000
180468.486173	312.979000
180571.014024	309.113000
180602.703368	307.959000
180709.749369	303.864000
180748.043134	302.446000
180847.410055	298.680000
180870.195509	297.810000
180978.937383	293.920000
181028.285298	292.052000
181122.163194	288.916000
181169.017408	287.172000
181284.322157	283.681000
181331.032270	282.056000
181446.959309	278.949000
181514.855332	276.755000
181634.409271	274.037000
181724.682758	271.601000
181924.392314	268.793000
182011.145425	266.612000
182555.066192	263.996000
182686.126297	261.292000
182943.981235	266.612000
183397.456462	268.793000
183509.149601	271.601000
183682.401908	274.037000
183783.125774	276.755000
183879.631051	278.949000
183975.780980	282.056000
184036.412277	283.681000
184136.759971	287.172000
184194.362802	288.916000
184278.614415	292.052000
184334.534030	293.920000
184437.298156	297.810000
184461.618318	298.680000
184560.250526	302.446000
184597.664836	303.864000
184708.252261	307.959000
184738.418582	309.113000
184844.580633	312.979000
184872.347487	314.026000
184986.438366	318.264000
185009.792672	319.214000
185114.167948	323.373000
185137.827194	324.327000
185243.593901	328.662000
185271.074481	329.779000
185364.925397	333.681000
185382.821330	334.400000
185492.612714	338.969000
185515.955464	339.886000
185616.156040	344.079000
185638.406272	344.932000
185734.499155	349.213000
185752.361296	349.919000
185848.963082	354.326000
185867.601848	355.093000
185961.309147	359.503000
185976.577060	360.144000
186069.715795	364.580000
186081.901723	365.127000
186176.660476	369.562000
186191.309180	370.228000
186289.259921	374.776000
186300.307451	375.273000
186402.898067	379.967000
186405.480095	380.081000
186515.072037	384.951000
186530.117226	385.599000
186633.552791	390.076000
186636.857174	390.217000
186747.373542	394.906000
186757.720889	395.342000
186878.732818	400.437000
186879.002383	400.448000
186990.935553	405.127000
186995.663766	405.327000
187118.311784	410.396000
187119.887733	410.461000
187231.786377	415.167000
187238.607429	415.453000
187359.940974	420.465000
187363.242134	420.606000
187473.656524	425.214000
187480.808071	425.527000
187594.236523	430.208000
187609.080571	430.860000
187720.138245	435.436000
187723.900842	435.603000
187835.948987	440.307000
187845.433120	440.736000
187945.965744	445.054000
187963.289186	445.844000
188068.823430	450.473000
188079.454735	450.952000
188172.293190	455.120000
188186.701010	455.775000
188283.632789	460.219000
188299.486713	460.935000
188397.396526	465.384000
188408.326463	465.863000
188504.605912	470.271000
188522.319760	471.035000
188606.725062	474.886000
188628.145137	475.799000
188734.226888	480.636000
188743.116053	481.018000
188830.900291	485.093000
188849.141083	485.881000
188937.248850	490.016000
188955.757391	490.828000
189056.757423	495.543000
189065.008547	495.899000
189158.818980	500.264000
189171.575151	500.816000
189260.203033	504.993000
189281.152710	505.892000
189381.786346	510.628000
189388.314801	510.905000
189476.973381	515.009000
189498.943992	515.951000
189592.253160	520.310000
189614.387245	521.262000
189702.492620	525.407000
189720.973038	526.200000
189806.290473	530.132000
189840.707069	531.621000
189925.964440	535.482000
189953.050824	536.643000
190034.368172	540.271000
190071.446693	541.860000
190146.121346	545.240000
190192.733866	547.207000
190263.302730	550.396000
190317.945193	552.740000
190373.999547	555.319000
190416.529931	557.222000
190488.587577	560.510000
190552.316102	563.398000
190592.992398	565.259000
190653.506591	567.944000
190708.247380	570.435000
190781.243779	573.708000
190821.565047	575.583000
190883.104509	578.414000
190918.439384	580.041000
191004.386377	584.004000
191034.756542	585.387000
191116.244338	589.133000
191142.580951	590.322000
191222.317864	593.970000
191244.411348	594.976000
191347.513629	599.676000
191359.390483	600.215000
191450.751285	604.365000
191470.949189	605.275000
191569.169482	609.742000
191573.769898	609.946000
191685.449005	614.938000
191687.975843	615.047000
191804.916936	620.125000
191805.657042	620.156000
191911.024092	624.711000
191923.184425	625.251000
192027.709980	629.762000
192044.463738	630.487000
192151.210064	635.066000
192168.987804	635.831000
192251.785914	639.443000
192277.559997	640.576000
192372.736433	644.808000
192396.775975	645.863000
192483.333164	649.733000
192519.064041	651.291000
192591.649510	654.497000
192624.738647	655.922000
192716.723811	659.955000
192745.648929	661.171000
192835.915232	665.158000
192864.847373	666.365000
192954.467899	670.252000
192978.852833	671.262000
193072.760989	675.264000
193096.337728	676.219000
193202.412203	680.725000
193220.801821	681.456000
193320.597123	685.713000
193342.692161	686.579000
193446.645355	690.946000
193456.381106	691.321000
193570.252026	695.965000
193584.138288	696.486000
193710.317694	701.538000
193714.025418	701.679000
193823.981059	706.200000
193832.167699	706.510000
193959.412911	711.622000
193963.890019	711.800000
194091.894706	716.654000
194093.350413	716.712000
194220.869269	721.468000
194234.794508	722.031000
194364.186899	726.860000
194366.556048	726.956000
194490.380542	731.529000
194517.150472	732.597000
194620.328511	736.508000
194638.948077	737.234000
194761.921534	741.883000
194782.881082	742.696000
194880.801549	746.330000
194921.074738	747.857000
195029.941928	751.774000
195059.525408	752.874000
195165.220331	756.568000
195210.950968	758.249000
195304.925693	761.437000
195349.251589	763.056000
195459.300320	766.695000
195512.380914	768.581000
195601.520410	771.533000
195661.277776	773.590000
195753.155058	776.646000
195811.887055	778.612000
195894.576652	781.338000
195973.339091	783.938000
196058.193813	786.666000
196133.965594	789.177000
196212.977555	791.687000
196282.388048	793.950000
196357.780297	796.300000
196457.290151	799.545000
196527.467355	801.682000
196610.456995	804.383000
196686.648001	806.688000
196783.570834	809.887000
196840.289761	811.571000
196922.833761	814.309000
196992.189649	816.435000
197116.309307	820.512000
197169.971209	822.142000
197251.679435	824.789000
197309.702821	826.486000
197431.467180	830.260000
197480.041774	831.612000
197614.832559	835.709000
197674.939939	837.345000
197779.053122	840.422000
197817.142534	841.453000
197964.994002	845.705000
198015.174415	847.005000
198170.991663	851.273000
198205.893025	852.137000
198333.038076	855.657000
198385.869686	856.878000
198551.099179	861.510000
198569.939701	861.959000
198732.808120	866.446000
198774.504527	867.425000
198930.074294	871.471000
198954.485834	872.022000
199147.193573	876.717000
199162.803447	877.046000
199382.409558	882.148000
199403.097033	882.547000
199587.886089	886.678000
199621.294459	887.323000
199841.343069	892.037000
