0.000000	500.000000
19.475969	500.816000
110.538481	504.993000
132.188056	505.892000
235.594414	510.628000
242.346215	510.905000
333.533073	515.009000
356.239015	515.951000
452.158867	520.310000
475.028880	521.262000
565.563493	525.407000
584.661376	526.200000
672.434203	530.132000
707.981099	531.621000
795.783385	535.482000
823.776878	536.643000
907.598375	540.271000
945.919115	541.860000
1022.825194	545.240000
1071.050751	547.207000
1143.735476	550.396000
1200.204829	552.740000
1257.878087	555.319000
1301.710300	557.222000
1375.885200	560.510000
1441.513310	563.398000
1483.378192	565.259000
1545.777525	567.944000
1602.135959	570.435000
1677.357031	573.708000
1718.817277	575.583000
1782.134534	578.414000
1818.488240	580.041000
1906.906164	584.004000
1938.172453	585.387000
2022.017837	589.133000
2049.145692	590.322000
2131.212673	593.970000
2153.958192	594.976000
2260.096050	599.676000
2272.325863	600.215000
2366.396528	604.365000
2387.203837	605.275000
2488.330095	609.742000
2493.073998	609.946000
2608.178726	614.938000
2610.789062	615.047000
2731.541192	620.125000
2732.307314	620.156000
2841.140536	624.711000
2853.679029	625.251000
2961.655263	629.762000
2978.958981	630.487000
3089.274378	635.066000
3107.642607	635.831000
3193.113133	639.443000
3219.705906	640.576000
3317.834052	644.808000
3342.639842	645.863000
3431.850723	649.733000
3468.735993	651.291000
3543.604229	654.497000
3577.790597	655.922000
3672.713623	659.955000
3702.647693	661.171000
3795.752722	665.158000
3825.710474	666.365000
3918.258991	670.252000
3943.521543	671.262000
4040.612966	675.264000
4065.079064	676.219000
4174.773519	680.725000
4193.884981	681.456000
4297.056255	685.713000
4320.044866	686.579000
4427.629606	690.946000
4437.773912	691.321000
4555.878921	695.965000
4570.381421	696.486000
4701.438798	701.538000
4705.306399	701.679000
4819.280929	706.200000
4827.823806	706.510000
4959.953015	711.622000
4964.605796	711.800000
5098.163679	716.654000
5099.676247	716.712000
5232.926381	721.468000
5247.378989	722.031000
5382.578839	726.860000
5385.037288	726.956000
5514.545175	731.529000
5542.357847	732.597000
5650.015840	736.508000
5669.396764	737.234000
5797.739941	741.883000
5819.566037	742.696000
5921.934382	746.330000
5963.955168	747.857000
6078.106483	751.774000
6109.028259	752.874000
6220.183909	756.568000
6268.034647	758.249000
6367.187264	761.437000
6413.596381	763.056000
6530.054911	766.695000
6585.782272	768.581000
6680.096851	771.533000
6743.044495	773.590000
6840.205332	776.646000
6902.268447	778.612000
6989.806321	781.338000
7073.173392	783.938000
7163.283592	786.666000
7243.447928	789.177000
7327.483192	791.687000
7401.062915	793.950000
7481.452334	796.300000
7586.936699	799.545000
7662.011151	801.682000
7750.004708	804.383000
7831.590194	806.688000
7934.181235	809.887000
7995.086891	811.571000
8082.406256	814.309000
8156.531853	816.435000
8287.986621	820.512000
8345.414063	822.142000
8432.099037	824.789000
8494.551535	826.486000
8624.488007	830.260000
8677.206950	831.612000
8821.442527	835.709000
8886.945095	837.345000
8998.822320	840.422000
9040.373926	841.453000
9199.944599	845.705000
9255.169054	847.005000
9424.772173	851.273000
9463.573245	852.137000
9601.698408	855.657000
9661.481034	856.878000
9840.581291	861.510000
9861.724921	861.959000
10038.815250	866.446000
10085.793255	867.425000
10256.860622	871.471000
10284.673310	872.022000
10499.737754	876.717000
10517.924851	877.046000
10766.062324	882.148000
10791.047584	882.547000
11002.194262	886.678000
11042.524492	887.323000
11297.447941	892.037000
11303.449750	892.142000
11623.605144	897.169000
11638.294963	897.393000
11915.391940	902.187000
11927.772855	902.359000
12249.146508	907.125000
12268.384041	907.335000
12693.136507	912.205000
12710.878830	912.361000
13219.945314	917.323000
13240.931259	917.470000
13835.705733	922.229000
13975.023064	922.408000
15069.616130	927.215000
15148.162441	927.604000
16197.331153	922.408000
16238.090911	922.229000
19942.063984	917.470000
19960.435879	917.323000
20668.818583	912.361000
20684.823091	912.205000
21238.702012	907.335000
21257.017827	907.125000
21693.618230	902.359000
21705.216272	902.187000
22050.298285	897.393000
22063.245661	897.169000
22392.914052	892.142000
22399.601204	892.037000
22669.053850	887.323000
22703.934127	886.678000
22962.235179	882.547000
22982.629157	882.148000
23302.114872	877.046000
23318.115897	876.717000
23577.655169	872.022000
23602.894894	871.471000
23807.123816	867.425000
23848.516538	866.446000
24063.828397	861.959000
24081.549270	861.510000
24299.672417	856.878000
24346.883431	855.657000
24519.229741	852.137000
24553.133190	851.273000
24744.803302	847.005000
24796.463109	845.705000
24977.089557	841.453000
25015.781317	840.422000
25139.791297	837.345000
25199.274931	835.709000
25363.311619	831.612000
25410.909008	830.260000
25558.069725	826.486000
25616.496380	824.789000
25713.910500	822.142000
25767.290367	820.512000
25910.929435	816.435000
25979.478083	814.309000
26074.941810	811.571000
26128.647365	809.887000
26244.346413	806.688000
26318.267122	804.383000
26413.869030	801.682000
26483.488516	799.545000
26597.487860	796.300000
26673.878694	793.950000
26751.291994	791.687000
26832.902734	789.177000
26916.971478	786.666000
27004.063596	783.938000
27089.945752	781.338000
27177.352919	778.612000
27240.485516	776.646000
27336.957989	773.590000
27402.357152	771.533000
27492.693295	768.581000
27552.949831	766.695000
27660.474680	763.056000
27712.287365	761.437000
27803.672334	758.249000
27855.954501	756.568000
27961.106570	752.874000
27994.206520	751.774000
28104.316154	747.857000
28148.816806	746.330000
28248.819123	742.696000
28271.721012	741.883000
28396.529775	737.234000
28416.572181	736.508000
28520.978232	732.597000
28550.377040	731.529000
28669.466321	726.956000
28672.185052	726.860000
28795.850153	722.031000
28811.612736	721.468000
28933.702612	716.712000
28935.327614	716.654000
29061.913857	711.800000
29066.811529	711.622000
29200.435202	706.510000
29208.447732	706.200000
29333.035945	701.679000
29336.590559	701.538000
29475.165902	696.486000
29488.681519	695.965000
29617.951411	691.321000
29627.488314	690.946000
29745.622138	686.579000
29766.956781	685.713000
29879.961997	681.456000
29897.678277	680.725000
30015.484362	676.219000
30038.732965	675.264000
30141.260005	671.262000
30165.763338	670.252000
30262.986644	666.365000
30291.725018	665.158000
30390.682398	661.171000
30419.078615	659.955000
30518.358306	655.922000
30551.897932	654.497000
30628.811264	651.291000
30665.194518	649.733000
30756.815823	645.863000
30781.135586	644.808000
30880.640897	640.576000
30906.911973	639.443000
30991.689638	635.831000
31009.791785	635.066000
31119.737041	630.487000
31137.203445	629.762000
31244.868372	625.251000
31257.793924	624.711000
31363.558437	620.156000
31364.299124	620.125000
31489.794775	615.047000
31492.386737	614.938000
31611.935371	609.946000
31616.639170	609.742000
31720.516692	605.275000
31741.117743	604.365000
31836.008221	600.215000
31848.226074	599.676000
31954.868230	594.976000
31977.586248	593.970000
32060.067016	590.322000
32086.815272	589.133000
32172.282844	585.387000
32203.238041	584.004000
32292.831897	580.041000
32329.131660	578.414000
32392.387556	575.583000
32434.323217	573.708000
32506.696223	570.435000
32563.945135	567.944000
32624.692785	565.259000
32667.942379	563.398000
32732.910557	560.510000
32807.628432	557.222000
32850.558735	555.319000
32909.961403	552.740000
32962.379439	550.396000
33039.205705	547.207000
33084.038209	545.240000
33166.906731	541.860000
33203.061689	540.271000
33290.555486	536.643000
33317.379290	535.482000
33410.473929	531.621000
33444.335002	530.132000
33538.203635	526.200000
33555.905530	525.407000
33655.729903	521.262000
33676.523377	520.310000
33781.240173	515.951000
33801.968895	515.009000
33900.891598	510.905000
33907.046266	510.628000
34022.485005	505.892000
34042.113873	504.993000
34142.703720	500.816000
34154.737837	500.264000
34258.919950	495.899000
34266.786773	495.543000
34379.677464	490.828000
34397.558685	490.016000
34494.817229	485.881000
34512.073083	485.093000
34609.509621	481.018000
34617.972016	480.636000
34734.278447	475.799000
34754.890968	474.886000
34848.301543	471.035000
34865.538847	470.271000
34971.119643	465.863000
34981.887222	465.384000
35086.650919	460.935000
35102.875081	460.219000
35204.229794	455.775000
35218.932206	455.120000
35313.329092	450.952000
35324.322683	450.473000
35430.162008	445.844000
35448.747550	445.054000
35546.220037	440.736000
35556.541163	440.307000
35663.646803	435.603000
35667.763858	435.436000
35774.073092	430.860000
35790.472652	430.208000
35900.435624	425.527000
35908.295209	425.214000
36016.955700	420.606000
36020.453939	420.465000
36141.756199	415.453000
36148.930462	415.167000
36265.104525	410.461000
36266.703954	410.396000
36394.066291	405.327000
36399.080387	405.127000
36513.505793	400.448000
36513.778229	400.437000
36643.272944	395.342000
36653.988497	394.906000
36769.132883	390.217000
36772.569853	390.076000
36881.036873	385.599000
36896.499343	384.951000
37013.318994	380.081000
37015.964053	379.967000
37125.626509	375.273000
37136.806144	374.776000
37240.960704	370.228000
37255.710862	369.562000
37356.146929	365.127000
37368.159926	364.580000
37469.988825	360.144000
37483.809049	359.503000
37592.524684	355.093000
37609.271585	354.326000
37720.272948	349.919000
37736.203444	349.213000
37848.817899	344.932000
37868.556057	344.079000
37982.565110	339.886000
38005.250592	338.969000
38126.237984	334.400000
38144.130945	333.681000
38244.979144	329.779000
38272.804448	328.662000
38383.448356	324.327000
38407.580795	323.373000
38514.652444	319.214000
38539.424959	318.264000
38647.504864	314.026000
38676.968878	312.979000
38783.998519	309.113000
38817.186745	307.959000
38928.790826	303.864000
38968.832283	302.446000
39072.514993	298.680000
39096.274578	297.810000
39210.360204	293.920000
39261.857020	292.052000
39361.083320	288.916000
39410.052394	287.172000
39533.507003	283.681000
39582.654475	282.056000
39709.359614	278.949000
39781.413962	276.755000
39917.335452	274.037000
40015.872305	271.601000
40328.358089	268.793000
40424.460949	266.612000
40644.294591	271.601000
40915.382686	274.037000
41025.326514	276.755000
41135.043861	278.949000
41237.082539	282.056000
41303.350917	283.681000
41408.934810	287.172000
41470.609069	288.916000
41558.663550	292.052000
41617.769012	293.920000
41725.008100	297.810000
41750.523394	298.680000
41853.372355	302.446000
41892.411676	303.864000
42008.046208	307.959000
42039.497028	309.113000
42150.680461	312.979000
42179.666502	314.026000
42298.929627	318.264000
42323.157071	319.214000
42431.608537	323.373000
42456.168853	324.327000
42565.827263	328.662000
42594.336893	329.779000
42691.538627	333.681000
42710.121368	334.400000
42823.825033	338.969000
42848.107248	339.886000
42951.837046	344.079000
42975.030397	344.932000
43074.091423	349.213000
43092.663207	349.919000
43192.104702	354.326000
43211.423524	355.093000
43307.712747	359.503000
43323.514725	360.144000
43419.156712	364.580000
43431.713161	365.127000
43529.112867	369.562000
43544.195262	370.228000
43644.921567	374.776000
43656.303453	375.273000
43761.891391	379.967000
43764.554689	380.081000
43877.549760	384.951000
43893.093730	385.599000
43999.923178	390.076000
44003.339271	390.217000
44117.636823	394.906000
44128.343360	395.342000
44253.562957	400.437000
44253.842534	400.448000
44369.726966	405.127000
44374.617986	405.327000
44501.700249	410.396000
44503.333422	410.461000
44619.132077	415.167000
44626.192379	415.453000
44751.917574	420.465000
44755.330108	420.606000
44869.655527	425.214000
44877.036329	425.527000
44994.578550	430.208000
45009.894905	430.860000
45124.993658	435.436000
45128.873388	435.603000
45244.841231	440.307000
45254.609156	440.736000
45358.494052	445.054000
45376.327138	445.844000
45485.229003	450.473000
45496.181052	450.952000
45591.841352	455.120000
45606.675796	455.775000
45706.427735	460.219000
45722.757613	460.935000
45823.569474	465.384000
45834.848821	465.863000
45933.937525	470.271000
45952.236919	471.035000
46039.122855	474.886000
46061.268753	475.799000
46170.472219	480.636000
46179.657469	481.018000
46269.930403	485.093000
46288.772119	485.881000
46379.321557	490.016000
46398.420454	490.828000
46502.250446	495.543000
46510.774112	495.899000
46607.231090	500.264000
46620.406010	500.816000
46711.468522	504.993000
46733.118097	505.892000
46836.524455	510.628000
46843.276256	510.905000
46934.463113	515.009000
46957.169055	515.951000
47053.088908	520.310000
47075.958921	521.262000
47166.493533	525.407000
47185.591417	526.200000
47273.364244	530.132000
47308.911140	531.621000
47396.713426	535.482000
47424.706919	536.643000
47508.528416	540.271000
47546.849156	541.860000
47623.755235	545.240000
47671.980792	547.207000
47744.665517	550.396000
47801.134870	552.740000
47858.808128	555.319000
47902.640341	557.222000
47976.815241	560.510000
48042.443351	563.398000
48084.308233	565.259000
48146.707565	567.944000
48203.066000	570.435000
48278.287072	573.708000
48319.747318	575.583000
48383.064575	578.414000
48419.418281	580.041000
48507.836205	584.004000
48539.102493	585.387000
48622.947878	589.133000
48650.075733	590.322000
48732.142714	593.970000
48754.888232	594.976000
48861.026091	599.676000
48873.255904	600.215000
48967.326568	604.365000
48988.133878	605.275000
49089.260136	609.742000
49094.004039	609.946000
49209.108766	614.938000
49211.719103	615.047000
49332.471233	620.125000
49333.237355	620.156000
49442.070576	624.711000
49454.609070	625.251000
49562.585303	629.762000
49579.889021	630.487000
49690.204419	635.066000
49708.572648	635.831000
49794.043174	639.443000
49820.635946	640.576000
49918.764093	644.808000
49943.569883	645.863000
50032.780764	649.733000
50069.666034	651.291000
50144.534269	654.497000
50178.720638	655.922000
50273.643664	659.955000
50303.577734	661.171000
50396.682763	665.158000
50426.640515	666.365000
50519.189032	670.252000
50544.451584	671.262000
50641.543007	675.264000
50666.009105	676.219000
50775.703560	680.725000
50794.815022	681.456000
50897.986296	685.713000
50920.974907	686.579000
51028.559646	690.946000
51038.703952	691.321000
51156.808961	695.965000
51171.311462	696.486000
51302.368839	701.538000
51306.236440	701.679000
51420.210970	706.200000
51428.753847	706.510000
51560.883056	711.622000
51565.535837	711.800000
51699.093720	716.654000
51700.606288	716.712000
51833.856422	721.468000
51848.309030	722.031000
51983.508880	726.860000
51985.967329	726.956000
52115.475215	731.529000
52143.287888	732.597000
52250.945881	736.508000
52270.326805	737.234000
52398.669981	741.883000
52420.496078	742.696000
52522.864423	746.330000
52564.885209	747.857000
52679.036523	751.774000
52709.958299	752.874000
52821.113950	756.568000
52868.964688	758.249000
52968.117305	761.437000
53014.526422	763.056000
53130.984952	766.695000
53186.712313	768.581000
53281.026891	771.533000
53343.974536	773.590000
53441.135373	776.646000
53503.198488	778.612000
53590.736362	781.338000
53674.103433	783.938000
53764.213633	786.666000
53844.377969	789.177000
53928.413233	791.687000
54001.992956	793.950000
54082.382375	796.300000
54187.866739	799.545000
54262.941192	801.682000
54350.934748	804.383000
54432.520235	806.688000
54535.111275	809.887000
54596.016932	811.571000
54683.336296	814.309000
54757.461894	816.435000
54888.916662	820.512000
54946.344104	822.142000
55033.029078	824.789000
55095.481576	826.486000
55225.418048	830.260000
55278.136991	831.612000
55422.372568	835.709000
55487.875136	837.345000
55599.752361	840.422000
55641.303966	841.453000
55800.874640	845.705000
55856.099095	847.005000
56025.702213	851.273000
56064.503286	852.137000
56202.628448	855.657000
56262.411075	856.878000
56441.511332	861.510000
56462.654962	861.959000
56639.745291	866.446000
56686.723296	867.425000
56857.790662	871.471000
56885.603351	872.022000
57100.667795	876.717000
57118.854892	877.046000
57366.992364	882.148000
57391.977625	882.547000
57603.124303	886.678000
57643.454533	887.323000
57898.377982	892.037000
57904.379791	892.142000
58224.535185	897.169000
58239.225003	897.393000
58516.321981	902.187000
58528.702896	902.359000
58850.076549	907.125000
58869.314082	907.335000
59294.066548	912.205000
59311.808871	912.361000
59820.875355	917.323000
59841.861300	917.470000
60436.635774	922.229000
60575.953105	922.408000
61670.546171	927.215000
61749.092481	927.604000
62798.261194	922.408000
62839.020952	922.229000
66542.994025	917.470000
66561.365920	917.323000
67269.748623	912.361000
67285.753132	912.205000
67839.632053	907.335000
67857.947868	907.125000
68294.548271	902.359000
68306.146313	902.187000
68651.228326	897.393000
68664.175702	897.169000
68993.844092	892.142000
69000.531245	892.037000
69269.983891	887.323000
69304.864168	886.678000
69563.165219	882.547000
69583.559198	882.148000
69903.044913	877.046000
69919.045938	876.717000
70178.585210	872.022000
70203.824935	871.471000
70408.053857	867.425000
70449.446579	866.446000
70664.758438	861.959000
70682.479311	861.510000
70900.602458	856.878000
70947.813472	855.657000
71120.159781	852.137000
71154.063230	851.273000
71345.733343	847.005000
71397.393150	845.705000
71578.019598	841.453000
71616.711358	840.422000
71740.721338	837.345000
71800.204972	835.709000
71964.241660	831.612000
72011.839048	830.260000
72158.999766	826.486000
72217.426421	824.789000
72314.840541	822.142000
72368.220408	820.512000
72511.859475	816.435000
72580.408123	814.309000
72675.871851	811.571000
72729.577406	809.887000
72845.276454	806.688000
72919.197163	804.383000
73014.799071	801.682000
73084.418557	799.545000
73198.417901	796.300000
73274.808735	793.950000
73352.222035	791.687000
73433.832775	789.177000
73517.901519	786.666000
73604.993637	783.938000
73690.875793	781.338000
73778.282960	778.612000
73841.415557	776.646000
73937.888030	773.590000
74003.287192	771.533000
74093.623335	768.581000
74153.879872	766.695000
74261.404721	763.056000
74313.217406	761.437000
74404.602375	758.249000
74456.884542	756.568000
74562.036611	752.874000
74595.136561	751.774000
74705.246194	747.857000
74749.746847	746.330000
74849.749164	742.696000
74872.651053	741.883000
74997.459816	737.234000
75017.502222	736.508000
75121.908273	732.597000
75151.307080	731.529000
75270.396362	726.956000
75273.115093	726.860000
75396.780193	722.031000
75412.542777	721.468000
75534.632653	716.712000
75536.257655	716.654000
75662.843897	711.800000
75667.741570	711.622000
75801.365242	706.510000
75809.377773	706.200000
75933.965986	701.679000
75937.520599	701.538000
76076.095943	696.486000
76089.611559	695.965000
76218.881451	691.321000
76228.418355	690.946000
76346.552179	686.579000
76367.886822	685.713000
76480.892038	681.456000
76498.608318	680.725000
76616.414403	676.219000
76639.663006	675.264000
76742.190046	671.262000
76766.693379	670.252000
76863.916685	666.365000
76892.655059	665.158000
76991.612439	661.171000
77020.008656	659.955000
77119.288347	655.922000
77152.827973	654.497000
77229.741305	651.291000
77266.124558	649.733000
77357.745864	645.863000
77382.065626	644.808000
77481.570938	640.576000
77507.842013	639.443000
77592.619679	635.831000
77610.721825	635.066000
77720.667082	630.487000
77738.133486	629.762000
77845.798413	625.251000
77858.723965	624.711000
77964.488478	620.156000
77965.229165	620.125000
78090.724816	615.047000
78093.316778	614.938000
78212.865412	609.946000
78217.569211	609.742000
78321.446733	605.275000
78342.047784	604.365000
78436.938262	600.215000
78449.156114	599.676000
78555.798271	594.976000
78578.516289	593.970000
78660.997056	590.322000
78687.745313	589.133000
78773.212885	585.387000
78804.168082	584.004000
78893.761938	580.041000
78930.061701	578.414000
78993.317597	575.583000
79035.253258	573.708000
79107.626264	570.435000
79164.875176	567.944000
79225.622826	565.259000
79268.872420	563.398000
79333.840597	560.510000
79408.558473	557.222000
79451.488776	555.319000
79510.891444	552.740000
79563.309480	550.396000
79640.135746	547.207000
79684.968250	545.240000
79767.836772	541.860000
79803.991730	540.271000
79891.485527	536.643000
79918.309331	535.482000
80011.403970	531.621000
80045.265043	530.132000
80139.133676	526.200000
80156.835571	525.407000
80256.659944	521.262000
80277.453418	520.310000
80382.170213	515.951000
80402.898936	515.009000
80501.821639	510.905000
80507.976307	510.628000
80623.415046	505.892000
80643.043914	504.993000
80743.633760	500.816000
80755.667877	500.264000
80859.849991	495.899000
80867.716814	495.543000
80980.607505	490.828000
80998.488725	490.016000
81095.747270	485.881000
81113.003124	485.093000
81210.439662	481.018000
81218.902057	480.636000
81335.208488	475.799000
81355.821009	474.886000
81449.231584	471.035000
81466.468887	470.271000
81572.049683	465.863000
81582.817263	465.384000
81687.580960	460.935000
81703.805121	460.219000
81805.159835	455.775000
81819.862247	455.120000
81914.259133	450.952000
81925.252723	450.473000
82031.092049	445.844000
82049.677591	445.054000
82147.150078	440.736000
82157.471203	440.307000
82264.576843	435.603000
82268.693899	435.436000
82375.003133	430.860000
82391.402693	430.208000
82501.365665	425.527000
82509.225250	425.214000
82617.885741	420.606000
82621.383980	420.465000
82742.686240	415.453000
82749.860503	415.167000
82866.034566	410.461000
82867.633995	410.396000
82994.996332	405.327000
83000.010428	405.127000
83114.435834	400.448000
83114.708270	400.437000
83244.202985	395.342000
83254.918538	394.906000
83370.062923	390.217000
83373.499894	390.076000
83481.966913	385.599000
83497.429384	384.951000
83614.249035	380.081000
83616.894094	379.967000
83726.556550	375.273000
83737.736185	374.776000
83841.890745	370.228000
83856.640903	369.562000
83957.076970	365.127000
83969.089967	364.580000
84070.918866	360.144000
84084.739090	359.503000
84193.454725	355.093000
84210.201626	354.326000
84321.202989	349.919000
84337.133485	349.213000
84449.747940	344.932000
84469.486098	344.079000
84583.495151	339.886000
84606.180633	338.969000
84727.168025	334.400000
84745.060985	333.681000
84845.909184	329.779000
84873.734489	328.662000
84984.378397	324.327000
85008.510836	323.373000
85115.582485	319.214000
85140.355000	318.264000
85248.434905	314.026000
85277.898919	312.979000
85384.928560	309.113000
85418.116786	307.959000
85529.720867	303.864000
85569.762324	302.446000
85673.445034	298.680000
85697.204618	297.810000
85811.290244	293.920000
85862.787061	292.052000
85962.013361	288.916000
86010.982435	287.172000
86134.437044	283.681000
86183.584516	282.056000
86310.289655	278.949000
86382.344003	276.755000
86518.265493	274.037000
86616.802346	271.601000
86929.288129	268.793000
87025.390990	266.612000
87245.224632	271.601000
87516.312727	274.037000
87626.256554	276.755000
87735.973902	278.949000
87838.012579	282.056000
87904.280957	283.681000
88009.864851	287.172000
88071.539110	288.916000
88159.593591	292.052000
88218.699053	293.920000
88325.938141	297.810000
88351.453435	298.680000
88454.302396	302.446000
88493.341717	303.864000
88608.976248	307.959000
88640.427069	309.113000
88751.610501	312.979000
88780.596542	314.026000
88899.859668	318.264000
88924.087112	319.214000
89032.538578	323.373000
89057.098894	324.327000
89166.757303	328.662000
89195.266933	329.779000
89292.468668	333.681000
89311.051408	334.400000
89424.755074	338.969000
89449.037288	339.886000
89552.767086	344.079000
89575.960438	344.932000
89675.021464	349.213000
89693.593247	349.919000
89793.034743	354.326000
89812.353564	355.093000
89908.642788	359.503000
89924.444766	360.144000
90020.086753	364.580000
90032.643202	365.127000
90130.042908	369.562000
90145.125303	370.228000
90245.851608	374.776000
90257.233494	375.273000
90362.821432	379.967000
90365.484729	380.081000
90478.479801	384.951000
90494.023771	385.599000
90600.853218	390.076000
90604.269312	390.217000
90718.566864	394.906000
90729.273401	395.342000
90854.492998	400.437000
90854.772575	400.448000
90970.657007	405.127000
90975.548027	405.327000
91102.630290	410.396000
91104.263463	410.461000
91220.062117	415.167000
91227.122419	415.453000
91352.847615	420.465000
91356.260149	420.606000
91470.585568	425.214000
91477.966369	425.527000
91595.508591	430.208000
91610.824946	430.860000
91725.923699	435.436000
91729.803428	435.603000
91845.771272	440.307000
91855.539197	440.736000
91959.424093	445.054000
91977.257179	445.844000
92086.159043	450.473000
92097.111093	450.952000
92192.771393	455.120000
92207.605836	455.775000
92307.357776	460.219000
92323.687654	460.935000
92424.499515	465.384000
92435.778861	465.863000
92534.867566	470.271000
92553.166960	471.035000
92640.052896	474.886000
92662.198794	475.799000
92771.402260	480.636000
92780.587510	481.018000
92870.860444	485.093000
92889.702160	485.881000
92980.251598	490.016000
92999.350494	490.828000
93103.180487	495.543000
93111.704153	495.899000
93208.161130	500.264000
93221.336051	500.816000
93312.398563	504.993000
93334.048137	505.892000
93437.454495	510.628000
93444.206297	510.905000
93535.393154	515.009000
93558.099096	515.951000
93654.018948	520.310000
93676.888962	521.262000
93767.423574	525.407000
93786.521458	526.200000
93874.294285	530.132000
93909.841181	531.621000
93997.643467	535.482000
94025.636959	536.643000
94109.458457	540.271000
94147.779197	541.860000
94224.685275	545.240000
94272.910833	547.207000
94345.595558	550.396000
94402.064911	552.740000
94459.738168	555.319000
94503.570381	557.222000
94577.745282	560.510000
94643.373392	563.398000
94685.238274	565.259000
94747.637606	567.944000
94803.996041	570.435000
94879.217113	573.708000
94920.677359	575.583000
94983.994616	578.414000
95020.348322	580.041000
95108.766245	584.004000
95140.032534	585.387000
95223.877919	589.133000
95251.005773	590.322000
95333.072755	593.970000
95355.818273	594.976000
95461.956132	599.676000
95474.185945	600.215000
95568.256609	604.365000
95589.063919	605.275000
95690.190177	609.742000
95694.934080	609.946000
95810.038807	614.938000
95812.649144	615.047000
95933.401274	620.125000
95934.167396	620.156000
96043.000617	624.711000
96055.539110	625.251000
96163.515344	629.762000
96180.819062	630.487000
96291.134460	635.066000
96309.502689	635.831000
96394.973214	639.443000
96421.565987	640.576000
96519.694133	644.808000
96544.499923	645.863000
96633.710805	649.733000
96670.596075	651.291000
96745.464310	654.497000
96779.650679	655.922000
96874.573704	659.955000
96904.507774	661.171000
96997.612804	665.158000
97027.570556	666.365000
97120.119073	670.252000
97145.381624	671.262000
97242.473048	675.264000
97266.939146	676.219000
97376.633601	680.725000
97395.745063	681.456000
97498.916337	685.713000
97521.904948	686.579000
97629.489687	690.946000
97639.633993	691.321000
97757.739002	695.965000
97772.241503	696.486000
97903.298879	701.538000
97907.166481	701.679000
98021.141011	706.200000
98029.683888	706.510000
98161.813097	711.622000
98166.465878	711.800000
98300.023761	716.654000
98301.536328	716.712000
98434.786463	721.468000
98449.239070	722.031000
98584.438921	726.860000
98586.897370	726.956000
98716.405256	731.529000
98744.217929	732.597000
98851.875922	736.508000
98871.256846	737.234000
98999.600022	741.883000
99021.426119	742.696000
99123.794464	746.330000
99165.815250	747.857000
99279.966564	751.774000
99310.888340	752.874000
99422.043991	756.568000
99469.894729	758.249000
99569.047346	761.437000
99615.456463	763.056000
99731.914993	766.695000
99787.642353	768.581000
99881.956932	771.533000
99944.904577	773.590000
100042.065414	776.646000
100104.128529	778.612000
100191.666403	781.338000
100275.033474	783.938000
100365.143674	786.666000
100445.308010	789.177000
100529.343274	791.687000
100602.922997	793.950000
100683.312416	796.300000
100788.796780	799.545000
100863.871232	801.682000
100951.864789	804.383000
101033.450276	806.688000
101136.041316	809.887000
101196.946973	811.571000
101284.266337	814.309000
101358.391934	816.435000
101489.846703	820.512000
101547.274145	822.142000
101633.959119	824.789000
101696.411617	826.486000
101826.348089	830.260000
101879.067032	831.612000
102023.302609	835.709000
102088.805177	837.345000
102200.682402	840.422000
102242.234007	841.453000
102401.804680	845.705000
102457.029135	847.005000
102626.632254	851.273000
102665.433327	852.137000
102803.558489	855.657000
102863.341115	856.878000
103042.441373	861.510000
103063.585003	861.959000
103240.675332	866.446000
103287.653337	867.425000
103458.720703	871.471000
103486.533391	872.022000
103701.597836	876.717000
103719.784933	877.046000
103967.922405	882.148000
103992.907666	882.547000
104204.054344	886.678000
104244.384573	887.323000
104499.308022	892.037000
104505.309832	892.142000
104825.465225	897.169000
104840.155044	897.393000
105117.252021	902.187000
105129.632936	902.359000
105451.006589	907.125000
105470.244123	907.335000
105894.996589	912.205000
105912.738911	912.361000
106421.805396	917.323000
106442.791341	917.470000
107037.565814	922.229000
107176.883146	922.408000
108271.476212	927.215000
108350.022522	927.604000
109399.191235	922.408000
109439.950993	922.229000
113143.924066	917.470000
113162.295961	917.323000
113870.678664	912.361000
113886.683173	912.205000
114440.562094	907.335000
114458.877908	907.125000
114895.478311	902.359000
114907.076353	902.187000
115252.158367	897.393000
115265.105743	897.169000
115594.774133	892.142000
115601.461286	892.037000
115870.913932	887.323000
115905.794209	886.678000
116164.095260	882.547000
116184.489239	882.148000
116503.974954	877.046000
116519.975978	876.717000
116779.515251	872.022000
116804.754976	871.471000
117008.983898	867.425000
117050.376620	866.446000
117265.688479	861.959000
117283.409352	861.510000
117501.532499	856.878000
117548.743512	855.657000
117721.089822	852.137000
117754.993271	851.273000
117946.663384	847.005000
117998.323190	845.705000
118178.949639	841.453000
118217.641399	840.422000
118341.651379	837.345000
118401.135012	835.709000
118565.171701	831.612000
118612.769089	830.260000
118759.929807	826.486000
118818.356461	824.789000
118915.770582	822.142000
118969.150449	820.512000
119112.789516	816.435000
119181.338164	814.309000
119276.801892	811.571000
119330.507447	809.887000
119446.206494	806.688000
119520.127204	804.383000
119615.729112	801.682000
119685.348598	799.545000
119799.347941	796.300000
119875.738775	793.950000
119953.152076	791.687000
120034.762815	789.177000
120118.831560	786.666000
120205.923678	783.938000
120291.805833	781.338000
120379.213001	778.612000
120442.345598	776.646000
120538.818070	773.590000
120604.217233	771.533000
120694.553376	768.581000
120754.809913	766.695000
120862.334762	763.056000
120914.147447	761.437000
121005.532416	758.249000
121057.814583	756.568000
121162.966651	752.874000
121196.066602	751.774000
121306.176235	747.857000
121350.676888	746.330000
121450.679205	742.696000
121473.581094	741.883000
121598.389857	737.234000
121618.432263	736.508000
121722.838314	732.597000
121752.237121	731.529000
121871.326403	726.956000
121874.045134	726.860000
121997.710234	722.031000
122013.472818	721.468000
122135.562694	716.712000
122137.187696	716.654000
122263.773938	711.800000
122268.671611	711.622000
122402.295283	706.510000
122410.307814	706.200000
122534.896027	701.679000
122538.450640	701.538000
122677.025984	696.486000
122690.541600	695.965000
122819.811492	691.321000
122829.348395	690.946000
122947.482220	686.579000
122968.816862	685.713000
123081.822079	681.456000
123099.538358	680.725000
123217.344444	676.219000
123240.593047	675.264000
123343.120087	671.262000
123367.623419	670.252000
123464.846725	666.365000
123493.585099	665.158000
123592.542480	661.171000
123620.938697	659.955000
123720.218388	655.922000
123753.758013	654.497000
123830.671346	651.291000
123867.054599	649.733000
123958.675905	645.863000
123982.995667	644.808000
124082.500979	640.576000
124108.772054	639.443000
124193.549720	635.831000
124211.651866	635.066000
124321.597123	630.487000
124339.063527	629.762000
124446.728454	625.251000
124459.654006	624.711000
124565.418519	620.156000
124566.159206	620.125000
124691.654857	615.047000
124694.246819	614.938000
124813.795453	609.946000
124818.499252	609.742000
124922.376774	605.275000
124942.977825	604.365000
125037.868303	600.215000
125050.086155	599.676000
125156.728311	594.976000
125179.446330	593.970000
125261.927097	590.322000
125288.675354	589.133000
125374.142926	585.387000
125405.098123	584.004000
125494.691978	580.041000
125530.991742	578.414000
125594.247637	575.583000
125636.183298	573.708000
125708.556305	570.435000
125765.805217	567.944000
125826.552867	565.259000
125869.802460	563.398000
125934.770638	560.510000
126009.488514	557.222000
126052.418817	555.319000
126111.821485	552.740000
126164.239521	550.396000
126241.065786	547.207000
126285.898290	545.240000
126368.766813	541.860000
126404.921771	540.271000
126492.415568	536.643000
126519.239371	535.482000
126612.334010	531.621000
126646.195084	530.132000
126740.063717	526.200000
126757.765612	525.407000
126857.589985	521.262000
126878.383459	520.310000
126983.100254	515.951000
127003.828977	515.009000
127102.751679	510.905000
127108.906348	510.628000
127224.345087	505.892000
127243.973954	504.993000
127344.563801	500.816000
127356.597918	500.264000
127460.780031	495.899000
127468.646855	495.543000
127581.537546	490.828000
127599.418766	490.016000
127696.677311	485.881000
127713.933165	485.093000
127811.369703	481.018000
127819.832098	480.636000
127936.138529	475.799000
127956.751050	474.886000
128050.161625	471.035000
128067.398928	470.271000
128172.979724	465.863000
128183.747304	465.384000
128288.511001	460.935000
128304.735162	460.219000
128406.089876	455.775000
128420.792288	455.120000
128515.189174	450.952000
128526.182764	450.473000
128632.022090	445.844000
128650.607632	445.054000
128748.080119	440.736000
128758.401244	440.307000
128865.506884	435.603000
128869.623940	435.436000
128975.933174	430.860000
128992.332734	430.208000
129102.295706	425.527000
129110.155290	425.214000
129218.815782	420.606000
129222.314021	420.465000
129343.616281	415.453000
129350.790544	415.167000
129466.964607	410.461000
129468.564035	410.396000
129595.926373	405.327000
129600.940469	405.127000
129715.365875	400.448000
129715.638311	400.437000
129845.133026	395.342000
129855.848579	394.906000
129970.992964	390.217000
129974.429935	390.076000
130082.896954	385.599000
130098.359425	384.951000
130215.179075	380.081000
130217.824135	379.967000
130327.486591	375.273000
130338.666225	374.776000
130442.820786	370.228000
130457.570944	369.562000
130558.007011	365.127000
130570.020007	364.580000
130671.848906	360.144000
130685.669130	359.503000
130794.384765	355.093000
130811.131667	354.326000
130922.133030	349.919000
130938.063526	349.213000
131050.677981	344.932000
131070.416139	344.079000
131184.425192	339.886000
131207.110673	338.969000
131328.098066	334.400000
131345.991026	333.681000
131446.839225	329.779000
131474.664529	328.662000
131585.308438	324.327000
131609.440877	323.373000
131716.512525	319.214000
131741.285041	318.264000
131849.364946	314.026000
131878.828960	312.979000
131985.858601	309.113000
132019.046827	307.959000
132130.650908	303.864000
132170.692365	302.446000
132274.375074	298.680000
132298.134659	297.810000
132412.220285	293.920000
132463.717102	292.052000
132562.943402	288.916000
132611.912475	287.172000
132735.367084	283.681000
132784.514557	282.056000
132911.219696	278.949000
132983.274044	276.755000
133119.195534	274.037000
133217.732386	271.601000
133530.218170	268.793000
133626.321031	266.612000
133846.154673	271.601000
134117.242767	274.037000
134227.186595	276.755000
134336.903943	278.949000
134438.942620	282.056000
134505.210998	283.681000
134610.794891	287.172000
134672.469150	288.916000
134760.523632	292.052000
134819.629093	293.920000
134926.868181	297.810000
134952.383476	298.680000
135055.232437	302.446000
135094.271758	303.864000
135209.906289	307.959000
135241.357110	309.113000
135352.540542	312.979000
135381.526583	314.026000
135500.789709	318.264000
135525.017153	319.214000
135633.468619	323.373000
135658.028935	324.327000
135767.687344	328.662000
135796.196974	329.779000
135893.398708	333.681000
135911.981449	334.400000
136025.685114	338.969000
136049.967329	339.886000
136153.697127	344.079000
136176.890478	344.932000
136275.951505	349.213000
136294.523288	349.919000
136393.964784	354.326000
136413.283605	355.093000
136509.572829	359.503000
136525.374806	360.144000
136621.016793	364.580000
136633.573242	365.127000
136730.972949	369.562000
136746.055344	370.228000
136846.781649	374.776000
136858.163534	375.273000
136963.751472	379.967000
136966.414770	380.081000
137079.409842	384.951000
137094.953812	385.599000
137201.783259	390.076000
137205.199353	390.217000
137319.496905	394.906000
137330.203442	395.342000
137455.423039	400.437000
137455.702616	400.448000
137571.587048	405.127000
137576.478068	405.327000
137703.560331	410.396000
137705.193504	410.461000
137820.992158	415.167000
137828.052460	415.453000
137953.777656	420.465000
137957.190190	420.606000
138071.515609	425.214000
138078.896410	425.527000
138196.438631	430.208000
138211.754986	430.860000
138326.853740	435.436000
138330.733469	435.603000
138446.701313	440.307000
138456.469238	440.736000
138560.354134	445.054000
138578.187220	445.844000
138687.089084	450.473000
138698.041134	450.952000
138793.701434	455.120000
138808.535877	455.775000
138908.287817	460.219000
138924.617694	460.935000
139025.429556	465.384000
139036.708902	465.863000
139135.797606	470.271000
139154.097000	471.035000
139240.982937	474.886000
139263.128835	475.799000
139372.332301	480.636000
139381.517551	481.018000
139471.790485	485.093000
139490.632200	485.881000
139581.181638	490.016000
139600.280535	490.828000
139704.110528	495.543000
139712.634194	495.899000
139809.091171	500.264000
139822.266091	500.816000
139913.328604	504.993000
139934.978178	505.892000
140038.384536	510.628000
140045.136337	510.905000
140136.323195	515.009000
140159.029137	515.951000
140254.948989	520.310000
140277.819003	521.262000
140368.353615	525.407000
140387.451499	526.200000
140475.224326	530.132000
140510.771221	531.621000
140598.573507	535.482000
140626.567000	536.643000
140710.388498	540.271000
140748.709238	541.860000
140825.615316	545.240000
140873.840873	547.207000
140946.525599	550.396000
141002.994952	552.740000
141060.668209	555.319000
141104.500422	557.222000
141178.675323	560.510000
141244.303433	563.398000
141286.168314	565.259000
141348.567647	567.944000
141404.926082	570.435000
141480.147153	573.708000
141521.607400	575.583000
141584.924656	578.414000
141621.278363	580.041000
141709.696286	584.004000
141740.962575	585.387000
141824.807960	589.133000
141851.935814	590.322000
141934.002795	593.970000
141956.748314	594.976000
142062.886173	599.676000
142075.115986	600.215000
142169.186650	604.365000
142189.993960	605.275000
142291.120218	609.742000
142295.864121	609.946000
142410.968848	614.938000
142413.579185	615.047000
142534.331315	620.125000
142535.097436	620.156000
142643.930658	624.711000
142656.469151	625.251000
142764.445385	629.762000
142781.749103	630.487000
142892.064501	635.066000
142910.432730	635.831000
142995.903255	639.443000
143022.496028	640.576000
143120.624174	644.808000
143145.429964	645.863000
143234.640846	649.733000
143271.526116	651.291000
143346.394351	654.497000
143380.580720	655.922000
143475.503745	659.955000
143505.437815	661.171000
143598.542844	665.158000
143628.500597	666.365000
143721.049113	670.252000
143746.311665	671.262000
143843.403089	675.264000
143867.869187	676.219000
143977.563642	680.725000
143996.675104	681.456000
144099.846378	685.713000
144122.834989	686.579000
144230.419728	690.946000
144240.564034	691.321000
144358.669043	695.965000
144373.171544	696.486000
144504.228920	701.538000
144508.096522	701.679000
144622.071052	706.200000
144630.613928	706.510000
144762.743138	711.622000
144767.395918	711.800000
144900.953802	716.654000
144902.466369	716.712000
145035.716504	721.468000
145050.169111	722.031000
145185.368961	726.860000
145187.827410	726.956000
145317.335297	731.529000
145345.147970	732.597000
145452.805963	736.508000
145472.186887	737.234000
145600.530063	741.883000
145622.356160	742.696000
145724.724504	746.330000
145766.745291	747.857000
145880.896605	751.774000
145911.818381	752.874000
146022.974032	756.568000
146070.824770	758.249000
146169.977387	761.437000
146216.386504	763.056000
146332.845034	766.695000
146388.572394	768.581000
146482.886973	771.533000
146545.834617	773.590000
146642.995454	776.646000
146705.058570	778.612000
146792.596444	781.338000
146875.963514	783.938000
146966.073714	786.666000
147046.238051	789.177000
147130.273315	791.687000
147203.853037	793.950000
147284.242457	796.300000
147389.726821	799.545000
147464.801273	801.682000
147552.794830	804.383000
147634.380317	806.688000
147736.971357	809.887000
147797.877014	811.571000
147885.196378	814.309000
147959.321975	816.435000
148090.776744	820.512000
148148.204186	822.142000
148234.889160	824.789000
148297.341658	826.486000
148427.278130	830.260000
148479.997073	831.612000
148624.232649	835.709000
148689.735218	837.345000
148801.612443	840.422000
148843.164048	841.453000
149002.734721	845.705000
149057.959176	847.005000
149227.562295	851.273000
149266.363368	852.137000
149404.488530	855.657000
149464.271156	856.878000
149643.371414	861.510000
149664.515044	861.959000
149841.605373	866.446000
149888.583378	867.425000
150059.650744	871.471000
150087.463432	872.022000
150302.527877	876.717000
150320.714974	877.046000
150568.852446	882.148000
150593.837707	882.547000
150804.984385	886.678000
150845.314614	887.323000
151100.238063	892.037000
151106.239872	892.142000
151426.395266	897.169000
151441.085085	897.393000
151718.182062	902.187000
151730.562977	902.359000
152051.936630	907.125000
152071.174164	907.335000
152495.926630	912.205000
152513.668952	912.361000
153022.735437	917.323000
153043.721381	917.470000
153638.495855	922.229000
153777.813187	922.408000
154872.406253	927.215000
154950.952563	927.604000
156000.121275	922.408000
156040.881034	922.229000
159744.854106	917.470000
159763.226001	917.323000
160471.608705	912.361000
160487.613214	912.205000
161041.492135	907.335000
161059.807949	907.125000
161496.408352	902.359000
161508.006394	902.187000
161853.088407	897.393000
161866.035784	897.169000
162195.704174	892.142000
162202.391327	892.037000
162471.843973	887.323000
162506.724249	886.678000
162765.025301	882.547000
162785.419279	882.148000
163104.904994	877.046000
163120.906019	876.717000
163380.445292	872.022000
163405.685017	871.471000
163609.913939	867.425000
163651.306660	866.446000
163866.618519	861.959000
163884.339392	861.510000
164102.462540	856.878000
164149.673553	855.657000
164322.019863	852.137000
164355.923312	851.273000
164547.593425	847.005000
164599.253231	845.705000
164779.879680	841.453000
164818.571440	840.422000
164942.581420	837.345000
165002.065053	835.709000
165166.101742	831.612000
165213.699130	830.260000
165360.859848	826.486000
165419.286502	824.789000
165516.700623	822.142000
165570.080489	820.512000
165713.719557	816.435000
165782.268205	814.309000
165877.731933	811.571000
165931.437488	809.887000
166047.136535	806.688000
166121.057244	804.383000
166216.659153	801.682000
166286.278639	799.545000
166400.277982	796.300000
166476.668816	793.950000
166554.082116	791.687000
166635.692856	789.177000
166719.761601	786.666000
166806.853719	783.938000
166892.735874	781.338000
166980.143041	778.612000
167043.275639	776.646000
167139.748111	773.590000
167205.147274	771.533000
167295.483417	768.581000
167355.739953	766.695000
167463.264803	763.056000
167515.077488	761.437000
167606.462457	758.249000
167658.744624	756.568000
167763.896692	752.874000
167796.996642	751.774000
167907.106276	747.857000
167951.606929	746.330000
168051.609246	742.696000
168074.511135	741.883000
168199.319898	737.234000
168219.362304	736.508000
168323.768354	732.597000
168353.167162	731.529000
168472.256444	726.956000
168474.975175	726.860000
168598.640275	722.031000
168614.402859	721.468000
168736.492735	716.712000
168738.117737	716.654000
168864.703979	711.800000
168869.601652	711.622000
169003.225324	706.510000
169011.237854	706.200000
169135.826067	701.679000
169139.380681	701.538000
169277.956025	696.486000
169291.471641	695.965000
169420.741533	691.321000
169430.278436	690.946000
169548.412261	686.579000
169569.746903	685.713000
169682.752120	681.456000
169700.468399	680.725000
169818.274485	676.219000
169841.523088	675.264000
169944.050127	671.262000
169968.553460	670.252000
170065.776766	666.365000
170094.515140	665.158000
170193.472521	661.171000
170221.868737	659.955000
170321.148428	655.922000
170354.688054	654.497000
170431.601387	651.291000
170467.984640	649.733000
170559.605946	645.863000
170583.925708	644.808000
170683.431020	640.576000
170709.702095	639.443000
170794.479761	635.831000
170812.581907	635.066000
170922.527164	630.487000
170939.993568	629.762000
171047.658494	625.251000
171060.584047	624.711000
171166.348559	620.156000
171167.089247	620.125000
171292.584898	615.047000
171295.176860	614.938000
171414.725493	609.946000
171419.429292	609.742000
171523.306815	605.275000
171543.907866	604.365000
171638.798343	600.215000
171651.016196	599.676000
171757.658352	594.976000
171780.376371	593.970000
171862.857138	590.322000
171889.605395	589.133000
171975.072967	585.387000
172006.028164	584.004000
172095.622019	580.041000
172131.921782	578.414000
172195.177678	575.583000
172237.113339	573.708000
172309.486345	570.435000
172366.735258	567.944000
172427.482908	565.259000
172470.732501	563.398000
172535.700679	560.510000
172610.418555	557.222000
172653.348858	555.319000
172712.751525	552.740000
172765.169562	550.396000
172841.995827	547.207000
172886.828331	545.240000
172969.696854	541.860000
173005.851812	540.271000
173093.345609	536.643000
173120.169412	535.482000
173213.264051	531.621000
173247.125124	530.132000
173340.993758	526.200000
173358.695653	525.407000
173458.520026	521.262000
173479.313500	520.310000
173584.030295	515.951000
173604.759017	515.009000
173703.681720	510.905000
173709.836389	510.628000
173825.275128	505.892000
173844.903995	504.993000
173945.493842	500.816000
173957.527959	500.264000
174061.710072	495.899000
174069.576896	495.543000
174182.467587	490.828000
174200.348807	490.016000
174297.607352	485.881000
174314.863206	485.093000
174412.299743	481.018000
174420.762139	480.636000
174537.068570	475.799000
174557.681091	474.886000
174651.091666	471.035000
174668.328969	470.271000
174773.909765	465.863000
174784.677344	465.384000
174889.441042	460.935000
174905.665203	460.219000
175007.019916	455.775000
175021.722329	455.120000
175116.119215	450.952000
175127.112805	450.473000
175232.952131	445.844000
175251.537673	445.054000
175349.010159	440.736000
175359.331285	440.307000
175466.436925	435.603000
175470.553981	435.436000
175576.863215	430.860000
175593.262775	430.208000
175703.225747	425.527000
175711.085331	425.214000
175819.745823	420.606000
175823.244061	420.465000
175944.546322	415.453000
175951.720585	415.167000
176067.894647	410.461000
176069.494076	410.396000
176196.856413	405.327000
176201.870509	405.127000
176316.295916	400.448000
176316.568352	400.437000
176446.063066	395.342000
176456.778620	394.906000
176571.923005	390.217000
176575.359976	390.076000
176683.826995	385.599000
176699.289466	384.951000
176816.109116	380.081000
176818.754175	379.967000
176928.416631	375.273000
176939.596266	374.776000
177043.750827	370.228000
177058.500985	369.562000
177158.937052	365.127000
177170.950048	364.580000
177272.778947	360.144000
177286.599171	359.503000
177395.314806	355.093000
177412.061707	354.326000
177523.063071	349.919000
177538.993567	349.213000
177651.608022	344.932000
177671.346180	344.079000
177785.355232	339.886000
177808.040714	338.969000
177929.028107	334.400000
177946.921067	333.681000
178047.769266	329.779000
178075.594570	328.662000
178186.238479	324.327000
178210.370918	323.373000
178317.442566	319.214000
178342.215082	318.264000
178450.294987	314.026000
178479.759001	312.979000
178586.788642	309.113000
178619.976868	307.959000
178731.580949	303.864000
178771.622406	302.446000
178875.305115	298.680000
178899.064700	297.810000
179013.150326	293.920000
179064.647143	292.052000
179163.873442	288.916000
179212.842516	287.172000
179336.297125	283.681000
179385.444598	282.056000
179512.149737	278.949000
179584.204084	276.755000
179720.125575	274.037000
179818.662427	271.601000
180131.148211	268.793000
180227.251072	266.612000
180447.084714	271.601000
180718.172808	274.037000
180828.116636	276.755000
180937.833983	278.949000
181039.872661	282.056000
181106.141039	283.681000
181211.724932	287.172000
181273.399191	288.916000
181361.453672	292.052000
181420.559134	293.920000
181527.798222	297.810000
181553.313517	298.680000
181656.162478	302.446000
181695.201799	303.864000
181810.836330	307.959000
181842.287150	309.113000
181953.470583	312.979000
181982.456624	314.026000
182101.719749	318.264000
182125.947194	319.214000
182234.398660	323.373000
182258.958976	324.327000
182368.617385	328.662000
182397.127015	329.779000
182494.328749	333.681000
182512.911490	334.400000
182626.615155	338.969000
182650.897370	339.886000
182754.627168	344.079000
182777.820519	344.932000
182876.881546	349.213000
182895.453329	349.919000
182994.894825	354.326000
183014.213646	355.093000
183110.502869	359.503000
183126.304847	360.144000
183221.946834	364.580000
183234.503283	365.127000
183331.902990	369.562000
183346.985384	370.228000
183447.711689	374.776000
183459.093575	375.273000
183564.681513	379.967000
183567.344811	380.081000
183680.339883	384.951000
183695.883853	385.599000
183802.713300	390.076000
183806.129393	390.217000
183920.426946	394.906000
183931.133483	395.342000
184056.353080	400.437000
184056.632656	400.448000
184172.517089	405.127000
184177.408109	405.327000
184304.490372	410.396000
184306.123544	410.461000
184421.922199	415.167000
184428.982501	415.453000
184554.707697	420.465000
184558.120230	420.606000
184672.445649	425.214000
184679.826451	425.527000
184797.368672	430.208000
184812.685027	430.860000
184927.783780	435.436000
184931.663510	435.603000
185047.631354	440.307000
185057.399279	440.736000
185161.284175	445.054000
185179.117261	445.844000
185288.019125	450.473000
185298.971174	450.952000
185394.631475	455.120000
185409.465918	455.775000
185509.217858	460.219000
185525.547735	460.935000
185626.359597	465.384000
185637.638943	465.863000
185736.727647	470.271000
185755.027041	471.035000
185841.912977	474.886000
185864.058876	475.799000
185973.262341	480.636000
185982.447592	481.018000
186072.720525	485.093000
186091.562241	485.881000
186182.111679	490.016000
186201.210576	490.828000
186305.040568	495.543000
186313.564235	495.899000
186410.021212	500.264000
186423.196132	500.816000
186514.258645	504.993000
186535.908219	505.892000
186639.314577	510.628000
186646.066378	510.905000
186737.253236	515.009000
186759.959178	515.951000
186855.879030	520.310000
186878.749044	521.262000
186969.283656	525.407000
186988.381539	526.200000
187076.154366	530.132000
187111.701262	531.621000
187199.503548	535.482000
187227.497041	536.643000
187311.318539	540.271000
187349.639278	541.860000
187426.545357	545.240000
187474.770914	547.207000
187547.455640	550.396000
187603.924993	552.740000
187661.598250	555.319000
187705.430463	557.222000
187779.605363	560.510000
187845.233473	563.398000
187887.098355	565.259000
187949.497688	567.944000
188005.856123	570.435000
188081.077194	573.708000
188122.537441	575.583000
188185.854697	578.414000
188222.208404	580.041000
188310.626327	584.004000
188341.892616	585.387000
188425.738000	589.133000
188452.865855	590.322000
188534.932836	593.970000
188557.678355	594.976000
188663.816213	599.676000
188676.046027	600.215000
188770.116691	604.365000
188790.924000	605.275000
188892.050259	609.742000
188896.794162	609.946000
189011.898889	614.938000
189014.509226	615.047000
189135.261356	620.125000
189136.027477	620.156000
189244.860699	624.711000
189257.399192	625.251000
189365.375426	629.762000
189382.679144	630.487000
189492.994541	635.066000
189511.362771	635.831000
189596.833296	639.443000
189623.426069	640.576000
189721.554215	644.808000
189746.360005	645.863000
189835.570887	649.733000
189872.456157	651.291000
189947.324392	654.497000
189981.510761	655.922000
190076.433786	659.955000
190106.367856	661.171000
190199.472885	665.158000
190229.430638	666.365000
190321.979154	670.252000
190347.241706	671.262000
190444.333130	675.264000
190468.799227	676.219000
190578.493682	680.725000
190597.605145	681.456000
190700.776419	685.713000
190723.765030	686.579000
190831.349769	690.946000
190841.494075	691.321000
190959.599084	695.965000
190974.101585	696.486000
191105.158961	701.538000
191109.026563	701.679000
191223.001092	706.200000
191231.543969	706.510000
191363.673179	711.622000
191368.325959	711.800000
191501.883843	716.654000
191503.396410	716.712000
191636.646545	721.468000
191651.099152	722.031000
191786.299002	726.860000
191788.757451	726.956000
191918.265338	731.529000
191946.078011	732.597000
192053.736004	736.508000
192073.116927	737.234000
192201.460104	741.883000
192223.286201	742.696000
192325.654545	746.330000
192367.675332	747.857000
192481.826646	751.774000
192512.748422	752.874000
192623.904072	756.568000
192671.754811	758.249000
192770.907427	761.437000
192817.316544	763.056000
192933.775074	766.695000
192989.502435	768.581000
193083.817014	771.533000
193146.764658	773.590000
193243.925495	776.646000
193305.988611	778.612000
193393.526485	781.338000
193476.893555	783.938000
193567.003755	786.666000
193647.168091	789.177000
193731.203356	791.687000
193804.783078	793.950000
193885.172497	796.300000
193990.656862	799.545000
194065.731314	801.682000
194153.724871	804.383000
194235.310357	806.688000
194337.901398	809.887000
194398.807055	811.571000
194486.126419	814.309000
194560.252016	816.435000
194691.706785	820.512000
194749.134226	822.142000
194835.819200	824.789000
194898.271698	826.486000
195028.208171	830.260000
195080.927113	831.612000
195225.162690	835.709000
195290.665259	837.345000
195402.542484	840.422000
195444.094089	841.453000
195603.664762	845.705000
195658.889217	847.005000
195828.492336	851.273000
195867.293408	852.137000
196005.418571	855.657000
196065.201197	856.878000
196244.301455	861.510000
196265.445085	861.959000
196442.535413	866.446000
196489.513419	867.425000
196660.580785	871.471000
196688.393473	872.022000
196903.457918	876.717000
196921.645015	877.046000
197169.782487	882.148000
197194.767748	882.547000
197405.914426	886.678000
197446.244655	887.323000
197701.168104	892.037000
197707.169913	892.142000
198027.325307	897.169000
198042.015126	897.393000
198319.112103	902.187000
198331.493018	902.359000
198652.866671	907.125000
198672.104204	907.335000
199096.856670	912.205000
199114.598993	912.361000
199623.665478	917.323000
