0.000000	500.000000
21.602983	500.816000
120.739837	504.993000
144.803752	505.892000
257.410655	510.628000
264.937091	510.905000
364.566443	515.009000
389.809987	515.951000
494.416846	520.310000
519.822763	521.262000
618.419172	525.407000
639.647091	526.200000
735.633161	530.132000
775.064262	531.621000
871.439448	535.482000
902.563778	536.643000
994.873808	540.271000
1037.482370	541.860000
1121.906919	545.240000
1175.741954	547.207000
1255.560529	550.396000
1318.332919	552.740000
1381.424987	555.319000
1429.664696	557.222000
1510.949930	560.510000
1582.975269	563.398000
1628.827495	565.259000
1697.632237	567.944000
1759.429201	570.435000
1842.175529	573.708000
1887.432379	575.583000
1956.700589	578.414000
1996.463481	580.041000
2093.144993	584.004000
2127.423174	585.387000
2219.162544	589.133000
2248.959221	590.322000
2338.842938	593.970000
2363.780047	594.976000
2480.116228	599.676000
2493.534002	600.215000
2596.721852	604.365000
2619.586404	605.275000
2730.484798	609.742000
2735.716373	609.946000
2862.423893	614.938000
2865.321561	615.047000
2999.147917	620.125000
3000.004846	620.156000
3120.753702	624.711000
3134.576664	625.251000
3254.424573	629.762000
3273.617993	630.487000
3396.247338	635.066000
3416.649845	635.831000
3511.269203	639.443000
3540.655122	640.576000
3648.803450	644.808000
3676.225400	645.863000
3774.423584	649.733000
3815.261677	651.291000
3897.901766	654.497000
3935.866773	655.922000
4040.824666	659.955000
4074.274045	661.171000
4177.043667	665.158000
4210.588597	666.365000
4313.187443	670.252000
4341.530917	671.262000
4449.639528	675.264000
4477.265154	676.219000
4599.507668	680.725000
4621.210948	681.456000
4736.060932	685.713000
4762.284780	686.579000
4882.526805	690.946000
4894.166285	691.321000
5027.257498	695.965000
5044.054441	696.486000
5192.554153	701.538000
5197.011688	701.679000
5325.148954	706.200000
5335.010013	706.510000
5484.569626	711.622000
5489.853102	711.800000
5643.940141	716.654000
5645.656595	716.712000
5800.333445	721.468000
5816.661515	722.031000
5973.563165	726.860000
5976.338795	726.956000
6127.241812	731.529000
6158.790664	732.597000
6283.014600	736.508000
6305.160766	737.234000
6453.395068	741.883000
6478.378547	742.696000
6597.433249	746.330000
6645.915087	747.857000
6780.347042	751.774000
6816.282743	752.874000
6948.892496	756.568000
7004.751235	758.249000
7124.787714	761.437000
7179.102243	763.056000
7322.057509	766.695000
7388.043788	768.581000
7503.719088	771.533000
7579.365777	773.590000
7698.240791	776.646000
7773.909472	778.612000
7881.550668	781.338000
7983.985071	783.938000
8096.473017	786.666000
8194.755917	789.177000
8300.469685	791.687000
8391.535981	793.950000
8493.982519	796.300000
8624.519751	799.545000
8721.866277	801.682000
8830.885929	804.383000
8937.223064	806.688000
9063.289195	809.887000
9143.924133	811.571000
9250.922662	814.309000
9346.551684	816.435000
9508.533991	820.512000
9583.144312	822.142000
9690.844724	824.789000
9774.650669	826.486000
9940.912502	830.260000
10015.406530	831.612000
10202.702492	835.709000
10297.870318	837.345000
10446.584567	840.422000
10507.402660	841.453000
10725.033473	845.705000
10811.530883	847.005000
11055.928424	851.273000
11122.668309	852.137000
11319.090990	855.657000
11448.574667	856.878000
11699.568794	861.510000
11740.099070	861.959000
11993.440830	866.446000
12088.502086	867.425000
12354.635805	871.471000
12423.366678	872.022000
12808.851667	876.717000
13239.576748	871.471000
13744.268423	867.425000
13808.664101	866.446000
14244.353435	861.959000
14269.704549	861.510000
14687.825346	856.878000
14753.987659	855.657000
15127.273933	852.137000
15175.486773	851.273000
15505.169444	847.005000
15579.611057	845.705000
15862.524124	841.453000
15915.293966	840.422000
16096.804415	837.345000
16175.873804	835.709000
16414.200569	831.612000
16476.007779	830.260000
16683.951908	826.486000
16758.712461	824.789000
16889.433934	822.142000
16955.754928	820.512000
17142.372276	816.435000
17226.839871	814.309000
17349.997096	811.571000
17415.806272	809.887000
17568.983925	806.688000
17659.819322	804.383000
17784.425222	801.682000
17870.680311	799.545000
18018.499440	796.300000
18113.033336	793.950000
18211.687173	791.687000
18312.693096	789.177000
18418.448981	786.666000
18525.225465	783.938000
18632.435384	781.338000
18739.833916	778.612000
18817.465093	776.646000
18935.086401	773.590000
19015.101422	771.533000
19123.661960	768.581000
19197.565624	766.695000
19324.884854	763.056000
19388.486001	761.437000
19495.437650	758.249000
19558.731666	756.568000
19681.481328	752.874000
19720.969885	751.774000
19848.933648	747.857000
19901.340489	746.330000
20016.719007	742.696000
20043.353975	741.883000
20186.217683	737.234000
20209.366339	736.508000
20328.668890	732.597000
20362.591459	731.529000
20497.678446	726.956000
20500.846320	726.860000
20640.466290	722.031000
20658.759027	721.468000
20796.692069	716.712000
20798.578372	716.654000
20942.227771	711.800000
20947.878264	711.622000
21099.614946	706.510000
21108.684484	706.200000
21252.496905	701.679000
21256.493223	701.538000
21416.205758	696.486000
21431.520159	695.965000
21581.241857	691.321000
21591.988886	690.946000
21727.534514	686.579000
21751.379165	685.713000
21880.287852	681.456000
21900.009566	680.725000
22033.792028	676.219000
22059.700062	675.264000
22175.467343	671.262000
22202.751126	670.252000
22311.831405	666.365000
22343.690630	665.158000
22454.497286	661.171000
22485.841118	659.955000
22596.779725	655.922000
22633.865021	654.497000
22719.279626	651.291000
22759.439719	649.733000
22860.879653	645.863000
22887.649442	644.808000
22997.649152	640.576000
23026.602851	639.443000
23120.285057	635.831000
23140.324871	635.066000
23262.446542	630.487000
23281.862631	629.762000
23401.285414	625.251000
23415.632093	624.711000
23532.231340	620.156000
23533.053121	620.125000
23673.423675	615.047000
23676.296277	614.938000
23809.004140	609.946000
23814.182091	609.742000
23928.738190	605.275000
23951.329983	604.365000
24055.602390	600.215000
24069.004378	599.676000
24186.005376	594.976000
24210.906270	593.970000
24301.334273	590.322000
24330.630255	589.133000
24424.506076	585.387000
24458.375684	584.004000
24556.600147	580.041000
24596.292506	578.414000
24665.480427	575.583000
24711.357465	573.708000
24790.357822	570.435000
24853.334022	567.944000
24919.943757	565.259000
24967.633003	563.398000
25038.788955	560.510000
25120.790103	557.222000
25167.835663	555.319000
25233.211496	552.740000
25290.554577	550.396000
25375.956093	547.207000
25425.188811	545.240000
25517.696395	541.860000
25557.385924	540.271000
25654.669665	536.643000
25684.209892	535.482000
25787.716386	531.621000
25824.883610	530.132000
25929.009256	526.200000
25948.367586	525.407000
26059.325626	521.262000
26081.970688	520.310000
26198.298831	515.951000
26220.904856	515.009000
26330.883101	510.905000
26337.607597	510.628000
26466.290636	505.892000
26487.665975	504.993000
26599.473510	500.816000
26612.574670	500.264000
26728.134746	495.899000
26736.720889	495.543000
26862.031680	490.828000
26881.535031	490.016000
26989.059341	485.881000
27007.860797	485.093000
27115.983648	481.018000
27125.224220	480.636000
27254.454809	475.799000
27277.046725	474.886000
27381.052155	471.035000
27399.942253	470.271000
27517.149366	465.863000
27528.940749	465.384000
27644.791790	460.935000
27662.587069	460.219000
27773.904359	455.775000
27790.000034	455.120000
27893.527552	450.952000
27905.617526	450.473000
28021.920493	445.844000
28042.468770	445.054000
28149.298409	440.736000
28160.767933	440.307000
28278.361102	435.603000
28282.963326	435.436000
28400.176645	430.860000
28418.603025	430.208000
28540.138980	425.527000
28548.966053	425.214000
28669.163958	420.606000
28673.080688	420.465000
28808.069770	415.453000
28816.125014	415.167000
28946.033243	410.461000
28947.820317	410.396000
29090.883185	405.327000
29096.512161	405.127000
29224.167762	400.448000
29224.472655	400.437000
29370.374533	395.342000
29382.343660	394.906000
29510.931625	390.217000
29514.762956	390.076000
29635.498558	385.599000
29652.648767	384.951000
29782.376999	380.081000
29785.292560	379.967000
29906.349749	375.273000
29918.593986	374.776000
30033.083800	370.228000
30049.189575	369.562000
30159.338680	365.127000
30172.434761	364.580000
30284.423055	360.144000
30299.438277	359.503000
30420.964162	355.093000
30439.201141	354.326000
30563.966437	349.919000
30581.424817	349.213000
30709.541186	344.932000
30731.285342	344.079000
30862.311529	339.886000
30887.692397	338.969000
31025.604118	334.400000
31045.653112	333.681000
31159.803142	329.779000
31190.989239	328.662000
31315.794095	324.327000
31342.949762	323.373000
31464.012011	319.214000
31492.122983	318.264000
31614.008654	314.026000
31648.263312	312.979000
31771.998003	309.113000
31810.886764	307.959000
31939.245065	303.864000
31985.853306	302.446000
32105.496421	298.680000
32132.841016	297.810000
32267.528179	293.920000
32326.978379	292.052000
32448.093232	288.916000
32504.979842	287.172000
32665.789181	283.681000
32724.549978	282.056000
32912.585784	278.949000
33002.247437	276.755000
33323.325740	274.037000
33468.161520	271.601000
33774.599785	276.755000
34033.777782	278.949000
34160.750780	282.056000
34259.095866	283.681000
34385.332138	287.172000
34465.667711	288.916000
34567.959230	292.052000
34640.102899	293.920000
34763.904439	297.810000
34794.027275	298.680000
34912.394800	302.446000
34957.443642	303.864000
35092.042195	307.959000
35128.214473	309.113000
35258.495192	312.979000
35292.005337	314.026000
35430.659817	318.264000
35457.981994	319.214000
35581.048870	323.373000
35608.818378	324.327000
35732.214413	328.662000
35764.372896	329.779000
35873.314839	333.681000
35894.348635	334.400000
36021.753161	338.969000
36049.432094	339.886000
36165.486597	344.079000
36192.141817	344.932000
36301.270459	349.213000
36322.398737	349.919000
36431.377601	354.326000
36453.091915	355.093000
36557.948597	359.503000
36575.612564	360.144000
36679.524455	364.580000
36693.333652	365.127000
36799.514857	369.562000
36816.055850	370.228000
36926.039425	374.776000
36938.550735	375.273000
37054.193491	379.967000
37057.133525	380.081000
37181.684266	384.951000
37198.945846	385.599000
37317.435791	390.076000
37321.238274	390.217000
37448.650393	394.906000
37460.606963	395.342000
37600.475540	400.437000
37600.790540	400.448000
37730.480913	405.127000
37735.937447	405.327000
37878.603841	410.396000
37880.438342	410.461000
38009.822467	415.167000
38017.717443	415.453000
38158.881367	420.465000
38162.678945	420.606000
38290.681014	425.214000
38298.845498	425.527000
38430.856765	430.208000
38447.785080	430.860000
38577.108874	435.436000
38581.386546	435.603000
38711.020440	440.307000
38721.744817	440.736000
38837.188652	445.054000
38856.733677	445.844000
38977.136173	450.473000
38989.170980	450.952000
39094.371416	455.120000
39110.640736	455.775000
39219.845595	460.219000
39237.780603	460.935000
39348.354899	465.384000
39360.827960	465.863000
39469.338228	470.271000
39489.652710	471.035000
39584.869680	474.886000
39609.527420	475.799000
39729.217560	480.636000
39739.423490	481.018000
39837.997658	485.093000
39858.905831	485.881000
39957.565756	490.016000
39978.680566	490.828000
40091.929703	495.543000
40101.391132	495.899000
40206.667862	500.264000
40221.281645	500.816000
40320.418498	504.993000
40344.482414	505.892000
40457.089317	510.628000
40464.615753	510.905000
40564.245104	515.009000
40589.488649	515.951000
40694.095507	520.310000
40719.501424	521.262000
40818.097833	525.407000
40839.325752	526.200000
40935.311822	530.132000
40974.742923	531.621000
41071.118109	535.482000
41102.242439	536.643000
41194.552469	540.271000
41237.161032	541.860000
41321.585580	545.240000
41375.420615	547.207000
41455.239190	550.396000
41518.011581	552.740000
41581.103648	555.319000
41629.343358	557.222000
41710.628591	560.510000
41782.653931	563.398000
41828.506156	565.259000
41897.310898	567.944000
41959.107863	570.435000
42041.854190	573.708000
42087.111040	575.583000
42156.379251	578.414000
42196.142143	580.041000
42292.823654	584.004000
42327.101835	585.387000
42418.841205	589.133000
42448.637882	590.322000
42538.521600	593.970000
42563.458708	594.976000
42679.794890	599.676000
42693.212664	600.215000
42796.400513	604.365000
42819.265065	605.275000
42930.163460	609.742000
42935.395034	609.946000
43062.102555	614.938000
43065.000222	615.047000
43198.826578	620.125000
43199.683507	620.156000
43320.432363	624.711000
43334.255325	625.251000
43454.103235	629.762000
43473.296654	630.487000
43595.926000	635.066000
43616.328506	635.831000
43710.947864	639.443000
43740.333783	640.576000
43848.482111	644.808000
43875.904062	645.863000
43974.102246	649.733000
44014.940338	651.291000
44097.580427	654.497000
44135.545434	655.922000
44240.503327	659.955000
44273.952706	661.171000
44376.722328	665.158000
44410.267258	666.365000
44512.866104	670.252000
44541.209578	671.262000
44649.318189	675.264000
44676.943815	676.219000
44799.186329	680.725000
44820.889609	681.456000
44935.739593	685.713000
44961.963442	686.579000
45082.205466	690.946000
45093.844946	691.321000
45226.936159	695.965000
45243.733102	696.486000
45392.232814	701.538000
45396.690349	701.679000
45524.827615	706.200000
45534.688674	706.510000
45684.248287	711.622000
45689.531763	711.800000
45843.618803	716.654000
45845.335256	716.712000
46000.012106	721.468000
46016.340177	722.031000
46173.241826	726.860000
46176.017456	726.956000
46326.920473	731.529000
46358.469325	732.597000
46482.693262	736.508000
46504.839427	737.234000
46653.073729	741.883000
46678.057208	742.696000
46797.111910	746.330000
46845.593748	747.857000
46980.025704	751.774000
47015.961404	752.874000
47148.571157	756.568000
47204.429896	758.249000
47324.466375	761.437000
47378.780905	763.056000
47521.736171	766.695000
47587.722449	768.581000
47703.397749	771.533000
47779.044439	773.590000
47897.919452	776.646000
47973.588134	778.612000
48081.229329	781.338000
48183.663732	783.938000
48296.151678	786.666000
48394.434578	789.177000
48500.148346	791.687000
48591.214642	793.950000
48693.661181	796.300000
48824.198412	799.545000
48921.544938	801.682000
49030.564590	804.383000
49136.901725	806.688000
49262.967856	809.887000
49343.602795	811.571000
49450.601323	814.309000
49546.230345	816.435000
49708.212652	820.512000
49782.822973	822.142000
49890.523385	824.789000
49974.329331	826.486000
50140.591163	830.260000
50215.085191	831.612000
50402.381153	835.709000
50497.548980	837.345000
50646.263228	840.422000
50707.081322	841.453000
50924.712134	845.705000
51011.209544	847.005000
51255.607085	851.273000
51322.346970	852.137000
51518.769651	855.657000
51648.253328	856.878000
51899.247455	861.510000
51939.777731	861.959000
52193.119491	866.446000
52288.180747	867.425000
52554.314466	871.471000
52623.045339	872.022000
53008.530328	876.717000
53439.255409	871.471000
53943.947085	867.425000
54008.342762	866.446000
54444.032096	861.959000
54469.383211	861.510000
54887.504008	856.878000
54953.666320	855.657000
55326.952594	852.137000
55375.165434	851.273000
55704.848105	847.005000
55779.289718	845.705000
56062.202785	841.453000
56114.972627	840.422000
56296.483076	837.345000
56375.552466	835.709000
56613.879230	831.612000
56675.686440	830.260000
56883.630569	826.486000
56958.391122	824.789000
57089.112595	822.142000
57155.433589	820.512000
57342.050937	816.435000
57426.518533	814.309000
57549.675758	811.571000
57615.484933	809.887000
57768.662586	806.688000
57859.497983	804.383000
57984.103883	801.682000
58070.358973	799.545000
58218.178101	796.300000
58312.711998	793.950000
58411.365835	791.687000
58512.371757	789.177000
58618.127642	786.666000
58724.904126	783.938000
58832.114045	781.338000
58939.512577	778.612000
59017.143755	776.646000
59134.765062	773.590000
59214.780083	771.533000
59323.340622	768.581000
59397.244285	766.695000
59524.563515	763.056000
59588.164662	761.437000
59695.116312	758.249000
59758.410327	756.568000
59881.159989	752.874000
59920.648546	751.774000
60048.612309	747.857000
60101.019150	746.330000
60216.397668	742.696000
60243.032636	741.883000
60385.896344	737.234000
60409.045000	736.508000
60528.347552	732.597000
60562.270120	731.529000
60697.357107	726.956000
60700.524981	726.860000
60840.144951	722.031000
60858.437689	721.468000
60996.370730	716.712000
60998.257033	716.654000
61141.906433	711.800000
61147.556926	711.622000
61299.293607	706.510000
61308.363145	706.200000
61452.175566	701.679000
61456.171884	701.538000
61615.884420	696.486000
61631.198820	695.965000
61780.920518	691.321000
61791.667547	690.946000
61927.213175	686.579000
61951.057826	685.713000
62079.966513	681.456000
62099.688227	680.725000
62233.470689	676.219000
62259.378723	675.264000
62375.146004	671.262000
62402.429787	670.252000
62511.510066	666.365000
62543.369291	665.158000
62654.175947	661.171000
62685.519779	659.955000
62796.458386	655.922000
62833.543682	654.497000
62918.958287	651.291000
62959.118380	649.733000
63060.558314	645.863000
63087.328103	644.808000
63197.327813	640.576000
63226.281512	639.443000
63319.963718	635.831000
63340.003532	635.066000
63462.125203	630.487000
63481.541293	629.762000
63600.964075	625.251000
63615.310754	624.711000
63731.910001	620.156000
63732.731782	620.125000
63873.102337	615.047000
63875.974939	614.938000
64008.682801	609.946000
64013.860752	609.742000
64128.416852	605.275000
64151.008644	604.365000
64255.281051	600.215000
64268.683040	599.676000
64385.684038	594.976000
64410.584931	593.970000
64501.012935	590.322000
64530.308916	589.133000
64624.184738	585.387000
64658.054345	584.004000
64756.278808	580.041000
64795.971167	578.414000
64865.159088	575.583000
64911.036126	573.708000
64990.036484	570.435000
65053.012683	567.944000
65119.622418	565.259000
65167.311664	563.398000
65238.467616	560.510000
65320.468764	557.222000
65367.514324	555.319000
65432.890157	552.740000
65490.233239	550.396000
65575.634754	547.207000
65624.867472	545.240000
65717.375056	541.860000
65757.064585	540.271000
65854.348326	536.643000
65883.888553	535.482000
65987.395047	531.621000
66024.562271	530.132000
66128.687917	526.200000
66148.046247	525.407000
66259.004287	521.262000
66281.649349	520.310000
66397.977493	515.951000
66420.583517	515.009000
66530.561762	510.905000
66537.286258	510.628000
66665.969298	505.892000
66687.344637	504.993000
66799.152171	500.816000
66812.253331	500.264000
66927.813407	495.899000
66936.399550	495.543000
67061.710341	490.828000
67081.213692	490.016000
67188.738003	485.881000
67207.539459	485.093000
67315.662309	481.018000
67324.902881	480.636000
67454.133470	475.799000
67476.725386	474.886000
67580.730816	471.035000
67599.620914	470.271000
67716.828027	465.863000
67728.619411	465.384000
67844.470452	460.935000
67862.265730	460.219000
67973.583020	455.775000
67989.678695	455.120000
68093.206213	450.952000
68105.296187	450.473000
68221.599154	445.844000
68242.147431	445.054000
68348.977070	440.736000
68360.446594	440.307000
68478.039763	435.603000
68482.641987	435.436000
68599.855307	430.860000
68618.281686	430.208000
68739.817641	425.527000
68748.644714	425.214000
68868.842619	420.606000
68872.759349	420.465000
69007.748431	415.453000
69015.803675	415.167000
69145.711905	410.461000
69147.498978	410.396000
69290.561846	405.327000
69296.190822	405.127000
69423.846423	400.448000
69424.151316	400.437000
69570.053194	395.342000
69582.022321	394.906000
69710.610287	390.217000
69714.441617	390.076000
69835.177219	385.599000
69852.327428	384.951000
69982.055660	380.081000
69984.971221	379.967000
70106.028410	375.273000
70118.272647	374.776000
70232.762462	370.228000
70248.868236	369.562000
70359.017341	365.127000
70372.113422	364.580000
70484.101717	360.144000
70499.116938	359.503000
70620.642823	355.093000
70638.879802	354.326000
70763.645099	349.919000
70781.103478	349.213000
70909.219847	344.932000
70930.964003	344.079000
71061.990191	339.886000
71087.371058	338.969000
71225.282779	334.400000
71245.331773	333.681000
71359.481803	329.779000
71390.667900	328.662000
71515.472756	324.327000
71542.628424	323.373000
71663.690673	319.214000
71691.801644	318.264000
71813.687315	314.026000
71847.941973	312.979000
71971.676664	309.113000
72010.565425	307.959000
72138.923726	303.864000
72185.531967	302.446000
72305.175082	298.680000
72332.519678	297.810000
72467.206840	293.920000
72526.657040	292.052000
72647.771893	288.916000
72704.658503	287.172000
72865.467843	283.681000
72924.228639	282.056000
73112.264445	278.949000
73201.926098	276.755000
73523.004401	274.037000
73667.840181	271.601000
73974.278446	276.755000
74233.456443	278.949000
74360.429441	282.056000
74458.774527	283.681000
74585.010799	287.172000
74665.346372	288.916000
74767.637891	292.052000
74839.781560	293.920000
74963.583100	297.810000
74993.705936	298.680000
75112.073462	302.446000
75157.122303	303.864000
75291.720856	307.959000
75327.893134	309.113000
75458.173853	312.979000
75491.683998	314.026000
75630.338478	318.264000
75657.660655	319.214000
75780.727531	323.373000
75808.497039	324.327000
75931.893074	328.662000
75964.051557	329.779000
76072.993500	333.681000
76094.027296	334.400000
76221.431822	338.969000
76249.110756	339.886000
76365.165258	344.079000
76391.820478	344.932000
76500.949121	349.213000
76522.077398	349.919000
76631.056262	354.326000
76652.770576	355.093000
76757.627259	359.503000
76775.291225	360.144000
76879.203117	364.580000
76893.012313	365.127000
76999.193518	369.562000
77015.734511	370.228000
77125.718087	374.776000
77138.229397	375.273000
77253.872152	379.967000
77256.812186	380.081000
77381.362927	384.951000
77398.624507	385.599000
77517.114452	390.076000
77520.916935	390.217000
77648.329055	394.906000
77660.285624	395.342000
77800.154202	400.437000
77800.469201	400.448000
77930.159574	405.127000
77935.616108	405.327000
78078.282502	410.396000
78080.117004	410.461000
78209.501129	415.167000
78217.396104	415.453000
78358.560028	420.465000
78362.357606	420.606000
78490.359675	425.214000
78498.524159	425.527000
78630.535426	430.208000
78647.463741	430.860000
78776.787536	435.436000
78781.065207	435.603000
78910.699101	440.307000
78921.423478	440.736000
79036.867314	445.054000
79056.412338	445.844000
79176.814834	450.473000
79188.849641	450.952000
79294.050078	455.120000
79310.319397	455.775000
79419.524256	460.219000
79437.459265	460.935000
79548.033560	465.384000
79560.506621	465.863000
79669.016889	470.271000
79689.331371	471.035000
79784.548341	474.886000
79809.206081	475.799000
79928.896221	480.636000
79939.102151	481.018000
80037.676319	485.093000
80058.584492	485.881000
80157.244417	490.016000
80178.359228	490.828000
80291.608364	495.543000
80301.069794	495.899000
80406.346523	500.264000
80420.960306	500.816000
80520.097160	504.993000
80544.161075	505.892000
80656.767978	510.628000
80664.294414	510.905000
80763.923765	515.009000
80789.167310	515.951000
80893.774168	520.310000
80919.180085	521.262000
81017.776494	525.407000
81039.004414	526.200000
81134.990483	530.132000
81174.421584	531.621000
81270.796770	535.482000
81301.921101	536.643000
81394.231130	540.271000
81436.839693	541.860000
81521.264241	545.240000
81575.099276	547.207000
81654.917852	550.396000
81717.690242	552.740000
81780.782309	555.319000
81829.022019	557.222000
81910.307252	560.510000
81982.332592	563.398000
82028.184817	565.259000
82096.989559	567.944000
82158.786524	570.435000
82241.532851	573.708000
82286.789701	575.583000
82356.057912	578.414000
82395.820804	580.041000
82492.502315	584.004000
82526.780497	585.387000
82618.519866	589.133000
82648.316543	590.322000
82738.200261	593.970000
82763.137369	594.976000
82879.473551	599.676000
82892.891325	600.215000
82996.079175	604.365000
83018.943727	605.275000
83129.842121	609.742000
83135.073695	609.946000
83261.781216	614.938000
83264.678884	615.047000
83398.505239	620.125000
83399.362168	620.156000
83520.111024	624.711000
83533.933986	625.251000
83653.781896	629.762000
83672.975316	630.487000
83795.604661	635.066000
83816.007168	635.831000
83910.626525	639.443000
83940.012444	640.576000
84048.160773	644.808000
84075.582723	645.863000
84173.780907	649.733000
84214.618999	651.291000
84297.259089	654.497000
84335.224096	655.922000
84440.181988	659.955000
84473.631367	661.171000
84576.400989	665.158000
84609.945919	666.365000
84712.544766	670.252000
84740.888239	671.262000
84848.996851	675.264000
84876.622476	676.219000
84998.864990	680.725000
85020.568270	681.456000
85135.418254	685.713000
85161.642103	686.579000
85281.884127	690.946000
85293.523607	691.321000
85426.614820	695.965000
85443.411763	696.486000
85591.911475	701.538000
85596.369010	701.679000
85724.506276	706.200000
85734.367336	706.510000
85883.926948	711.622000
85889.210424	711.800000
86043.297464	716.654000
86045.013917	716.712000
86199.690767	721.468000
86216.018838	722.031000
86372.920487	726.860000
86375.696117	726.956000
86526.599134	731.529000
86558.147987	732.597000
86682.371923	736.508000
86704.518088	737.234000
86852.752390	741.883000
86877.735869	742.696000
86996.790572	746.330000
87045.272409	747.857000
87179.704365	751.774000
87215.640066	752.874000
87348.249818	756.568000
87404.108558	758.249000
87524.145036	761.437000
87578.459566	763.056000
87721.414832	766.695000
87787.401110	768.581000
87903.076410	771.533000
87978.723100	773.590000
88097.598113	776.646000
88173.266795	778.612000
88280.907990	781.338000
88383.342393	783.938000
88495.830339	786.666000
88594.113239	789.177000
88699.827007	791.687000
88790.893303	793.950000
88893.339842	796.300000
89023.877073	799.545000
89121.223599	801.682000
89230.243251	804.383000
89336.580386	806.688000
89462.646517	809.887000
89543.281456	811.571000
89650.279985	814.309000
89745.909006	816.435000
89907.891313	820.512000
89982.501634	822.142000
90090.202046	824.789000
90174.007992	826.486000
90340.269824	830.260000
90414.763852	831.612000
90602.059814	835.709000
90697.227641	837.345000
90845.941889	840.422000
90906.759983	841.453000
91124.390795	845.705000
91210.888205	847.005000
91455.285747	851.273000
91522.025631	852.137000
91718.448313	855.657000
91847.931989	856.878000
92098.926117	861.510000
92139.456392	861.959000
92392.798152	866.446000
92487.859409	867.425000
92753.993127	871.471000
92822.724000	872.022000
93208.208989	876.717000
93638.934070	871.471000
94143.625746	867.425000
94208.021423	866.446000
94643.710757	861.959000
94669.061872	861.510000
95087.182669	856.878000
95153.344981	855.657000
95526.631255	852.137000
95574.844095	851.273000
95904.526767	847.005000
95978.968380	845.705000
96261.881446	841.453000
96314.651288	840.422000
96496.161738	837.345000
96575.231127	835.709000
96813.557891	831.612000
96875.365101	830.260000
97083.309230	826.486000
97158.069784	824.789000
97288.791256	822.142000
97355.112250	820.512000
97541.729599	816.435000
97626.197194	814.309000
97749.354419	811.571000
97815.163594	809.887000
97968.341248	806.688000
98059.176644	804.383000
98183.782544	801.682000
98270.037634	799.545000
98417.856762	796.300000
98512.390659	793.950000
98611.044496	791.687000
98712.050418	789.177000
98817.806303	786.666000
98924.582788	783.938000
99031.792707	781.338000
99139.191238	778.612000
99216.822416	776.646000
99334.443724	773.590000
99414.458744	771.533000
99523.019283	768.581000
99596.922947	766.695000
99724.242176	763.056000
99787.843324	761.437000
99894.794973	758.249000
99958.088988	756.568000
100080.838650	752.874000
100120.327207	751.774000
100248.290970	747.857000
100300.697811	746.330000
100416.076330	742.696000
100442.711297	741.883000
100585.575005	737.234000
100608.723661	736.508000
100728.026213	732.597000
100761.948781	731.529000
100897.035768	726.956000
100900.203642	726.860000
101039.823613	722.031000
101058.116350	721.468000
101196.049392	716.712000
101197.935695	716.654000
101341.585094	711.800000
101347.235587	711.622000
101498.972268	706.510000
101508.041806	706.200000
101651.854227	701.679000
101655.850546	701.538000
101815.563081	696.486000
101830.877481	695.965000
101980.599179	691.321000
101991.346209	690.946000
102126.891836	686.579000
102150.736487	685.713000
102279.645174	681.456000
102299.366889	680.725000
102433.149351	676.219000
102459.057385	675.264000
102574.824666	671.262000
102602.108448	670.252000
102711.188727	666.365000
102743.047952	665.158000
102853.854608	661.171000
102885.198441	659.955000
102996.137047	655.922000
103033.222343	654.497000
103118.636948	651.291000
103158.797042	649.733000
103260.236975	645.863000
103287.006765	644.808000
103397.006474	640.576000
103425.960173	639.443000
103519.642379	635.831000
103539.682194	635.066000
103661.803864	630.487000
103681.219954	629.762000
103800.642736	625.251000
103814.989415	624.711000
103931.588662	620.156000
103932.410443	620.125000
104072.780998	615.047000
104075.653600	614.938000
104208.361462	609.946000
104213.539414	609.742000
104328.095513	605.275000
104350.687306	604.365000
104454.959712	600.215000
104468.361701	599.676000
104585.362699	594.976000
104610.263592	593.970000
104700.691596	590.322000
104729.987577	589.133000
104823.863399	585.387000
104857.733006	584.004000
104955.957469	580.041000
104995.649828	578.414000
105064.837749	575.583000
105110.714787	573.708000
105189.715145	570.435000
105252.691344	567.944000
105319.301079	565.259000
105366.990325	563.398000
105438.146277	560.510000
105520.147426	557.222000
105567.192985	555.319000
105632.568819	552.740000
105689.911900	550.396000
105775.313415	547.207000
105824.546133	545.240000
105917.053717	541.860000
105956.743246	540.271000
106054.026987	536.643000
106083.567214	535.482000
106187.073708	531.621000
106224.240932	530.132000
106328.366578	526.200000
106347.724908	525.407000
106458.682948	521.262000
106481.328010	520.310000
106597.656154	515.951000
106620.262178	515.009000
106730.240423	510.905000
106736.964919	510.628000
106865.647959	505.892000
106887.023298	504.993000
106998.830832	500.816000
107011.931992	500.264000
107127.492068	495.899000
107136.078212	495.543000
107261.389002	490.828000
107280.892353	490.016000
107388.416664	485.881000
107407.218120	485.093000
107515.340970	481.018000
107524.581542	480.636000
107653.812131	475.799000
107676.404047	474.886000
107780.409478	471.035000
107799.299575	470.271000
107916.506688	465.863000
107928.298072	465.384000
108044.149113	460.935000
108061.944392	460.219000
108173.261681	455.775000
108189.357357	455.120000
108292.884875	450.952000
108304.974848	450.473000
108421.277816	445.844000
108441.826092	445.054000
108548.655731	440.736000
108560.125255	440.307000
108677.718425	435.603000
108682.320648	435.436000
108799.533968	430.860000
108817.960348	430.208000
108939.496302	425.527000
108948.323375	425.214000
109068.521280	420.606000
109072.438010	420.465000
109207.427092	415.453000
109215.482336	415.167000
109345.390566	410.461000
109347.177639	410.396000
109490.240507	405.327000
109495.869483	405.127000
109623.525085	400.448000
109623.829977	400.437000
109769.731855	395.342000
109781.700982	394.906000
109910.288948	390.217000
109914.120278	390.076000
110034.855881	385.599000
110052.006089	384.951000
110181.734321	380.081000
110184.649882	379.967000
110305.707071	375.273000
110317.951308	374.776000
110432.441123	370.228000
110448.546897	369.562000
110558.696002	365.127000
110571.792083	364.580000
110683.780378	360.144000
110698.795599	359.503000
110820.321484	355.093000
110838.558463	354.326000
110963.323760	349.919000
110980.782139	349.213000
111108.898508	344.932000
111130.642664	344.079000
111261.668852	339.886000
111287.049719	338.969000
111424.961440	334.400000
111445.010434	333.681000
111559.160464	329.779000
111590.346561	328.662000
111715.151417	324.327000
111742.307085	323.373000
111863.369334	319.214000
111891.480306	318.264000
112013.365977	314.026000
112047.620635	312.979000
112171.355325	309.113000
112210.244086	307.959000
112338.602387	303.864000
112385.210628	302.446000
112504.853743	298.680000
112532.198339	297.810000
112666.885502	293.920000
112726.335701	292.052000
112847.450555	288.916000
112904.337164	287.172000
113065.146504	283.681000
113123.907300	282.056000
113311.943106	278.949000
113401.604759	276.755000
113722.683062	274.037000
113867.518843	271.601000
114173.957107	276.755000
114433.135104	278.949000
114560.108102	282.056000
114658.453189	283.681000
114784.689460	287.172000
114865.025034	288.916000
114967.316552	292.052000
115039.460221	293.920000
115163.261761	297.810000
115193.384597	298.680000
115311.752123	302.446000
115356.800964	303.864000
115491.399517	307.959000
115527.571795	309.113000
115657.852514	312.979000
115691.362659	314.026000
115830.017139	318.264000
115857.339316	319.214000
115980.406192	323.373000
116008.175700	324.327000
116131.571735	328.662000
116163.730219	329.779000
116272.672161	333.681000
116293.705957	334.400000
116421.110483	338.969000
116448.789417	339.886000
116564.843919	344.079000
116591.499139	344.932000
116700.627782	349.213000
116721.756059	349.919000
116830.734923	354.326000
116852.449237	355.093000
116957.305920	359.503000
116974.969886	360.144000
117078.881778	364.580000
117092.690975	365.127000
117198.872179	369.562000
117215.413172	370.228000
117325.396748	374.776000
117337.908058	375.273000
117453.550813	379.967000
117456.490847	380.081000
117581.041588	384.951000
117598.303168	385.599000
117716.793113	390.076000
117720.595597	390.217000
117848.007716	394.906000
117859.964285	395.342000
117999.832863	400.437000
118000.147862	400.448000
118129.838236	405.127000
118135.294769	405.327000
118277.961164	410.396000
118279.795665	410.461000
118409.179790	415.167000
118417.074765	415.453000
118558.238689	420.465000
118562.036267	420.606000
118690.038336	425.214000
118698.202820	425.527000
118830.214087	430.208000
118847.142402	430.860000
118976.466197	435.436000
118980.743868	435.603000
119110.377762	440.307000
119121.102139	440.736000
119236.545975	445.054000
119256.090999	445.844000
119376.493495	450.473000
119388.528302	450.952000
119493.728739	455.120000
119509.998058	455.775000
119619.202917	460.219000
119637.137926	460.935000
119747.712221	465.384000
119760.185282	465.863000
119868.695550	470.271000
119889.010032	471.035000
119984.227002	474.886000
120008.884742	475.799000
120128.574882	480.636000
120138.780812	481.018000
120237.354980	485.093000
120258.263153	485.881000
120356.923079	490.016000
120378.037889	490.828000
120491.287025	495.543000
120500.748455	495.899000
120606.025184	500.264000
120620.638967	500.816000
120719.775821	504.993000
120743.839736	505.892000
120856.446639	510.628000
120863.973075	510.905000
120963.602426	515.009000
120988.845971	515.951000
121093.452829	520.310000
121118.858746	521.262000
121217.455155	525.407000
121238.683075	526.200000
121334.669145	530.132000
121374.100245	531.621000
121470.475431	535.482000
121501.599762	536.643000
121593.909792	540.271000
121636.518354	541.860000
121720.942903	545.240000
121774.777937	547.207000
121854.596513	550.396000
121917.368903	552.740000
121980.460970	555.319000
122028.700680	557.222000
122109.985913	560.510000
122182.011253	563.398000
122227.863479	565.259000
122296.668221	567.944000
122358.465185	570.435000
122441.211512	573.708000
122486.468362	575.583000
122555.736573	578.414000
122595.499465	580.041000
122692.180976	584.004000
122726.459158	585.387000
122818.198527	589.133000
122847.995204	590.322000
122937.878922	593.970000
122962.816030	594.976000
123079.152212	599.676000
123092.569986	600.215000
123195.757836	604.365000
123218.622388	605.275000
123329.520782	609.742000
123334.752357	609.946000
123461.459877	614.938000
123464.357545	615.047000
123598.183900	620.125000
123599.040830	620.156000
123719.789685	624.711000
123733.612647	625.251000
123853.460557	629.762000
123872.653977	630.487000
123995.283322	635.066000
124015.685829	635.831000
124110.305187	639.443000
124139.691106	640.576000
124247.839434	644.808000
124275.261384	645.863000
124373.459568	649.733000
124414.297660	651.291000
124496.937750	654.497000
124534.902757	655.922000
124639.860649	659.955000
124673.310028	661.171000
124776.079651	665.158000
124809.624580	666.365000
124912.223427	670.252000
124940.566900	671.262000
125048.675512	675.264000
125076.301137	676.219000
125198.543651	680.725000
125220.246931	681.456000
125335.096916	685.713000
125361.320764	686.579000
125481.562788	690.946000
125493.202268	691.321000
125626.293481	695.965000
125643.090425	696.486000
125791.590136	701.538000
125796.047671	701.679000
125924.184937	706.200000
125934.045997	706.510000
126083.605610	711.622000
126088.889086	711.800000
126242.976125	716.654000
126244.692578	716.712000
126399.369429	721.468000
126415.697499	722.031000
126572.599148	726.860000
126575.374778	726.956000
126726.277795	731.529000
126757.826648	732.597000
126882.050584	736.508000
126904.196749	737.234000
127052.431051	741.883000
127077.414530	742.696000
127196.469233	746.330000
127244.951070	747.857000
127379.383026	751.774000
127415.318727	752.874000
127547.928480	756.568000
127603.787219	758.249000
127723.823698	761.437000
127778.138227	763.056000
127921.093493	766.695000
127987.079771	768.581000
128102.755071	771.533000
128178.401761	773.590000
128297.276774	776.646000
128372.945456	778.612000
128480.586652	781.338000
128583.021054	783.938000
128695.509000	786.666000
128793.791900	789.177000
128899.505668	791.687000
128990.571964	793.950000
129093.018503	796.300000
129223.555734	799.545000
129320.902261	801.682000
129429.921912	804.383000
129536.259047	806.688000
129662.325179	809.887000
129742.960117	811.571000
129849.958646	814.309000
129945.587667	816.435000
130107.569974	820.512000
130182.180295	822.142000
130289.880707	824.789000
130373.686653	826.486000
130539.948485	830.260000
130614.442514	831.612000
130801.738475	835.709000
130896.906302	837.345000
131045.620551	840.422000
131106.438644	841.453000
131324.069456	845.705000
131410.566866	847.005000
131654.964408	851.273000
131721.704292	852.137000
131918.126974	855.657000
132047.610650	856.878000
132298.604778	861.510000
132339.135054	861.959000
132592.476813	866.446000
132687.538070	867.425000
132953.671788	871.471000
133022.402662	872.022000
133407.887651	876.717000
133838.612731	871.471000
134343.304407	867.425000
134407.700084	866.446000
134843.389419	861.959000
134868.740533	861.510000
135286.861330	856.878000
135353.023642	855.657000
135726.309916	852.137000
135774.522756	851.273000
136104.205428	847.005000
136178.647041	845.705000
136461.560107	841.453000
136514.329949	840.422000
136695.840399	837.345000
136774.909788	835.709000
137013.236552	831.612000
137075.043762	830.260000
137282.987891	826.486000
137357.748445	824.789000
137488.469917	822.142000
137554.790911	820.512000
137741.408260	816.435000
137825.875855	814.309000
137949.033080	811.571000
138014.842255	809.887000
138168.019909	806.688000
138258.855305	804.383000
138383.461206	801.682000
138469.716295	799.545000
138617.535423	796.300000
138712.069320	793.950000
138810.723157	791.687000
138911.729080	789.177000
139017.484965	786.666000
139124.261449	783.938000
139231.471368	781.338000
139338.869899	778.612000
139416.501077	776.646000
139534.122385	773.590000
139614.137405	771.533000
139722.697944	768.581000
139796.601608	766.695000
139923.920837	763.056000
139987.521985	761.437000
140094.473634	758.249000
140157.767649	756.568000
140280.517312	752.874000
140320.005868	751.774000
140447.969631	747.857000
140500.376472	746.330000
140615.754991	742.696000
140642.389959	741.883000
140785.253666	737.234000
140808.402323	736.508000
140927.704874	732.597000
140961.627442	731.529000
141096.714429	726.956000
141099.882303	726.860000
141239.502274	722.031000
141257.795011	721.468000
141395.728053	716.712000
141397.614356	716.654000
141541.263755	711.800000
141546.914248	711.622000
141698.650929	706.510000
141707.720468	706.200000
141851.532889	701.679000
141855.529207	701.538000
142015.241742	696.486000
142030.556142	695.965000
142180.277840	691.321000
142191.024870	690.946000
142326.570497	686.579000
142350.415149	685.713000
142479.323835	681.456000
142499.045550	680.725000
142632.828012	676.219000
142658.736046	675.264000
142774.503327	671.262000
142801.787109	670.252000
142910.867388	666.365000
142942.726613	665.158000
143053.533269	661.171000
143084.877102	659.955000
143195.815709	655.922000
143232.901004	654.497000
143318.315609	651.291000
143358.475703	649.733000
143459.915637	645.863000
143486.685426	644.808000
143596.685135	640.576000
143625.638834	639.443000
143719.321041	635.831000
143739.360855	635.066000
143861.482525	630.487000
143880.898615	629.762000
144000.321397	625.251000
144014.668077	624.711000
144131.267323	620.156000
144132.089105	620.125000
144272.459659	615.047000
144275.332261	614.938000
144408.040123	609.946000
144413.218075	609.742000
144527.774174	605.275000
144550.365967	604.365000
144654.638374	600.215000
144668.040362	599.676000
144785.041360	594.976000
144809.942253	593.970000
144900.370257	590.322000
144929.666238	589.133000
145023.542060	585.387000
145057.411667	584.004000
145155.636130	580.041000
145195.328490	578.414000
145264.516410	575.583000
145310.393449	573.708000
145389.393806	570.435000
145452.370006	567.944000
145518.979740	565.259000
145566.668986	563.398000
145637.824938	560.510000
145719.826087	557.222000
145766.871646	555.319000
145832.247480	552.740000
145889.590561	550.396000
145974.992076	547.207000
146024.224794	545.240000
146116.732378	541.860000
146156.421907	540.271000
146253.705648	536.643000
146283.245875	535.482000
146386.752369	531.621000
146423.919593	530.132000
146528.045240	526.200000
146547.403569	525.407000
146658.361610	521.262000
146681.006671	520.310000
146797.334815	515.951000
146819.940839	515.009000
146929.919085	510.905000
146936.643580	510.628000
147065.326620	505.892000
147086.701959	504.993000
147198.509494	500.816000
147211.610653	500.264000
147327.170729	495.899000
147335.756873	495.543000
147461.067664	490.828000
147480.571014	490.016000
147588.095325	485.881000
147606.896781	485.093000
147715.019631	481.018000
147724.260203	480.636000
147853.490792	475.799000
147876.082708	474.886000
147980.088139	471.035000
147998.978236	470.271000
148116.185349	465.863000
148127.976733	465.384000
148243.827774	460.935000
148261.623053	460.219000
148372.940342	455.775000
148389.036018	455.120000
148492.563536	450.952000
148504.653509	450.473000
148620.956477	445.844000
148641.504753	445.054000
148748.334392	440.736000
148759.803917	440.307000
148877.397086	435.603000
148881.999309	435.436000
148999.212629	430.860000
149017.639009	430.208000
149139.174964	425.527000
149148.002036	425.214000
149268.199941	420.606000
149272.116671	420.465000
149407.105753	415.453000
149415.160997	415.167000
149545.069227	410.461000
149546.856300	410.396000
149689.919168	405.327000
149695.548144	405.127000
149823.203746	400.448000
149823.508639	400.437000
149969.410516	395.342000
149981.379643	394.906000
150109.967609	390.217000
150113.798939	390.076000
150234.534542	385.599000
150251.684750	384.951000
150381.412982	380.081000
150384.328544	379.967000
150505.385732	375.273000
150517.629970	374.776000
150632.119784	370.228000
150648.225558	369.562000
150758.374664	365.127000
150771.470745	364.580000
150883.459039	360.144000
150898.474260	359.503000
151020.000146	355.093000
151038.237124	354.326000
151163.002421	349.919000
151180.460800	349.213000
151308.577169	344.932000
151330.321325	344.079000
151461.347513	339.886000
151486.728381	338.969000
151624.640101	334.400000
151644.689096	333.681000
151758.839125	329.779000
151790.025222	328.662000
151914.830079	324.327000
151941.985746	323.373000
152063.047995	319.214000
152091.158967	318.264000
152213.044638	314.026000
152247.299296	312.979000
152371.033987	309.113000
152409.922747	307.959000
152538.281048	303.864000
152584.889289	302.446000
152704.532404	298.680000
152731.877000	297.810000
152866.564163	293.920000
152926.014363	292.052000
153047.129216	288.916000
153104.015825	287.172000
153264.825165	283.681000
153323.585962	282.056000
153511.621767	278.949000
153601.283421	276.755000
153922.361723	274.037000
154067.197504	271.601000
154373.635768	276.755000
154632.813765	278.949000
154759.786763	282.056000
154858.131850	283.681000
154984.368121	287.172000
155064.703695	288.916000
155166.995213	292.052000
155239.138882	293.920000
155362.940422	297.810000
155393.063258	298.680000
155511.430784	302.446000
155556.479625	303.864000
155691.078178	307.959000
155727.250457	309.113000
155857.531175	312.979000
155891.041320	314.026000
156029.695800	318.264000
156057.017978	319.214000
156180.084853	323.373000
156207.854362	324.327000
156331.250397	328.662000
156363.408880	329.779000
156472.350822	333.681000
156493.384618	334.400000
156620.789144	338.969000
156648.468078	339.886000
156764.522580	344.079000
156791.177800	344.932000
156900.306443	349.213000
156921.434721	349.919000
157030.413584	354.326000
157052.127899	355.093000
157156.984581	359.503000
157174.648548	360.144000
157278.560439	364.580000
157292.369636	365.127000
157398.550840	369.562000
157415.091833	370.228000
157525.075409	374.776000
157537.586719	375.273000
157653.229474	379.967000
157656.169508	380.081000
157780.720250	384.951000
157797.981829	385.599000
157916.471774	390.076000
157920.274258	390.217000
158047.686377	394.906000
158059.642946	395.342000
158199.511524	400.437000
158199.826523	400.448000
158329.516897	405.127000
158334.973430	405.327000
158477.639825	410.396000
158479.474326	410.461000
158608.858451	415.167000
158616.753426	415.453000
158757.917350	420.465000
158761.714928	420.606000
158889.716997	425.214000
158897.881482	425.527000
159029.892748	430.208000
159046.821063	430.860000
159176.144858	435.436000
159180.422529	435.603000
159310.056424	440.307000
159320.780801	440.736000
159436.224636	445.054000
159455.769660	445.844000
159576.172156	450.473000
159588.206963	450.952000
159693.407400	455.120000
159709.676720	455.775000
159818.881578	460.219000
159836.816587	460.935000
159947.390882	465.384000
159959.863943	465.863000
160068.374212	470.271000
160088.688693	471.035000
160183.905663	474.886000
160208.563404	475.799000
160328.253543	480.636000
160338.459473	481.018000
160437.033641	485.093000
160457.941814	485.881000
160556.601740	490.016000
160577.716550	490.828000
160690.965686	495.543000
160700.427116	495.899000
160805.703845	500.264000
160820.317628	500.816000
160919.454482	504.993000
160943.518397	505.892000
161056.125300	510.628000
161063.651736	510.905000
161163.281088	515.009000
161188.524632	515.951000
161293.131490	520.310000
161318.537407	521.262000
161417.133817	525.407000
161438.361736	526.200000
161534.347806	530.132000
161573.778906	531.621000
161670.154093	535.482000
161701.278423	536.643000
161793.588453	540.271000
161836.197015	541.860000
161920.621564	545.240000
161974.456599	547.207000
162054.275174	550.396000
162117.047564	552.740000
162180.139631	555.319000
162228.379341	557.222000
162309.664575	560.510000
162381.689914	563.398000
162427.542140	565.259000
162496.346882	567.944000
162558.143846	570.435000
162640.890174	573.708000
162686.147024	575.583000
162755.415234	578.414000
162795.178126	580.041000
162891.859638	584.004000
162926.137819	585.387000
163017.877189	589.133000
163047.673866	590.322000
163137.557583	593.970000
163162.494691	594.976000
163278.830873	599.676000
163292.248647	600.215000
163395.436497	604.365000
163418.301049	605.275000
163529.199443	609.742000
163534.431018	609.946000
163661.138538	614.938000
163664.036206	615.047000
163797.862561	620.125000
163798.719491	620.156000
163919.468346	624.711000
163933.291309	625.251000
164053.139218	629.762000
164072.332638	630.487000
164194.961983	635.066000
164215.364490	635.831000
164309.983848	639.443000
164339.369767	640.576000
164447.518095	644.808000
164474.940045	645.863000
164573.138229	649.733000
164613.976321	651.291000
164696.616411	654.497000
164734.581418	655.922000
164839.539311	659.955000
164872.988690	661.171000
164975.758312	665.158000
165009.303241	666.365000
165111.902088	670.252000
165140.245561	671.262000
165248.354173	675.264000
165275.979798	676.219000
165398.222312	680.725000
165419.925592	681.456000
165534.775577	685.713000
165560.999425	686.579000
165681.241449	690.946000
165692.880930	691.321000
165825.972142	695.965000
165842.769086	696.486000
165991.268797	701.538000
165995.726333	701.679000
166123.863598	706.200000
166133.724658	706.510000
166283.284271	711.622000
166288.567747	711.800000
166442.654786	716.654000
166444.371240	716.712000
166599.048090	721.468000
166615.376160	722.031000
166772.277809	726.860000
166775.053439	726.956000
166925.956456	731.529000
166957.505309	732.597000
167081.729245	736.508000
167103.875410	737.234000
167252.109713	741.883000
167277.093192	742.696000
167396.147894	746.330000
167444.629732	747.857000
167579.061687	751.774000
167614.997388	752.874000
167747.607141	756.568000
167803.465880	758.249000
167923.502359	761.437000
167977.816888	763.056000
168120.772154	766.695000
168186.758432	768.581000
168302.433732	771.533000
168378.080422	773.590000
168496.955435	776.646000
168572.624117	778.612000
168680.265313	781.338000
168782.699715	783.938000
168895.187661	786.666000
168993.470561	789.177000
169099.184329	791.687000
169190.250625	793.950000
169292.697164	796.300000
169423.234396	799.545000
169520.580922	801.682000
169629.600574	804.383000
169735.937708	806.688000
169862.003840	809.887000
169942.638778	811.571000
170049.637307	814.309000
170145.266328	816.435000
170307.248636	820.512000
170381.858956	822.142000
170489.559368	824.789000
170573.365314	826.486000
170739.627147	830.260000
170814.121175	831.612000
171001.417136	835.709000
171096.584963	837.345000
171245.299212	840.422000
171306.117305	841.453000
171523.748117	845.705000
171610.245527	847.005000
171854.643069	851.273000
171921.382954	852.137000
172117.805635	855.657000
172247.289311	856.878000
172498.283439	861.510000
172538.813715	861.959000
172792.155474	866.446000
172887.216731	867.425000
173153.350449	871.471000
173222.081323	872.022000
173607.566312	876.717000
174038.291392	871.471000
174542.983068	867.425000
174607.378745	866.446000
175043.068080	861.959000
175068.419194	861.510000
175486.539991	856.878000
175552.702303	855.657000
175925.988578	852.137000
175974.201418	851.273000
176303.884089	847.005000
176378.325702	845.705000
176661.238769	841.453000
176714.008610	840.422000
176895.519060	837.345000
176974.588449	835.709000
177212.915213	831.612000
177274.722423	830.260000
177482.666552	826.486000
177557.427106	824.789000
177688.148578	822.142000
177754.469572	820.512000
177941.086921	816.435000
178025.554516	814.309000
178148.711741	811.571000
178214.520917	809.887000
178367.698570	806.688000
178458.533966	804.383000
178583.139867	801.682000
178669.394956	799.545000
178817.214085	796.300000
178911.747981	793.950000
179010.401818	791.687000
179111.407741	789.177000
179217.163626	786.666000
179323.940110	783.938000
179431.150029	781.338000
179538.548560	778.612000
179616.179738	776.646000
179733.801046	773.590000
179813.816066	771.533000
179922.376605	768.581000
179996.280269	766.695000
180123.599499	763.056000
180187.200646	761.437000
180294.152295	758.249000
180357.446310	756.568000
180480.195973	752.874000
180519.684529	751.774000
180647.648292	747.857000
180700.055133	746.330000
180815.433652	742.696000
180842.068620	741.883000
180984.932327	737.234000
181008.080984	736.508000
181127.383535	732.597000
181161.306103	731.529000
181296.393090	726.956000
181299.560965	726.860000
181439.180935	722.031000
181457.473672	721.468000
181595.406714	716.712000
181597.293017	716.654000
181740.942416	711.800000
181746.592909	711.622000
181898.329590	706.510000
181907.399129	706.200000
182051.211550	701.679000
182055.207868	701.538000
182214.920403	696.486000
182230.234803	695.965000
182379.956501	691.321000
182390.703531	690.946000
182526.249158	686.579000
182550.093810	685.713000
182679.002496	681.456000
182698.724211	680.725000
182832.506673	676.219000
182858.414707	675.264000
182974.181988	671.262000
183001.465770	670.252000
183110.546049	666.365000
183142.405274	665.158000
183253.211930	661.171000
183284.555763	659.955000
183395.494370	655.922000
183432.579665	654.497000
183517.994271	651.291000
183558.154364	649.733000
183659.594298	645.863000
183686.364087	644.808000
183796.363796	640.576000
183825.317496	639.443000
183918.999702	635.831000
183939.039516	635.066000
184061.161186	630.487000
184080.577276	629.762000
184200.000058	625.251000
184214.346738	624.711000
184330.945984	620.156000
184331.767766	620.125000
184472.138320	615.047000
184475.010922	614.938000
184607.718784	609.946000
184612.896736	609.742000
184727.452835	605.275000
184750.044628	604.365000
184854.317035	600.215000
184867.719023	599.676000
184984.720021	594.976000
185009.620915	593.970000
185100.048918	590.322000
185129.344899	589.133000
185223.220721	585.387000
185257.090328	584.004000
185355.314792	580.041000
185395.007151	578.414000
185464.195072	575.583000
185510.072110	573.708000
185589.072467	570.435000
185652.048667	567.944000
185718.658401	565.259000
185766.347647	563.398000
185837.503600	560.510000
185919.504748	557.222000
185966.550307	555.319000
186031.926141	552.740000
186089.269222	550.396000
186174.670737	547.207000
186223.903455	545.240000
186316.411039	541.860000
186356.100568	540.271000
186453.384309	536.643000
186482.924537	535.482000
186586.431030	531.621000
186623.598254	530.132000
186727.723901	526.200000
186747.082231	525.407000
186858.040271	521.262000
186880.685333	520.310000
186997.013476	515.951000
187019.619501	515.009000
187129.597746	510.905000
187136.322241	510.628000
187265.005281	505.892000
187286.380620	504.993000
187398.188155	500.816000
187411.289314	500.264000
187526.849391	495.899000
187535.435534	495.543000
187660.746325	490.828000
187680.249675	490.016000
187787.773986	485.881000
187806.575442	485.093000
187914.698292	481.018000
187923.938865	480.636000
188053.169453	475.799000
188075.761369	474.886000
188179.766800	471.035000
188198.656897	470.271000
188315.864011	465.863000
188327.655394	465.384000
188443.506435	460.935000
188461.301714	460.219000
188572.619003	455.775000
188588.714679	455.120000
188692.242197	450.952000
188704.332170	450.473000
188820.635138	445.844000
188841.183414	445.054000
188948.013054	440.736000
188959.482578	440.307000
189077.075747	435.603000
189081.677971	435.436000
189198.891290	430.860000
189217.317670	430.208000
189338.853625	425.527000
189347.680697	425.214000
189467.878602	420.606000
189471.795332	420.465000
189606.784414	415.453000
189614.839658	415.167000
189744.747888	410.461000
189746.534962	410.396000
189889.597829	405.327000
189895.226805	405.127000
190022.882407	400.448000
190023.187300	400.437000
190169.089178	395.342000
190181.058304	394.906000
190309.646270	390.217000
190313.477601	390.076000
190434.213203	385.599000
190451.363412	384.951000
190581.091643	380.081000
190584.007205	379.967000
190705.064394	375.273000
190717.308631	374.776000
190831.798445	370.228000
190847.904219	369.562000
190958.053325	365.127000
190971.149406	364.580000
191083.137700	360.144000
191098.152922	359.503000
191219.678807	355.093000
191237.915785	354.326000
191362.681082	349.919000
191380.139461	349.213000
191508.255830	344.932000
191529.999986	344.079000
191661.026174	339.886000
191686.407042	338.969000
191824.318763	334.400000
191844.367757	333.681000
191958.517786	329.779000
191989.703883	328.662000
192114.508740	324.327000
192141.664407	323.373000
192262.726656	319.214000
192290.837628	318.264000
192412.723299	314.026000
192446.977957	312.979000
192570.712648	309.113000
192609.601409	307.959000
192737.959709	303.864000
192784.567951	302.446000
192904.211065	298.680000
192931.555661	297.810000
193066.242824	293.920000
193125.693024	292.052000
193246.807877	288.916000
193303.694487	287.172000
193464.503826	283.681000
193523.264623	282.056000
193711.300428	278.949000
193800.962082	276.755000
194122.040384	274.037000
194266.876165	271.601000
194573.314429	276.755000
194832.492426	278.949000
194959.465424	282.056000
195057.810511	283.681000
195184.046782	287.172000
195264.382356	288.916000
195366.673874	292.052000
195438.817543	293.920000
195562.619084	297.810000
195592.741919	298.680000
195711.109445	302.446000
195756.158287	303.864000
195890.756840	307.959000
195926.929118	309.113000
196057.209836	312.979000
196090.719982	314.026000
196229.374461	318.264000
196256.696639	319.214000
196379.763514	323.373000
196407.533023	324.327000
196530.929058	328.662000
196563.087541	329.779000
196672.029484	333.681000
196693.063279	334.400000
196820.467805	338.969000
196848.146739	339.886000
196964.201241	344.079000
196990.856461	344.932000
197099.985104	349.213000
197121.113382	349.919000
197230.092246	354.326000
197251.806560	355.093000
197356.663242	359.503000
197374.327209	360.144000
197478.239100	364.580000
197492.048297	365.127000
197598.229501	369.562000
197614.770494	370.228000
197724.754070	374.776000
197737.265380	375.273000
197852.908135	379.967000
197855.848169	380.081000
197980.398911	384.951000
197997.660491	385.599000
198116.150435	390.076000
198119.952919	390.217000
198247.365038	394.906000
198259.321607	395.342000
198399.190185	400.437000
198399.505184	400.448000
198529.195558	405.127000
198534.652091	405.327000
198677.318486	410.396000
198679.152987	410.461000
198808.537112	415.167000
198816.432087	415.453000
198957.596011	420.465000
198961.393589	420.606000
199089.395658	425.214000
199097.560143	425.527000
199229.571410	430.208000
199246.499725	430.860000
199375.823519	435.436000
199380.101191	435.603000
199509.735085	440.307000
199520.459462	440.736000
199635.903297	445.054000
199655.448321	445.844000
199775.850818	450.473000
199787.885625	450.952000
199893.086061	455.120000
