0.000000	500.000000
22.418951	500.816000
124.532877	504.993000
149.527113	505.892000
265.528338	510.628000
273.355118	510.905000
376.120922	515.009000
402.342737	515.951000
510.164322	520.310000
536.546205	521.262000
638.117235	525.407000
660.165945	526.200000
759.209134	530.132000
800.130464	531.621000
899.721781	535.482000
932.053271	536.643000
1027.570172	540.271000
1071.832158	541.860000
1159.077937	545.240000
1215.094563	547.207000
1297.592040	550.396000
1362.793653	552.740000
1427.904194	555.319000
1477.806709	557.222000
1561.750242	560.510000
1636.174759	563.398000
1683.515938	565.259000
1754.747035	567.944000
1818.579785	570.435000
1904.162344	573.708000
1950.826906	575.583000
2022.311935	578.414000
2063.344289	580.041000
2163.100986	584.004000
2198.506231	585.387000
2293.187153	589.133000
2323.986474	590.322000
2416.789145	593.970000
2442.546392	594.976000
2562.697031	599.676000
2576.560037	600.215000
2683.163456	604.365000
2706.801622	605.275000
2821.358932	609.742000
2826.775288	609.946000
2957.862263	614.938000
2960.870340	615.047000
3099.703174	620.125000
3100.595570	620.156000
3225.917923	624.711000
3240.227243	625.251000
3364.635837	629.762000
3384.554181	630.487000
3511.929443	635.066000
3533.114659	635.831000
3631.229038	639.443000
3661.677868	640.576000
3773.617877	644.808000
3802.036217	645.863000
3903.626251	649.733000
3945.974756	651.291000
4031.565376	654.497000
4070.983638	655.922000
4179.765250	659.955000
4214.584721	661.171000
4321.023410	665.158000
4355.972668	666.365000
4462.422451	670.252000
4491.977218	671.262000
4604.347110	675.264000
4633.232238	676.219000
4760.336752	680.725000
4783.086189	681.456000
4902.450927	685.713000
4929.993564	686.579000
5055.170803	690.946000
5067.427625	691.321000
5206.467052	695.965000
5224.231275	696.486000
5379.737219	701.538000
5384.440753	701.679000
5518.171025	706.200000
5528.583635	706.510000
5685.128935	711.622000
5690.666953	711.800000
5853.333958	716.654000
5855.132577	716.712000
6018.887531	721.468000
6035.964133	722.031000
6202.055406	726.860000
6204.957446	726.956000
6365.002295	731.529000
6398.055495	732.597000
6529.205219	736.508000
6552.482818	737.234000
6709.050831	741.883000
6735.331130	742.696000
6861.485555	746.330000
6912.667980	747.857000
7055.975863	751.774000
7094.041388	752.874000
7236.322154	756.568000
7295.616784	758.249000
7425.392240	761.437000
7483.118202	763.056000
7638.839560	766.695000
7709.371590	768.581000
7835.317863	771.533000
7916.786075	773.590000
8046.041762	776.646000
8128.161380	778.612000
8245.528309	781.338000
8357.170553	783.938000
8480.883091	786.666000
8587.870185	789.177000
8704.662784	791.687000
8804.320754	793.950000
8918.404903	796.300000
9061.247743	799.545000
9170.867690	801.682000
9290.244013	804.383000
9410.401579	806.688000
9547.806447	809.887000
9639.911607	811.571000
9756.352224	814.309000
9863.679803	816.435000
10040.504646	820.512000
10124.631160	822.142000
10242.753024	824.789000
10339.422861	826.486000
10525.044906	830.260000
10614.675007	831.612000
10825.787421	835.709000
10943.346422	837.345000
11113.703495	840.422000
11189.396861	841.453000
11443.566470	845.705000
11560.293187	847.005000
11859.763470	851.273000
11966.313809	852.137000
12204.015986	855.657000
12500.063243	851.273000
13026.402187	847.005000
13117.618533	845.705000
13499.404687	841.453000
13561.034242	840.422000
13786.939658	837.345000
13877.516250	835.709000
14171.916754	831.612000
14241.583336	830.260000
14491.778605	826.486000
14575.244585	824.789000
14726.031303	822.142000
14798.769738	820.512000
15009.189245	816.435000
15101.396657	814.309000
15239.620039	811.571000
15311.236547	809.887000
15486.203535	806.688000
15585.208918	804.383000
15726.009605	801.682000
15820.458773	799.545000
15986.914893	796.300000
16090.360401	793.950000
16200.221009	791.687000
16310.756363	789.177000
16427.595493	786.666000
16543.828385	783.938000
16661.736229	781.338000
16778.788828	778.612000
16863.434236	776.646000
16991.083042	773.590000
17078.085315	771.533000
17195.000319	768.581000
17275.465993	766.695000
17411.556162	763.056000
17480.836975	761.437000
17594.506132	758.249000
17662.935412	756.568000
17793.235449	752.874000
17835.603842	751.774000
17971.151713	747.857000
18027.018739	746.330000
18148.824196	742.696000
18177.047517	741.883000
18327.326866	737.234000
18351.776936	736.508000
18477.174577	732.597000
18512.988411	731.529000
18654.516764	726.956000
18657.876551	726.860000
18803.855214	722.031000
18823.219345	721.468000
18967.475681	716.712000
18969.472693	716.654000
19119.998555	711.800000
19125.963682	711.622000
19285.010572	706.510000
19294.503734	706.200000
19446.359889	701.679000
19450.530641	701.538000
19619.057269	696.486000
19635.094204	695.965000
19793.437873	691.321000
19804.665217	690.946000
19947.399994	686.579000
19972.223326	685.713000
20107.614786	681.456000
20128.111762	680.725000
20268.342899	676.219000
20295.281384	675.264000
20416.326705	671.262000
20444.685923	670.252000
20558.427885	666.365000
20591.482912	665.158000
20706.928389	661.171000
20739.391254	659.955000
20854.873924	655.922000
20893.310273	654.497000
20981.994447	651.291000
21023.588391	649.733000
21128.780122	645.863000
21156.474563	644.808000
21270.471164	640.576000
21300.439980	639.443000
21397.510743	635.831000
21418.290781	635.066000
21545.097451	630.487000
21565.264969	629.762000
21689.198276	625.251000
21704.090904	624.711000
21824.792663	620.156000
21825.645570	620.125000
21971.825853	615.047000
21974.805920	614.938000
22112.570340	609.946000
22117.927260	609.742000
22236.529534	605.275000
22259.866707	604.365000
22367.667136	600.215000
22381.512736	599.676000
22502.396098	594.976000
22528.113447	593.970000
22621.515471	590.322000
22651.762833	589.133000
22748.797530	585.387000
22783.753140	584.004000
22885.207216	580.041000
22926.162085	578.414000
22997.558886	575.583000
23044.904145	573.708000
23126.361805	570.435000
23191.496591	567.944000
23260.300659	565.259000
23309.671635	563.398000
23383.138226	560.510000
23467.870848	557.222000
23516.454955	555.319000
23584.084270	552.740000
23643.261900	550.396000
23731.968361	547.207000
23782.853447	545.240000
23879.109773	541.860000
23920.125614	540.271000
24021.184447	536.643000
24051.750908	535.482000
24159.271910	531.621000
24197.679440	530.132000
24305.740332	526.200000
24325.715217	525.407000
24440.963518	521.262000
24464.291774	520.310000
24585.088653	515.951000
24608.389394	515.009000
24722.629660	510.905000
24729.565850	510.628000
24863.384018	505.892000
24885.403676	504.993000
25001.533736	500.816000
25015.028323	500.264000
25134.953228	495.899000
25143.806013	495.543000
25273.888833	490.828000
25293.992648	490.016000
25405.427419	485.881000
25424.799744	485.093000
25537.025747	481.018000
25546.555068	480.636000
25680.761924	475.799000
25704.094108	474.886000
25812.197074	471.035000
25831.705122	470.271000
25953.380132	465.863000
25965.553705	465.384000
26085.630451	460.935000
26104.014226	460.219000
26219.073716	455.775000
26235.689183	455.120000
26342.636036	450.952000
26355.138982	450.473000
26475.376685	445.844000
26496.672689	445.054000
26607.001571	440.736000
26618.913394	440.307000
26740.443088	435.603000
26745.234554	435.436000
26866.577662	430.860000
26885.803417	430.208000
27011.745172	425.527000
27020.953458	425.214000
27145.551543	420.606000
27149.632071	420.465000
27289.908481	415.453000
27298.310653	415.167000
27433.579883	410.461000
27435.440075	410.396000
27584.691454	405.327000
27590.562490	405.127000
27723.356584	400.448000
27723.674168	400.437000
27876.085908	395.342000
27888.543192	394.906000
28022.363922	390.217000
28026.348159	390.076000
28151.825739	385.599000
28169.623323	384.951000
28304.315873	380.081000
28307.333824	379.967000
28432.717780	375.273000
28445.359548	374.776000
28563.738569	370.228000
28580.347305	369.562000
28694.133730	365.127000
28707.630304	364.580000
28823.445610	360.144000
28838.899566	359.503000
28965.422073	355.093000
28984.208781	354.326000
29114.406826	349.919000
29132.436482	349.213000
29266.834619	344.932000
29289.337147	344.079000
29427.414868	339.886000
29453.849060	338.969000
29598.648452	334.400000
29619.542731	333.681000
29739.023611	329.779000
29771.528051	328.662000
29901.965463	324.327000
29930.317368	323.373000
30056.973197	319.214000
30086.429491	318.264000
30213.803800	314.026000
30250.095176	312.979000
30380.843479	309.113000
30422.198938	307.959000
30557.511332	303.864000
30606.918976	302.446000
30733.235482	298.680000
30762.070283	297.810000
30905.824542	293.920000
30968.603483	292.052000
31100.124059	288.916000
31160.370891	287.172000
31342.004916	283.681000
31405.120865	282.056000
31642.598516	278.949000
31741.024176	276.755000
31978.833850	282.056000
32103.037643	283.681000
32238.630121	287.172000
32329.369090	288.916000
32437.702842	292.052000
32516.044818	293.920000
32646.778265	297.810000
32678.928961	298.680000
32803.747191	302.446000
32851.308743	303.864000
32993.991606	307.959000
33032.123597	309.113000
33170.667971	312.979000
33206.077560	314.026000
33352.976179	318.264000
33381.528702	319.214000
33510.485255	323.373000
33539.537830	324.327000
33668.369599	328.662000
33701.979423	329.779000
33815.526713	333.681000
33837.542796	334.400000
33970.318819	338.969000
33999.380111	339.886000
34120.250960	344.079000
34148.340704	344.932000
34261.275430	349.213000
34283.439663	349.919000
34395.984555	354.326000
34418.644391	355.093000
34526.661843	359.503000
34545.052076	360.144000
34652.000204	364.580000
34666.281307	365.127000
34775.709660	369.562000
34792.796866	370.228000
34906.215080	374.776000
34919.151398	375.273000
35038.548705	379.967000
35041.593820	380.081000
35170.518576	384.951000
35188.440705	385.599000
35311.403333	390.076000
35315.355162	390.217000
35447.852211	394.906000
35460.295341	395.342000
35605.868424	400.437000
35606.197478	400.448000
35741.286375	405.127000
35746.962549	405.327000
35895.763957	410.396000
35897.677814	410.461000
36032.355699	415.167000
36040.576481	415.453000
36187.820135	420.465000
36191.766458	420.606000
36325.121583	425.214000
36333.584951	425.527000
36471.297374	430.208000
36488.839357	430.860000
36623.773492	435.436000
36628.201879	435.603000
36763.166309	440.307000
36774.249694	440.736000
36894.145383	445.054000
36914.330612	445.844000
37039.114415	450.473000
37051.556380	450.952000
37160.350278	455.120000
37177.156945	455.775000
37289.888450	460.219000
37308.426388	460.935000
37422.657414	465.384000
37435.585434	465.863000
37547.612808	470.271000
37568.701671	471.035000
37667.033471	474.886000
37692.662661	475.799000
37816.274678	480.636000
37826.873607	481.018000
37928.528012	485.093000
37950.229629	485.881000
38051.885168	490.016000
38073.767885	490.828000
38190.503706	495.543000
38200.325442	495.899000
38308.871524	500.264000
38324.037285	500.816000
38426.151211	504.993000
38451.145447	505.892000
38567.146672	510.628000
38574.973452	510.905000
38677.739256	515.009000
38703.961071	515.951000
38811.782656	520.310000
38838.164539	521.262000
38939.735569	525.407000
38961.784279	526.200000
39060.827468	530.132000
39101.748798	531.621000
39201.340115	535.482000
39233.671605	536.643000
39329.188506	540.271000
39373.450492	541.860000
39460.696271	545.240000
39516.712897	547.207000
39599.210374	550.396000
39664.411987	552.740000
39729.522528	555.319000
39779.425043	557.222000
39863.368576	560.510000
39937.793093	563.398000
39985.134272	565.259000
40056.365369	567.944000
40120.198119	570.435000
40205.780678	573.708000
40252.445240	575.583000
40323.930269	578.414000
40364.962623	580.041000
40464.719320	584.004000
40500.124565	585.387000
40594.805487	589.133000
40625.604808	590.322000
40718.407479	593.970000
40744.164726	594.976000
40864.315365	599.676000
40878.178371	600.215000
40984.781790	604.365000
41008.419956	605.275000
41122.977266	609.742000
41128.393622	609.946000
41259.480597	614.938000
41262.488674	615.047000
41401.321508	620.125000
41402.213904	620.156000
41527.536257	624.711000
41541.845577	625.251000
41666.254171	629.762000
41686.172515	630.487000
41813.547777	635.066000
41834.732993	635.831000
41932.847372	639.443000
41963.296202	640.576000
42075.236211	644.808000
42103.654551	645.863000
42205.244585	649.733000
42247.593090	651.291000
42333.183710	654.497000
42372.601972	655.922000
42481.383584	659.955000
42516.203055	661.171000
42622.641744	665.158000
42657.591002	666.365000
42764.040785	670.252000
42793.595552	671.262000
42905.965444	675.264000
42934.850572	676.219000
43061.955086	680.725000
43084.704523	681.456000
43204.069261	685.713000
43231.611898	686.579000
43356.789137	690.946000
43369.045959	691.321000
43508.085386	695.965000
43525.849609	696.486000
43681.355553	701.538000
43686.059087	701.679000
43819.789359	706.200000
43830.201969	706.510000
43986.747269	711.622000
43992.285287	711.800000
44154.952292	716.654000
44156.750911	716.712000
44320.505865	721.468000
44337.582467	722.031000
44503.673740	726.860000
44506.575780	726.956000
44666.620629	731.529000
44699.673829	732.597000
44830.823553	736.508000
44854.101152	737.234000
45010.669165	741.883000
45036.949464	742.696000
45163.103889	746.330000
45214.286314	747.857000
45357.594197	751.774000
45395.659722	752.874000
45537.940488	756.568000
45597.235118	758.249000
45727.010574	761.437000
45784.736536	763.056000
45940.457894	766.695000
46010.989924	768.581000
46136.936197	771.533000
46218.404409	773.590000
46347.660096	776.646000
46429.779714	778.612000
46547.146643	781.338000
46658.788887	783.938000
46782.501425	786.666000
46889.488519	789.177000
47006.281118	791.687000
47105.939088	793.950000
47220.023237	796.300000
47362.866077	799.545000
47472.486024	801.682000
47591.862347	804.383000
47712.019913	806.688000
47849.424781	809.887000
47941.529941	811.571000
48057.970558	814.309000
48165.298137	816.435000
48342.122980	820.512000
48426.249494	822.142000
48544.371358	824.789000
48641.041195	826.486000
48826.663240	830.260000
48916.293341	831.612000
49127.405755	835.709000
49244.964756	837.345000
49415.321829	840.422000
49491.015195	841.453000
49745.184804	845.705000
49861.911521	847.005000
50161.381804	851.273000
50267.932143	852.137000
50505.634320	855.657000
50801.681577	851.273000
51328.020520	847.005000
51419.236867	845.705000
51801.023021	841.453000
51862.652576	840.422000
52088.557992	837.345000
52179.134584	835.709000
52473.535088	831.612000
52543.201670	830.260000
52793.396939	826.486000
52876.862919	824.789000
53027.649637	822.142000
53100.388072	820.512000
53310.807579	816.435000
53403.014991	814.309000
53541.238373	811.571000
53612.854881	809.887000
53787.821869	806.688000
53886.827252	804.383000
54027.627939	801.682000
54122.077107	799.545000
54288.533227	796.300000
54391.978735	793.950000
54501.839343	791.687000
54612.374697	789.177000
54729.213827	786.666000
54845.446719	783.938000
54963.354563	781.338000
55080.407162	778.612000
55165.052570	776.646000
55292.701376	773.590000
55379.703649	771.533000
55496.618653	768.581000
55577.084327	766.695000
55713.174496	763.056000
55782.455309	761.437000
55896.124466	758.249000
55964.553746	756.568000
56094.853783	752.874000
56137.222176	751.774000
56272.770047	747.857000
56328.637073	746.330000
56450.442530	742.696000
56478.665851	741.883000
56628.945200	737.234000
56653.395270	736.508000
56778.792911	732.597000
56814.606745	731.529000
56956.135098	726.956000
56959.494885	726.860000
57105.473548	722.031000
57124.837679	721.468000
57269.094015	716.712000
57271.091027	716.654000
57421.616889	711.800000
57427.582016	711.622000
57586.628906	706.510000
57596.122068	706.200000
57747.978223	701.679000
57752.148975	701.538000
57920.675603	696.486000
57936.712538	695.965000
58095.056207	691.321000
58106.283551	690.946000
58249.018328	686.579000
58273.841660	685.713000
58409.233120	681.456000
58429.730096	680.725000
58569.961233	676.219000
58596.899718	675.264000
58717.945039	671.262000
58746.304257	670.252000
58860.046219	666.365000
58893.101246	665.158000
59008.546723	661.171000
59041.009588	659.955000
59156.492258	655.922000
59194.928607	654.497000
59283.612781	651.291000
59325.206725	649.733000
59430.398456	645.863000
59458.092897	644.808000
59572.089498	640.576000
59602.058314	639.443000
59699.129077	635.831000
59719.909115	635.066000
59846.715785	630.487000
59866.883303	629.762000
59990.816610	625.251000
60005.709238	624.711000
60126.410997	620.156000
60127.263904	620.125000
60273.444187	615.047000
60276.424254	614.938000
60414.188674	609.946000
60419.545594	609.742000
60538.147868	605.275000
60561.485041	604.365000
60669.285470	600.215000
60683.131070	599.676000
60804.014432	594.976000
60829.731781	593.970000
60923.133805	590.322000
60953.381167	589.133000
61050.415864	585.387000
61085.371474	584.004000
61186.825550	580.041000
61227.780419	578.414000
61299.177220	575.583000
61346.522479	573.708000
61427.980139	570.435000
61493.114925	567.944000
61561.918993	565.259000
61611.289969	563.398000
61684.756560	560.510000
61769.489182	557.222000
61818.073289	555.319000
61885.702604	552.740000
61944.880234	550.396000
62033.586695	547.207000
62084.471781	545.240000
62180.728107	541.860000
62221.743948	540.271000
62322.802781	536.643000
62353.369242	535.482000
62460.890244	531.621000
62499.297774	530.132000
62607.358666	526.200000
62627.333551	525.407000
62742.581852	521.262000
62765.910108	520.310000
62886.706987	515.951000
62910.007728	515.009000
63024.247993	510.905000
63031.184184	510.628000
63165.002352	505.892000
63187.022010	504.993000
63303.152070	500.816000
63316.646657	500.264000
63436.571562	495.899000
63445.424347	495.543000
63575.507167	490.828000
63595.610982	490.016000
63707.045753	485.881000
63726.418078	485.093000
63838.644081	481.018000
63848.173402	480.636000
63982.380258	475.799000
64005.712442	474.886000
64113.815408	471.035000
64133.323456	470.271000
64254.998466	465.863000
64267.172039	465.384000
64387.248785	460.935000
64405.632560	460.219000
64520.692050	455.775000
64537.307517	455.120000
64644.254370	450.952000
64656.757316	450.473000
64776.995018	445.844000
64798.291023	445.054000
64908.619905	440.736000
64920.531728	440.307000
65042.061422	435.603000
65046.852888	435.436000
65168.195996	430.860000
65187.421751	430.208000
65313.363506	425.527000
65322.571792	425.214000
65447.169877	420.606000
65451.250405	420.465000
65591.526815	415.453000
65599.928987	415.167000
65735.198217	410.461000
65737.058409	410.396000
65886.309788	405.327000
65892.180824	405.127000
66024.974918	400.448000
66025.292502	400.437000
66177.704242	395.342000
66190.161526	394.906000
66323.982256	390.217000
66327.966493	390.076000
66453.444073	385.599000
66471.241657	384.951000
66605.934207	380.081000
66608.952158	379.967000
66734.336114	375.273000
66746.977882	374.776000
66865.356903	370.228000
66881.965639	369.562000
66995.752064	365.127000
67009.248638	364.580000
67125.063944	360.144000
67140.517900	359.503000
67267.040407	355.093000
67285.827115	354.326000
67416.025160	349.919000
67434.054816	349.213000
67568.452953	344.932000
67590.955481	344.079000
67729.033202	339.886000
67755.467394	338.969000
67900.266786	334.400000
67921.161065	333.681000
68040.641945	329.779000
68073.146385	328.662000
68203.583797	324.327000
68231.935702	323.373000
68358.591531	319.214000
68388.047825	318.264000
68515.422134	314.026000
68551.713510	312.979000
68682.461813	309.113000
68723.817272	307.959000
68859.129666	303.864000
68908.537310	302.446000
69034.853816	298.680000
69063.688617	297.810000
69207.442876	293.920000
69270.221817	292.052000
69401.742393	288.916000
69461.989225	287.172000
69643.623250	283.681000
69706.739199	282.056000
69944.216850	278.949000
70042.642510	276.755000
70280.452184	282.056000
70404.655977	283.681000
70540.248455	287.172000
70630.987424	288.916000
70739.321176	292.052000
70817.663152	293.920000
70948.396599	297.810000
70980.547295	298.680000
71105.365525	302.446000
71152.927077	303.864000
71295.609940	307.959000
71333.741931	309.113000
71472.286305	312.979000
71507.695894	314.026000
71654.594513	318.264000
71683.147036	319.214000
71812.103589	323.373000
71841.156164	324.327000
71969.987933	328.662000
72003.597757	329.779000
72117.145047	333.681000
72139.161129	334.400000
72271.937153	338.969000
72300.998445	339.886000
72421.869294	344.079000
72449.959038	344.932000
72562.893764	349.213000
72585.057997	349.919000
72697.602889	354.326000
72720.262725	355.093000
72828.280177	359.503000
72846.670410	360.144000
72953.618538	364.580000
72967.899641	365.127000
73077.327994	369.562000
73094.415200	370.228000
73207.833414	374.776000
73220.769732	375.273000
73340.167039	379.967000
73343.212154	380.081000
73472.136910	384.951000
73490.059039	385.599000
73613.021667	390.076000
73616.973496	390.217000
73749.470545	394.906000
73761.913675	395.342000
73907.486758	400.437000
73907.815812	400.448000
74042.904709	405.127000
74048.580883	405.327000
74197.382291	410.396000
74199.296148	410.461000
74333.974033	415.167000
74342.194815	415.453000
74489.438469	420.465000
74493.384792	420.606000
74626.739917	425.214000
74635.203285	425.527000
74772.915708	430.208000
74790.457691	430.860000
74925.391826	435.436000
74929.820213	435.603000
75064.784643	440.307000
75075.868027	440.736000
75195.763717	445.054000
75215.948946	445.844000
75340.732749	450.473000
75353.174714	450.952000
75461.968612	455.120000
75478.775279	455.775000
75591.506784	460.219000
75610.044722	460.935000
75724.275748	465.384000
75737.203768	465.863000
75849.231142	470.271000
75870.320005	471.035000
75968.651805	474.886000
75994.280995	475.799000
76117.893012	480.636000
76128.491941	481.018000
76230.146346	485.093000
76251.847963	485.881000
76353.503502	490.016000
76375.386219	490.828000
76492.122040	495.543000
76501.943776	495.899000
76610.489858	500.264000
76625.655619	500.816000
76727.769545	504.993000
76752.763781	505.892000
76868.765005	510.628000
76876.591786	510.905000
76979.357589	515.009000
77005.579405	515.951000
77113.400990	520.310000
77139.782873	521.262000
77241.353903	525.407000
77263.402613	526.200000
77362.445802	530.132000
77403.367132	531.621000
77502.958449	535.482000
77535.289939	536.643000
77630.806840	540.271000
77675.068826	541.860000
77762.314605	545.240000
77818.331231	547.207000
77900.828708	550.396000
77966.030321	552.740000
78031.140862	555.319000
78081.043377	557.222000
78164.986910	560.510000
78239.411427	563.398000
78286.752606	565.259000
78357.983703	567.944000
78421.816453	570.435000
78507.399012	573.708000
78554.063574	575.583000
78625.548603	578.414000
78666.580957	580.041000
78766.337654	584.004000
78801.742899	585.387000
78896.423821	589.133000
78927.223142	590.322000
79020.025813	593.970000
79045.783060	594.976000
79165.933699	599.676000
79179.796705	600.215000
79286.400124	604.365000
79310.038290	605.275000
79424.595600	609.742000
79430.011956	609.946000
79561.098931	614.938000
79564.107008	615.047000
79702.939842	620.125000
79703.832238	620.156000
79829.154591	624.711000
79843.463911	625.251000
79967.872505	629.762000
79987.790849	630.487000
80115.166111	635.066000
80136.351327	635.831000
80234.465706	639.443000
80264.914536	640.576000
80376.854545	644.808000
80405.272885	645.863000
80506.862919	649.733000
80549.211424	651.291000
80634.802044	654.497000
80674.220306	655.922000
80783.001918	659.955000
80817.821389	661.171000
80924.260078	665.158000
80959.209336	666.365000
81065.659119	670.252000
81095.213886	671.262000
81207.583778	675.264000
81236.468906	676.219000
81363.573420	680.725000
81386.322857	681.456000
81505.687595	685.713000
81533.230232	686.579000
81658.407471	690.946000
81670.664293	691.321000
81809.703720	695.965000
81827.467943	696.486000
81982.973887	701.538000
81987.677421	701.679000
82121.407693	706.200000
82131.820303	706.510000
82288.365603	711.622000
82293.903621	711.800000
82456.570626	716.654000
82458.369245	716.712000
82622.124199	721.468000
82639.200801	722.031000
82805.292074	726.860000
82808.194114	726.956000
82968.238963	731.529000
83001.292163	732.597000
83132.441887	736.508000
83155.719486	737.234000
83312.287499	741.883000
83338.567798	742.696000
83464.722223	746.330000
83515.904648	747.857000
83659.212531	751.774000
83697.278056	752.874000
83839.558822	756.568000
83898.853452	758.249000
84028.628908	761.437000
84086.354870	763.056000
84242.076228	766.695000
84312.608258	768.581000
84438.554531	771.533000
84520.022743	773.590000
84649.278430	776.646000
84731.398048	778.612000
84848.764977	781.338000
84960.407221	783.938000
85084.119759	786.666000
85191.106853	789.177000
85307.899452	791.687000
85407.557422	793.950000
85521.641571	796.300000
85664.484411	799.545000
85774.104358	801.682000
85893.480681	804.383000
86013.638247	806.688000
86151.043115	809.887000
86243.148275	811.571000
86359.588892	814.309000
86466.916471	816.435000
86643.741314	820.512000
86727.867828	822.142000
86845.989691	824.789000
86942.659529	826.486000
87128.281574	830.260000
87217.911675	831.612000
87429.024089	835.709000
87546.583090	837.345000
87716.940163	840.422000
87792.633529	841.453000
88046.803138	845.705000
88163.529855	847.005000
88463.000138	851.273000
88569.550477	852.137000
88807.252654	855.657000
89103.299911	851.273000
89629.638854	847.005000
89720.855201	845.705000
90102.641355	841.453000
90164.270910	840.422000
90390.176326	837.345000
90480.752918	835.709000
90775.153422	831.612000
90844.820004	830.260000
91095.015273	826.486000
91178.481253	824.789000
91329.267971	822.142000
91402.006406	820.512000
91612.425913	816.435000
91704.633325	814.309000
91842.856707	811.571000
91914.473215	809.887000
92089.440203	806.688000
92188.445586	804.383000
92329.246273	801.682000
92423.695441	799.545000
92590.151561	796.300000
92693.597069	793.950000
92803.457677	791.687000
92913.993031	789.177000
93030.832161	786.666000
93147.065053	783.938000
93264.972897	781.338000
93382.025496	778.612000
93466.670904	776.646000
93594.319710	773.590000
93681.321983	771.533000
93798.236987	768.581000
93878.702661	766.695000
94014.792830	763.056000
94084.073643	761.437000
94197.742800	758.249000
94266.172079	756.568000
94396.472117	752.874000
94438.840510	751.774000
94574.388381	747.857000
94630.255407	746.330000
94752.060864	742.696000
94780.284185	741.883000
94930.563534	737.234000
94955.013604	736.508000
95080.411245	732.597000
95116.225079	731.529000
95257.753432	726.956000
95261.113219	726.860000
95407.091882	722.031000
95426.456013	721.468000
95570.712349	716.712000
95572.709361	716.654000
95723.235223	711.800000
95729.200350	711.622000
95888.247240	706.510000
95897.740402	706.200000
96049.596557	701.679000
96053.767309	701.538000
96222.293937	696.486000
96238.330872	695.965000
96396.674541	691.321000
96407.901885	690.946000
96550.636662	686.579000
96575.459994	685.713000
96710.851454	681.456000
96731.348430	680.725000
96871.579567	676.219000
96898.518052	675.264000
97019.563373	671.262000
97047.922591	670.252000
97161.664553	666.365000
97194.719580	665.158000
97310.165057	661.171000
97342.627922	659.955000
97458.110592	655.922000
97496.546941	654.497000
97585.231115	651.291000
97626.825059	649.733000
97732.016790	645.863000
97759.711231	644.808000
97873.707832	640.576000
97903.676648	639.443000
98000.747411	635.831000
98021.527449	635.066000
98148.334119	630.487000
98168.501637	629.762000
98292.434944	625.251000
98307.327572	624.711000
98428.029331	620.156000
98428.882238	620.125000
98575.062521	615.047000
98578.042588	614.938000
98715.807008	609.946000
98721.163927	609.742000
98839.766202	605.275000
98863.103375	604.365000
98970.903804	600.215000
98984.749404	599.676000
99105.632766	594.976000
99131.350115	593.970000
99224.752139	590.322000
99254.999501	589.133000
99352.034198	585.387000
99386.989808	584.004000
99488.443884	580.041000
99529.398753	578.414000
99600.795554	575.583000
99648.140813	573.708000
99729.598473	570.435000
99794.733259	567.944000
99863.537327	565.259000
99912.908303	563.398000
99986.374894	560.510000
100071.107516	557.222000
100119.691623	555.319000
100187.320938	552.740000
100246.498568	550.396000
100335.205029	547.207000
100386.090115	545.240000
100482.346441	541.860000
100523.362282	540.271000
100624.421115	536.643000
100654.987576	535.482000
100762.508578	531.621000
100800.916108	530.132000
100908.977000	526.200000
100928.951885	525.407000
101044.200186	521.262000
101067.528442	520.310000
101188.325321	515.951000
101211.626062	515.009000
101325.866327	510.905000
101332.802518	510.628000
101466.620686	505.892000
101488.640344	504.993000
101604.770404	500.816000
101618.264991	500.264000
101738.189896	495.899000
101747.042681	495.543000
101877.125501	490.828000
101897.229316	490.016000
102008.664087	485.881000
102028.036412	485.093000
102140.262415	481.018000
102149.791736	480.636000
102283.998592	475.799000
102307.330776	474.886000
102415.433742	471.035000
102434.941790	470.271000
102556.616800	465.863000
102568.790373	465.384000
102688.867119	460.935000
102707.250894	460.219000
102822.310384	455.775000
102838.925851	455.120000
102945.872704	450.952000
102958.375650	450.473000
103078.613352	445.844000
103099.909357	445.054000
103210.238239	440.736000
103222.150062	440.307000
103343.679756	435.603000
103348.471222	435.436000
103469.814330	430.860000
103489.040085	430.208000
103614.981840	425.527000
103624.190126	425.214000
103748.788211	420.606000
103752.868739	420.465000
103893.145149	415.453000
103901.547321	415.167000
104036.816551	410.461000
104038.676742	410.396000
104187.928122	405.327000
104193.799158	405.127000
104326.593252	400.448000
104326.910836	400.437000
104479.322576	395.342000
104491.779860	394.906000
104625.600590	390.217000
104629.584827	390.076000
104755.062407	385.599000
104772.859991	384.951000
104907.552540	380.081000
104910.570492	379.967000
105035.954448	375.273000
105048.596216	374.776000
105166.975237	370.228000
105183.583973	369.562000
105297.370398	365.127000
105310.866972	364.580000
105426.682278	360.144000
105442.136234	359.503000
105568.658741	355.093000
105587.445449	354.326000
105717.643494	349.919000
105735.673150	349.213000
105870.071287	344.932000
105892.573815	344.079000
106030.651536	339.886000
106057.085728	338.969000
106201.885119	334.400000
106222.779399	333.681000
106342.260279	329.779000
106374.764719	328.662000
106505.202131	324.327000
106533.554036	323.373000
106660.209865	319.214000
106689.666159	318.264000
106817.040468	314.026000
106853.331844	312.979000
106984.080147	309.113000
107025.435606	307.959000
107160.748000	303.864000
107210.155644	302.446000
107336.472150	298.680000
107365.306951	297.810000
107509.061210	293.920000
107571.840151	292.052000
107703.360727	288.916000
107763.607559	287.172000
107945.241584	283.681000
108008.357533	282.056000
108245.835184	278.949000
108344.260844	276.755000
108582.070518	282.056000
108706.274311	283.681000
108841.866789	287.172000
108932.605758	288.916000
109040.939510	292.052000
109119.281486	293.920000
109250.014933	297.810000
109282.165629	298.680000
109406.983859	302.446000
109454.545411	303.864000
109597.228274	307.959000
109635.360265	309.113000
109773.904639	312.979000
109809.314228	314.026000
109956.212847	318.264000
109984.765370	319.214000
110113.721923	323.373000
110142.774498	324.327000
110271.606267	328.662000
110305.216091	329.779000
110418.763381	333.681000
110440.779463	334.400000
110573.555487	338.969000
110602.616779	339.886000
110723.487628	344.079000
110751.577372	344.932000
110864.512098	349.213000
110886.676331	349.919000
110999.221223	354.326000
111021.881059	355.093000
111129.898511	359.503000
111148.288744	360.144000
111255.236872	364.580000
111269.517975	365.127000
111378.946328	369.562000
111396.033534	370.228000
111509.451748	374.776000
111522.388066	375.273000
111641.785373	379.967000
111644.830488	380.081000
111773.755244	384.951000
111791.677373	385.599000
111914.640001	390.076000
111918.591830	390.217000
112051.088879	394.906000
112063.532009	395.342000
112209.105092	400.437000
112209.434146	400.448000
112344.523043	405.127000
112350.199217	405.327000
112499.000625	410.396000
112500.914482	410.461000
112635.592367	415.167000
112643.813149	415.453000
112791.056803	420.465000
112795.003126	420.606000
112928.358251	425.214000
112936.821619	425.527000
113074.534042	430.208000
113092.076025	430.860000
113227.010160	435.436000
113231.438547	435.603000
113366.402977	440.307000
113377.486361	440.736000
113497.382051	445.054000
113517.567280	445.844000
113642.351083	450.473000
113654.793048	450.952000
113763.586946	455.120000
113780.393613	455.775000
113893.125118	460.219000
113911.663056	460.935000
114025.894082	465.384000
114038.822102	465.863000
114150.849476	470.271000
114171.938339	471.035000
114270.270139	474.886000
114295.899329	475.799000
114419.511346	480.636000
114430.110275	481.018000
114531.764680	485.093000
114553.466297	485.881000
114655.121836	490.016000
114677.004553	490.828000
114793.740374	495.543000
114803.562110	495.899000
114912.108192	500.264000
114927.273953	500.816000
115029.387879	504.993000
115054.382115	505.892000
115170.383339	510.628000
115178.210120	510.905000
115280.975923	515.009000
115307.197739	515.951000
115415.019324	520.310000
115441.401207	521.262000
115542.972237	525.407000
115565.020947	526.200000
115664.064136	530.132000
115704.985466	531.621000
115804.576783	535.482000
115836.908273	536.643000
115932.425174	540.271000
115976.687160	541.860000
116063.932939	545.240000
116119.949564	547.207000
116202.447042	550.396000
116267.648655	552.740000
116332.759196	555.319000
116382.661711	557.222000
116466.605244	560.510000
116541.029761	563.398000
116588.370940	565.259000
116659.602037	567.944000
116723.434787	570.435000
116809.017346	573.708000
116855.681908	575.583000
116927.166937	578.414000
116968.199291	580.041000
117067.955988	584.004000
117103.361233	585.387000
117198.042155	589.133000
117228.841476	590.322000
117321.644147	593.970000
117347.401394	594.976000
117467.552033	599.676000
117481.415039	600.215000
117588.018458	604.365000
117611.656624	605.275000
117726.213934	609.742000
117731.630290	609.946000
117862.717265	614.938000
117865.725342	615.047000
118004.558176	620.125000
118005.450572	620.156000
118130.772925	624.711000
118145.082245	625.251000
118269.490839	629.762000
118289.409183	630.487000
118416.784445	635.066000
118437.969661	635.831000
118536.084040	639.443000
118566.532870	640.576000
118678.472879	644.808000
118706.891219	645.863000
118808.481253	649.733000
118850.829758	651.291000
118936.420378	654.497000
118975.838640	655.922000
119084.620252	659.955000
119119.439723	661.171000
119225.878412	665.158000
119260.827670	666.365000
119367.277453	670.252000
119396.832220	671.262000
119509.202112	675.264000
119538.087240	676.219000
119665.191754	680.725000
119687.941191	681.456000
119807.305929	685.713000
119834.848566	686.579000
119960.025805	690.946000
119972.282627	691.321000
120111.322054	695.965000
120129.086277	696.486000
120284.592221	701.538000
120289.295755	701.679000
120423.026027	706.200000
120433.438637	706.510000
120589.983937	711.622000
120595.521955	711.800000
120758.188960	716.654000
120759.987579	716.712000
120923.742533	721.468000
120940.819135	722.031000
121106.910408	726.860000
121109.812448	726.956000
121269.857297	731.529000
121302.910497	732.597000
121434.060221	736.508000
121457.337820	737.234000
121613.905833	741.883000
121640.186132	742.696000
121766.340557	746.330000
121817.522982	747.857000
121960.830865	751.774000
121998.896390	752.874000
122141.177156	756.568000
122200.471786	758.249000
122330.247242	761.437000
122387.973204	763.056000
122543.694562	766.695000
122614.226592	768.581000
122740.172865	771.533000
122821.641077	773.590000
122950.896764	776.646000
123033.016382	778.612000
123150.383311	781.338000
123262.025555	783.938000
123385.738093	786.666000
123492.725187	789.177000
123609.517786	791.687000
123709.175756	793.950000
123823.259905	796.300000
123966.102745	799.545000
124075.722692	801.682000
124195.099015	804.383000
124315.256581	806.688000
124452.661449	809.887000
124544.766609	811.571000
124661.207226	814.309000
124768.534805	816.435000
124945.359648	820.512000
125029.486162	822.142000
125147.608025	824.789000
125244.277863	826.486000
125429.899908	830.260000
125519.530009	831.612000
125730.642423	835.709000
125848.201424	837.345000
126018.558497	840.422000
126094.251862	841.453000
126348.421472	845.705000
126465.148189	847.005000
126764.618472	851.273000
126871.168811	852.137000
127108.870988	855.657000
127404.918245	851.273000
127931.257188	847.005000
128022.473535	845.705000
128404.259689	841.453000
128465.889244	840.422000
128691.794660	837.345000
128782.371252	835.709000
129076.771756	831.612000
129146.438338	830.260000
129396.633607	826.486000
129480.099587	824.789000
129630.886305	822.142000
129703.624740	820.512000
129914.044247	816.435000
130006.251659	814.309000
130144.475041	811.571000
130216.091549	809.887000
130391.058537	806.688000
130490.063920	804.383000
130630.864607	801.682000
130725.313775	799.545000
130891.769895	796.300000
130995.215403	793.950000
131105.076011	791.687000
131215.611365	789.177000
131332.450495	786.666000
131448.683386	783.938000
131566.591231	781.338000
131683.643830	778.612000
131768.289238	776.646000
131895.938044	773.590000
131982.940317	771.533000
132099.855321	768.581000
132180.320995	766.695000
132316.411164	763.056000
132385.691977	761.437000
132499.361134	758.249000
132567.790413	756.568000
132698.090451	752.874000
132740.458844	751.774000
132876.006715	747.857000
132931.873741	746.330000
133053.679198	742.696000
133081.902519	741.883000
133232.181868	737.234000
133256.631938	736.508000
133382.029579	732.597000
133417.843413	731.529000
133559.371766	726.956000
133562.731553	726.860000
133708.710216	722.031000
133728.074347	721.468000
133872.330683	716.712000
133874.327695	716.654000
134024.853557	711.800000
134030.818684	711.622000
134189.865574	706.510000
134199.358736	706.200000
134351.214891	701.679000
134355.385643	701.538000
134523.912271	696.486000
134539.949206	695.965000
134698.292875	691.321000
134709.520219	690.946000
134852.254996	686.579000
134877.078328	685.713000
135012.469788	681.456000
135032.966764	680.725000
135173.197901	676.219000
135200.136386	675.264000
135321.181707	671.262000
135349.540925	670.252000
135463.282887	666.365000
135496.337914	665.158000
135611.783391	661.171000
135644.246256	659.955000
135759.728925	655.922000
135798.165275	654.497000
135886.849449	651.291000
135928.443393	649.733000
136033.635124	645.863000
136061.329565	644.808000
136175.326165	640.576000
136205.294982	639.443000
136302.365745	635.831000
136323.145783	635.066000
136449.952453	630.487000
136470.119971	629.762000
136594.053278	625.251000
136608.945906	624.711000
136729.647665	620.156000
136730.500572	620.125000
136876.680855	615.047000
136879.660922	614.938000
137017.425342	609.946000
137022.782261	609.742000
137141.384536	605.275000
137164.721709	604.365000
137272.522138	600.215000
137286.367738	599.676000
137407.251100	594.976000
137432.968449	593.970000
137526.370473	590.322000
137556.617835	589.133000
137653.652532	585.387000
137688.608142	584.004000
137790.062218	580.041000
137831.017087	578.414000
137902.413888	575.583000
137949.759147	573.708000
138031.216807	570.435000
138096.351593	567.944000
138165.155661	565.259000
138214.526637	563.398000
138287.993228	560.510000
138372.725850	557.222000
138421.309957	555.319000
138488.939272	552.740000
138548.116901	550.396000
138636.823363	547.207000
138687.708449	545.240000
138783.964775	541.860000
138824.980616	540.271000
138926.039449	536.643000
138956.605910	535.482000
139064.126912	531.621000
139102.534442	530.132000
139210.595334	526.200000
139230.570219	525.407000
139345.818520	521.262000
139369.146776	520.310000
139489.943655	515.951000
139513.244396	515.009000
139627.484661	510.905000
139634.420852	510.628000
139768.239020	505.892000
139790.258678	504.993000
139906.388738	500.816000
139919.883325	500.264000
140039.808230	495.899000
140048.661015	495.543000
140178.743835	490.828000
140198.847650	490.016000
140310.282421	485.881000
140329.654746	485.093000
140441.880749	481.018000
140451.410070	480.636000
140585.616926	475.799000
140608.949110	474.886000
140717.052076	471.035000
140736.560124	470.271000
140858.235134	465.863000
140870.408707	465.384000
140990.485453	460.935000
141008.869228	460.219000
141123.928718	455.775000
141140.544185	455.120000
141247.491038	450.952000
141259.993984	450.473000
141380.231686	445.844000
141401.527691	445.054000
141511.856573	440.736000
141523.768396	440.307000
141645.298090	435.603000
141650.089556	435.436000
141771.432664	430.860000
141790.658419	430.208000
141916.600174	425.527000
141925.808460	425.214000
142050.406545	420.606000
142054.487073	420.465000
142194.763483	415.453000
142203.165655	415.167000
142338.434885	410.461000
142340.295076	410.396000
142489.546456	405.327000
142495.417492	405.127000
142628.211586	400.448000
142628.529170	400.437000
142780.940910	395.342000
142793.398194	394.906000
142927.218924	390.217000
142931.203161	390.076000
143056.680741	385.599000
143074.478325	384.951000
143209.170874	380.081000
143212.188826	379.967000
143337.572782	375.273000
143350.214550	374.776000
143468.593571	370.228000
143485.202307	369.562000
143598.988732	365.127000
143612.485306	364.580000
143728.300612	360.144000
143743.754568	359.503000
143870.277075	355.093000
143889.063783	354.326000
144019.261828	349.919000
144037.291483	349.213000
144171.689621	344.932000
144194.192149	344.079000
144332.269870	339.886000
144358.704062	338.969000
144503.503453	334.400000
144524.397733	333.681000
144643.878613	329.779000
144676.383053	328.662000
144806.820465	324.327000
144835.172370	323.373000
144961.828199	319.214000
144991.284493	318.264000
145118.658802	314.026000
145154.950178	312.979000
145285.698481	309.113000
145327.053940	307.959000
145462.366334	303.864000
145511.773978	302.446000
145638.090484	298.680000
145666.925285	297.810000
145810.679544	293.920000
145873.458485	292.052000
146004.979061	288.916000
146065.225893	287.172000
146246.859918	283.681000
146309.975867	282.056000
146547.453518	278.949000
146645.879178	276.755000
146883.688852	282.056000
147007.892645	283.681000
147143.485123	287.172000
147234.224092	288.916000
147342.557844	292.052000
147420.899820	293.920000
147551.633267	297.810000
147583.783963	298.680000
147708.602193	302.446000
147756.163745	303.864000
147898.846608	307.959000
147936.978599	309.113000
148075.522973	312.979000
148110.932562	314.026000
148257.831181	318.264000
148286.383704	319.214000
148415.340257	323.373000
148444.392832	324.327000
148573.224601	328.662000
148606.834425	329.779000
148720.381715	333.681000
148742.397797	334.400000
148875.173821	338.969000
148904.235113	339.886000
149025.105962	344.079000
149053.195706	344.932000
149166.130432	349.213000
149188.294665	349.919000
149300.839557	354.326000
149323.499393	355.093000
149431.516845	359.503000
149449.907078	360.144000
149556.855206	364.580000
149571.136309	365.127000
149680.564662	369.562000
149697.651868	370.228000
149811.070082	374.776000
149824.006400	375.273000
149943.403707	379.967000
149946.448822	380.081000
150075.373578	384.951000
150093.295707	385.599000
150216.258335	390.076000
150220.210164	390.217000
150352.707213	394.906000
150365.150343	395.342000
150510.723426	400.437000
150511.052480	400.448000
150646.141377	405.127000
150651.817551	405.327000
150800.618959	410.396000
150802.532816	410.461000
150937.210701	415.167000
150945.431483	415.453000
151092.675137	420.465000
151096.621460	420.606000
151229.976585	425.214000
151238.439953	425.527000
151376.152376	430.208000
151393.694359	430.860000
151528.628494	435.436000
151533.056881	435.603000
151668.021311	440.307000
151679.104695	440.736000
151799.000385	445.054000
151819.185614	445.844000
151943.969417	450.473000
151956.411382	450.952000
152065.205280	455.120000
152082.011947	455.775000
152194.743452	460.219000
152213.281390	460.935000
152327.512416	465.384000
152340.440436	465.863000
152452.467810	470.271000
152473.556673	471.035000
152571.888473	474.886000
152597.517663	475.799000
152721.129680	480.636000
152731.728609	481.018000
152833.383014	485.093000
152855.084631	485.881000
152956.740170	490.016000
152978.622887	490.828000
153095.358708	495.543000
153105.180444	495.899000
153213.726526	500.264000
153228.892287	500.816000
153331.006213	504.993000
153356.000449	505.892000
153472.001673	510.628000
153479.828454	510.905000
153582.594257	515.009000
153608.816073	515.951000
153716.637658	520.310000
153743.019541	521.262000
153844.590571	525.407000
153866.639281	526.200000
153965.682470	530.132000
154006.603800	531.621000
154106.195117	535.482000
154138.526607	536.643000
154234.043508	540.271000
154278.305494	541.860000
154365.551273	545.240000
154421.567898	547.207000
154504.065376	550.396000
154569.266989	552.740000
154634.377530	555.319000
154684.280045	557.222000
154768.223578	560.510000
154842.648095	563.398000
154889.989274	565.259000
154961.220371	567.944000
155025.053121	570.435000
155110.635680	573.708000
155157.300242	575.583000
155228.785271	578.414000
155269.817625	580.041000
155369.574322	584.004000
155404.979567	585.387000
155499.660489	589.133000
155530.459810	590.322000
155623.262481	593.970000
155649.019728	594.976000
155769.170367	599.676000
155783.033373	600.215000
155889.636792	604.365000
155913.274958	605.275000
156027.832268	609.742000
156033.248624	609.946000
156164.335599	614.938000
156167.343676	615.047000
156306.176510	620.125000
156307.068906	620.156000
156432.391259	624.711000
156446.700579	625.251000
156571.109173	629.762000
156591.027517	630.487000
156718.402779	635.066000
156739.587995	635.831000
156837.702374	639.443000
156868.151204	640.576000
156980.091213	644.808000
157008.509553	645.863000
157110.099587	649.733000
157152.448092	651.291000
157238.038712	654.497000
157277.456974	655.922000
157386.238586	659.955000
157421.058057	661.171000
157527.496746	665.158000
157562.446004	666.365000
157668.895787	670.252000
157698.450554	671.262000
157810.820446	675.264000
157839.705574	676.219000
157966.810088	680.725000
157989.559525	681.456000
158108.924263	685.713000
158136.466900	686.579000
158261.644139	690.946000
158273.900961	691.321000
158412.940388	695.965000
158430.704611	696.486000
158586.210555	701.538000
158590.914089	701.679000
158724.644361	706.200000
158735.056971	706.510000
158891.602271	711.622000
158897.140289	711.800000
159059.807294	716.654000
159061.605913	716.712000
159225.360867	721.468000
159242.437469	722.031000
159408.528742	726.860000
159411.430782	726.956000
159571.475631	731.529000
159604.528831	732.597000
159735.678555	736.508000
159758.956153	737.234000
159915.524167	741.883000
159941.804466	742.696000
160067.958891	746.330000
160119.141316	747.857000
160262.449199	751.774000
160300.514724	752.874000
160442.795490	756.568000
160502.090120	758.249000
160631.865576	761.437000
160689.591538	763.056000
160845.312896	766.695000
160915.844926	768.581000
161041.791199	771.533000
161123.259411	773.590000
161252.515098	776.646000
161334.634716	778.612000
161452.001645	781.338000
161563.643889	783.938000
161687.356427	786.666000
161794.343521	789.177000
161911.136120	791.687000
162010.794090	793.950000
162124.878239	796.300000
162267.721079	799.545000
162377.341026	801.682000
162496.717349	804.383000
162616.874915	806.688000
162754.279783	809.887000
162846.384943	811.571000
162962.825560	814.309000
163070.153139	816.435000
163246.977982	820.512000
163331.104496	822.142000
163449.226359	824.789000
163545.896197	826.486000
163731.518242	830.260000
163821.148343	831.612000
164032.260757	835.709000
164149.819758	837.345000
164320.176831	840.422000
164395.870196	841.453000
164650.039806	845.705000
164766.766523	847.005000
165066.236806	851.273000
165172.787145	852.137000
165410.489322	855.657000
165706.536579	851.273000
166232.875522	847.005000
166324.091869	845.705000
166705.878023	841.453000
166767.507578	840.422000
166993.412994	837.345000
167083.989586	835.709000
167378.390090	831.612000
167448.056672	830.260000
167698.251941	826.486000
167781.717921	824.789000
167932.504639	822.142000
168005.243074	820.512000
168215.662581	816.435000
168307.869993	814.309000
168446.093375	811.571000
168517.709883	809.887000
168692.676871	806.688000
168791.682254	804.383000
168932.482941	801.682000
169026.932109	799.545000
169193.388229	796.300000
169296.833737	793.950000
169406.694345	791.687000
169517.229699	789.177000
169634.068829	786.666000
169750.301720	783.938000
169868.209565	781.338000
169985.262164	778.612000
170069.907572	776.646000
170197.556378	773.590000
170284.558651	771.533000
170401.473655	768.581000
170481.939329	766.695000
170618.029498	763.056000
170687.310311	761.437000
170800.979468	758.249000
170869.408747	756.568000
170999.708785	752.874000
171042.077178	751.774000
171177.625049	747.857000
171233.492075	746.330000
171355.297532	742.696000
171383.520853	741.883000
171533.800202	737.234000
171558.250272	736.508000
171683.647913	732.597000
171719.461747	731.529000
171860.990100	726.956000
171864.349887	726.860000
172010.328550	722.031000
172029.692681	721.468000
172173.949017	716.712000
172175.946029	716.654000
172326.471891	711.800000
172332.437018	711.622000
172491.483908	706.510000
172500.977069	706.200000
172652.833225	701.679000
172657.003976	701.538000
172825.530605	696.486000
172841.567540	695.965000
172999.911209	691.321000
173011.138553	690.946000
173153.873330	686.579000
173178.696662	685.713000
173314.088122	681.456000
173334.585098	680.725000
173474.816235	676.219000
173501.754719	675.264000
173622.800041	671.262000
173651.159259	670.252000
173764.901221	666.365000
173797.956247	665.158000
173913.401725	661.171000
173945.864590	659.955000
174061.347259	655.922000
174099.783609	654.497000
174188.467783	651.291000
174230.061727	649.733000
174335.253458	645.863000
174362.947899	644.808000
174476.944499	640.576000
174506.913316	639.443000
174603.984079	635.831000
174624.764117	635.066000
174751.570787	630.487000
174771.738305	629.762000
174895.671612	625.251000
174910.564239	624.711000
175031.265999	620.156000
175032.118906	620.125000
175178.299189	615.047000
175181.279256	614.938000
175319.043676	609.946000
175324.400595	609.742000
175443.002870	605.275000
175466.340043	604.365000
175574.140472	600.215000
175587.986072	599.676000
175708.869434	594.976000
175734.586783	593.970000
175827.988807	590.322000
175858.236169	589.133000
175955.270866	585.387000
175990.226476	584.004000
176091.680552	580.041000
176132.635421	578.414000
176204.032222	575.583000
176251.377481	573.708000
176332.835141	570.435000
176397.969927	567.944000
176466.773995	565.259000
176516.144971	563.398000
176589.611562	560.510000
176674.344184	557.222000
176722.928291	555.319000
176790.557606	552.740000
176849.735235	550.396000
176938.441697	547.207000
176989.326783	545.240000
177085.583109	541.860000
177126.598950	540.271000
177227.657783	536.643000
177258.224244	535.482000
177365.745246	531.621000
177404.152776	530.132000
177512.213668	526.200000
177532.188553	525.407000
177647.436854	521.262000
177670.765110	520.310000
177791.561989	515.951000
177814.862730	515.009000
177929.102995	510.905000
177936.039186	510.628000
178069.857354	505.892000
178091.877012	504.993000
178208.007072	500.816000
178221.501659	500.264000
178341.426564	495.899000
178350.279349	495.543000
178480.362169	490.828000
178500.465984	490.016000
178611.900755	485.881000
178631.273080	485.093000
178743.499083	481.018000
178753.028404	480.636000
178887.235260	475.799000
178910.567444	474.886000
179018.670410	471.035000
179038.178458	470.271000
179159.853468	465.863000
179172.027041	465.384000
179292.103787	460.935000
179310.487562	460.219000
179425.547052	455.775000
179442.162519	455.120000
179549.109372	450.952000
179561.612318	450.473000
179681.850020	445.844000
179703.146025	445.054000
179813.474907	440.736000
179825.386730	440.307000
179946.916424	435.603000
179951.707890	435.436000
180073.050998	430.860000
180092.276753	430.208000
180218.218508	425.527000
180227.426794	425.214000
180352.024879	420.606000
180356.105407	420.465000
180496.381817	415.453000
180504.783989	415.167000
180640.053219	410.461000
180641.913410	410.396000
180791.164790	405.327000
180797.035826	405.127000
180929.829920	400.448000
180930.147504	400.437000
181082.559244	395.342000
181095.016528	394.906000
181228.837258	390.217000
181232.821495	390.076000
181358.299075	385.599000
181376.096659	384.951000
181510.789208	380.081000
181513.807160	379.967000
181639.191115	375.273000
181651.832884	374.776000
181770.211905	370.228000
181786.820641	369.562000
181900.607065	365.127000
181914.103640	364.580000
182029.918946	360.144000
182045.372902	359.503000
182171.895409	355.093000
182190.682117	354.326000
182320.880162	349.919000
182338.909817	349.213000
182473.307955	344.932000
182495.810483	344.079000
182633.888204	339.886000
182660.322396	338.969000
182805.121787	334.400000
182826.016067	333.681000
182945.496947	329.779000
182978.001387	328.662000
183108.438799	324.327000
183136.790704	323.373000
183263.446533	319.214000
183292.902827	318.264000
183420.277136	314.026000
183456.568512	312.979000
183587.316814	309.113000
183628.672274	307.959000
183763.984668	303.864000
183813.392312	302.446000
183939.708818	298.680000
183968.543619	297.810000
184112.297878	293.920000
184175.076819	292.052000
184306.597395	288.916000
184366.844227	287.172000
184548.478252	283.681000
184611.594200	282.056000
184849.071852	278.949000
184947.497512	276.755000
185185.307186	282.056000
185309.510979	283.681000
185445.103457	287.172000
185535.842426	288.916000
185644.176178	292.052000
185722.518154	293.920000
185853.251601	297.810000
185885.402297	298.680000
186010.220527	302.446000
186057.782079	303.864000
186200.464942	307.959000
186238.596933	309.113000
186377.141307	312.979000
186412.550896	314.026000
186559.449515	318.264000
186588.002038	319.214000
186716.958591	323.373000
186746.011166	324.327000
186874.842935	328.662000
186908.452759	329.779000
187022.000049	333.681000
187044.016131	334.400000
187176.792155	338.969000
187205.853447	339.886000
187326.724296	344.079000
187354.814040	344.932000
187467.748765	349.213000
187489.912999	349.919000
187602.457890	354.326000
187625.117727	355.093000
187733.135179	359.503000
187751.525412	360.144000
187858.473540	364.580000
187872.754643	365.127000
187982.182996	369.562000
187999.270202	370.228000
188112.688416	374.776000
188125.624734	375.273000
188245.022041	379.967000
188248.067156	380.081000
188376.991911	384.951000
188394.914041	385.599000
188517.876669	390.076000
188521.828498	390.217000
188654.325547	394.906000
188666.768677	395.342000
188812.341760	400.437000
188812.670814	400.448000
188947.759711	405.127000
188953.435885	405.327000
189102.237293	410.396000
189104.151150	410.461000
189238.829035	415.167000
189247.049817	415.453000
189394.293471	420.465000
189398.239794	420.606000
189531.594919	425.214000
189540.058287	425.527000
189677.770710	430.208000
189695.312693	430.860000
189830.246828	435.436000
189834.675215	435.603000
189969.639645	440.307000
189980.723029	440.736000
190100.618719	445.054000
190120.803948	445.844000
190245.587751	450.473000
190258.029716	450.952000
190366.823614	455.120000
190383.630281	455.775000
190496.361786	460.219000
190514.899724	460.935000
190629.130749	465.384000
190642.058770	465.863000
190754.086144	470.271000
190775.175007	471.035000
190873.506807	474.886000
190899.135997	475.799000
191022.748014	480.636000
191033.346943	481.018000
191135.001348	485.093000
191156.702965	485.881000
191258.358504	490.016000
191280.241221	490.828000
191396.977042	495.543000
191406.798778	495.899000
191515.344860	500.264000
191530.510621	500.816000
191632.624547	504.993000
191657.618783	505.892000
191773.620007	510.628000
191781.446788	510.905000
191884.212591	515.009000
191910.434407	515.951000
192018.255992	520.310000
192044.637875	521.262000
192146.208905	525.407000
192168.257615	526.200000
192267.300804	530.132000
192308.222134	531.621000
192407.813451	535.482000
192440.144941	536.643000
192535.661842	540.271000
192579.923828	541.860000
192667.169607	545.240000
192723.186232	547.207000
192805.683710	550.396000
192870.885323	552.740000
192935.995864	555.319000
192985.898379	557.222000
193069.841912	560.510000
193144.266429	563.398000
193191.607608	565.259000
193262.838705	567.944000
193326.671455	570.435000
193412.254013	573.708000
193458.918576	575.583000
193530.403605	578.414000
193571.435959	580.041000
193671.192656	584.004000
193706.597901	585.387000
193801.278823	589.133000
193832.078144	590.322000
193924.880815	593.970000
193950.638062	594.976000
194070.788701	599.676000
194084.651707	600.215000
194191.255126	604.365000
194214.893292	605.275000
194329.450602	609.742000
194334.866958	609.946000
194465.953933	614.938000
194468.962010	615.047000
194607.794844	620.125000
194608.687240	620.156000
194734.009593	624.711000
194748.318913	625.251000
194872.727507	629.762000
194892.645851	630.487000
195020.021113	635.066000
195041.206328	635.831000
195139.320708	639.443000
195169.769538	640.576000
195281.709547	644.808000
195310.127887	645.863000
195411.717921	649.733000
195454.066426	651.291000
195539.657046	654.497000
195579.075308	655.922000
195687.856920	659.955000
195722.676391	661.171000
195829.115080	665.158000
195864.064338	666.365000
195970.514121	670.252000
196000.068888	671.262000
196112.438780	675.264000
196141.323908	676.219000
196268.428422	680.725000
196291.177859	681.456000
196410.542597	685.713000
196438.085234	686.579000
196563.262473	690.946000
196575.519295	691.321000
196714.558722	695.965000
196732.322945	696.486000
196887.828889	701.538000
196892.532423	701.679000
197026.262695	706.200000
197036.675305	706.510000
197193.220605	711.622000
197198.758623	711.800000
197361.425628	716.654000
197363.224247	716.712000
197526.979201	721.468000
197544.055803	722.031000
197710.147076	726.860000
197713.049116	726.956000
197873.093965	731.529000
197906.147165	732.597000
198037.296889	736.508000
198060.574487	737.234000
198217.142501	741.883000
198243.422800	742.696000
198369.577225	746.330000
198420.759650	747.857000
198564.067533	751.774000
198602.133058	752.874000
198744.413824	756.568000
198803.708454	758.249000
198933.483910	761.437000
198991.209872	763.056000
199146.931230	766.695000
199217.463260	768.581000
199343.409533	771.533000
199424.877745	773.590000
199554.133432	776.646000
199636.253050	778.612000
199753.619979	781.338000
199865.262223	783.938000
