0.000000	500.000000
23.298888	500.816000
128.548381	504.993000
154.548609	505.892000
274.126093	510.628000
282.278891	510.905000
388.362726	515.009000
415.642684	515.951000
526.857368	520.310000
554.293806	521.262000
658.999152	525.407000
681.935428	526.200000
784.216349	530.132000
826.744844	531.621000
929.758114	535.482000
963.395451	536.643000
1062.338729	540.271000
1108.389418	541.860000
1198.637399	545.240000
1257.026591	547.207000
1342.376074	550.396000
1410.204810	552.740000
1477.454004	555.319000
1529.131675	557.222000
1615.897882	560.510000
1692.874643	563.398000
1741.795736	565.259000
1815.623422	567.944000
1881.619418	570.435000
1970.228057	573.708000
2018.380126	575.583000
2092.214041	578.414000
2134.591168	580.041000
2237.604312	584.004000
2274.206957	585.387000
2372.005251	589.133000
2403.872287	590.322000
2499.772250	593.970000
2526.400838	594.976000
2650.602847	599.676000
2664.939308	600.215000
2775.173886	604.365000
2799.636339	605.275000
2918.082246	609.742000
2923.696383	609.946000
3059.460057	614.938000
3062.587320	615.047000
3206.813155	620.125000
3207.744226	620.156000
3338.000205	624.711000
3352.829878	625.251000
3482.160958	629.762000
3502.861052	630.487000
3635.368899	635.066000
3657.399718	635.831000
3759.273509	639.443000
3790.862978	640.576000
3906.858161	644.808000
3936.346292	645.863000
4041.558141	649.733000
4085.531556	651.291000
4174.283951	654.497000
4215.271837	655.922000
4328.160054	659.955000
4364.471555	661.171000
4474.841983	665.158000
4511.324812	666.365000
4621.924412	670.252000
4652.805508	671.262000
4769.793987	675.264000
4800.070438	676.219000
4932.450400	680.725000
4956.364865	681.456000
5080.621315	685.713000
5109.642138	686.579000
5240.195211	690.946000
5253.149941	691.321000
5398.741897	695.965000
5417.615308	696.486000
5580.898889	701.538000
5585.882400	701.679000
5725.754083	706.200000
5736.795888	706.510000
5901.084700	711.622000
5906.906159	711.800000
6079.353337	716.654000
6081.243365	716.712000
6255.444415	721.468000
6273.348532	722.031000
6450.010192	726.860000
6453.051851	726.956000
6623.678879	731.529000
6658.404663	732.597000
6797.450716	736.508000
6821.999658	737.234000
6988.083140	741.883000
7015.824338	742.696000
7150.172624	746.330000
7204.433606	747.857000
7358.194286	751.774000
7398.715029	752.874000
7552.638411	756.568000
7615.921947	758.249000
7757.736046	761.437000
7819.438788	763.056000
7991.366853	766.695000
8067.301194	768.581000
8206.264789	771.533000
8294.832654	773.590000
8437.181605	776.646000
8527.382964	778.612000
8657.139575	781.338000
8780.493911	783.938000
8918.959359	786.666000
9036.969781	789.177000
9168.570570	791.687000
9279.318603	793.950000
9409.428845	796.300000
9568.151657	799.545000
9695.418387	801.682000
9828.191945	804.383000
9968.493578	806.688000
10120.323467	809.887000
10229.895377	811.571000
10358.281379	814.309000
10482.211059	816.435000
10678.023573	820.512000
10775.902897	822.142000
10907.584957	824.789000
11024.665368	826.486000
11237.209592	830.260000
11356.033619	831.612000
11601.519084	835.709000
11768.842386	837.345000
11972.551332	840.422000
12082.796376	841.453000
12398.163662	845.705000
12653.238202	847.005000
13069.660719	851.273000
13612.922335	845.705000
14447.212292	841.453000
14523.680700	840.422000
14852.704951	837.345000
14961.014289	835.709000
15380.038476	831.612000
15461.048080	830.260000
15792.735859	826.486000
15888.307547	824.789000
16070.930911	822.142000
16152.019599	820.512000
16396.838006	816.435000
16498.946764	814.309000
16658.551404	811.571000
16737.514891	809.887000
16945.662480	806.688000
17055.061634	804.383000
17219.467149	801.682000
17324.516054	799.545000
17517.768529	796.300000
17632.714170	793.950000
17758.007565	791.687000
17880.843431	789.177000
18012.496650	786.666000
18140.705504	783.938000
18272.674040	781.338000
18402.006316	778.612000
18495.587203	776.646000
18635.798471	773.590000
18731.613848	771.533000
18858.717561	768.581000
18947.499858	766.695000
19094.013680	763.056000
19170.504897	761.437000
19292.004798	758.249000
19366.781931	756.568000
19505.847597	752.874000
19551.682930	751.774000
19695.973611	747.857000
19755.915546	746.330000
19885.047444	742.696000
19915.103899	741.883000
20073.737143	737.234000
20099.673174	736.508000
20231.919613	732.597000
20269.889745	731.529000
20418.579828	726.956000
20422.161765	726.860000
20575.163560	722.031000
20595.760063	721.468000
20747.006924	716.712000
20749.131327	716.654000
20907.307099	711.800000
20913.630873	711.622000
21080.817954	706.510000
21090.780695	706.200000
21251.812949	701.679000
21256.175237	701.538000
21434.733355	696.486000
21451.572379	695.965000
21619.802933	691.321000
21631.559389	690.946000
21782.421533	686.579000
21808.310922	685.713000
21950.968709	681.456000
21972.305675	680.725000
22119.718228	676.219000
22147.774789	675.264000
22274.650553	671.262000
22304.175381	670.252000
22423.021739	666.365000
22457.365376	665.158000
22577.876594	661.171000
22611.538605	659.955000
22731.969758	655.922000
22771.857114	654.497000
22864.072666	651.291000
22907.203119	649.733000
23016.431050	645.863000
23045.112833	644.808000
23163.400769	640.576000
23194.455245	639.443000
23295.162362	635.831000
23316.738622	635.066000
23448.606749	630.487000
23469.586918	629.762000
23598.384330	625.251000
23613.866215	624.711000
23738.957251	620.156000
23739.843735	620.125000
23892.359151	615.047000
23895.454980	614.938000
24038.677914	609.946000
24044.225949	609.742000
24167.159020	605.275000
24191.288363	604.365000
24302.847904	600.215000
24317.165117	599.676000
24442.176926	594.976000
24468.761441	593.970000
24565.323161	590.322000
24596.580030	589.133000
24696.978614	585.387000
24733.085138	584.004000
24837.970375	580.041000
24880.262171	578.414000
24953.998892	575.583000
25002.899842	573.708000
25086.954095	570.435000
25154.391956	567.944000
25225.527745	565.259000
25276.698443	563.398000
25352.616829	560.510000
25440.255191	557.222000
25490.472981	555.319000
25560.508038	552.740000
25621.629445	550.396000
25713.910094	547.207000
25766.554319	545.240000
25866.887552	541.860000
25909.314783	540.271000
26014.457576	536.643000
26046.120516	535.482000
26157.984219	531.621000
26197.711430	530.132000
26310.016360	526.200000
26330.644227	525.407000
26450.531826	521.262000
26474.579954	520.310000
26600.205411	515.951000
26624.239417	515.009000
26743.089680	510.905000
26750.249822	510.628000
26889.642049	505.892000
26912.340562	504.993000
27033.144735	500.816000
27047.053693	500.264000
27171.685610	495.899000
27180.820108	495.543000
27316.053960	490.828000
27336.791665	490.016000
27452.425393	485.881000
27472.399588	485.093000
27589.052824	481.018000
27598.887394	480.636000
27738.472746	475.799000
27762.591124	474.886000
27875.134938	471.035000
27895.299168	470.271000
28021.797483	465.863000
28034.376521	465.384000
28158.992212	460.935000
28178.001571	460.219000
28297.045742	455.775000
28314.212454	455.120000
28424.793671	450.952000
28437.737074	450.473000
28562.167205	445.844000
28584.266152	445.054000
28698.311241	440.736000
28710.701195	440.307000
28836.420676	435.603000
28841.418330	435.436000
28967.180548	430.860000
28987.283338	430.208000
29117.954238	425.527000
29127.580522	425.214000
29256.906876	420.606000
29261.166252	420.465000
29407.168971	415.453000
29415.951407	415.167000
29557.064286	410.461000
29559.004092	410.396000
29715.042586	405.327000
29721.178887	405.127000
29859.556649	400.448000
29859.888082	400.437000
30019.469406	395.342000
30032.458008	394.906000
30171.972559	390.217000
30176.122773	390.076000
30306.737722	385.599000
30325.233381	384.951000
30465.287569	380.081000
30468.415045	379.967000
30598.436087	375.273000
30611.499664	374.776000
30734.024349	370.228000
30751.164756	369.562000
30868.817161	365.127000
30882.736258	364.580000
31002.633462	360.144000
31018.548376	359.503000
31150.514805	355.093000
31169.880711	354.326000
31306.042266	349.919000
31324.678558	349.213000
31466.090258	344.932000
31489.403406	344.079000
31635.472330	339.886000
31663.055501	338.969000
31815.566729	334.400000
31837.384930	333.681000
31962.774819	329.779000
31996.720746	328.662000
32133.371362	324.327000
32163.038430	323.373000
32295.884977	319.214000
32326.837854	318.264000
32460.264745	314.026000
32498.905418	312.979000
32637.673516	309.113000
32681.910108	307.959000
32825.112136	303.864000
32877.754955	302.446000
33011.680621	298.680000
33042.207797	297.810000
33196.683974	293.920000
33263.260975	292.052000
33407.846129	288.916000
33471.964137	287.172000
33683.901274	283.681000
33752.280266	282.056000
34115.657567	278.949000
34225.524073	276.755000
34490.976373	282.056000
34681.027262	283.681000
34827.926375	287.172000
34933.803880	288.916000
35049.098646	292.052000
35135.222711	293.920000
35273.865396	297.810000
35308.414053	298.680000
35440.558129	302.446000
35490.984734	303.864000
35643.010367	307.959000
35683.365712	309.113000
35831.562130	312.979000
35869.143661	314.026000
36025.551658	318.264000
36055.460942	319.214000
36190.969379	323.373000
36221.441994	324.327000
36356.249898	328.662000
36391.460679	329.779000
36510.043495	333.681000
36533.148398	334.400000
36671.795631	338.969000
36702.404692	339.886000
36828.529268	344.079000
36858.244696	344.932000
36975.247726	349.213000
36998.568599	349.919000
37114.900240	354.326000
37138.597974	355.093000
37249.945622	359.503000
37269.127137	360.144000
37379.265292	364.580000
37394.049730	365.127000
37506.903836	369.562000
37524.571593	370.228000
37641.620499	374.776000
37655.009850	375.273000
37778.391002	379.967000
37781.548735	380.081000
37915.152298	384.951000
37933.787844	385.599000
38061.573443	390.076000
38065.687070	390.217000
38203.703757	394.906000
38216.676320	395.342000
38368.458259	400.437000
38368.802792	400.448000
38509.782735	405.127000
38515.697579	405.327000
38671.222146	410.396000
38673.223035	410.461000
38813.665026	415.167000
38822.240946	415.453000
38976.148533	420.465000
38980.255952	420.606000
39119.455993	425.214000
39128.240530	425.527000
39272.204213	430.208000
39290.404903	430.860000
39431.494424	435.436000
39436.084085	435.603000
39576.856320	440.307000
39588.321809	440.736000
39713.030021	445.054000
39733.895148	445.844000
39863.383789	450.473000
39876.259579	450.952000
39988.886094	455.120000
40006.263901	455.775000
40122.735456	460.219000
40141.915390	460.935000
40260.033602	465.384000
40273.450306	465.863000
40389.208963	470.271000
40411.133808	471.035000
40512.773140	474.886000
40539.455172	475.799000
40667.232381	480.636000
40678.256075	481.018000
40783.166733	485.093000
40805.724463	485.881000
40910.538290	490.016000
40933.245566	490.828000
41053.662162	495.543000
41063.872820	495.899000
41175.873050	500.264000
41191.634062	500.816000
41296.883555	504.993000
41322.883783	505.892000
41442.461268	510.628000
41450.614065	510.905000
41556.697900	515.009000
41583.977858	515.951000
41695.192542	520.310000
41722.628980	521.262000
41827.334326	525.407000
41850.270603	526.200000
41952.551524	530.132000
41995.080019	531.621000
42098.093288	535.482000
42131.730626	536.643000
42230.673903	540.271000
42276.724592	541.860000
42366.972574	545.240000
42425.361766	547.207000
42510.711248	550.396000
42578.539985	552.740000
42645.789178	555.319000
42697.466849	557.222000
42784.233057	560.510000
42861.209817	563.398000
42910.130910	565.259000
42983.958596	567.944000
43049.954592	570.435000
43138.563231	573.708000
43186.715301	575.583000
43260.549216	578.414000
43302.926342	580.041000
43405.939486	584.004000
43442.542131	585.387000
43540.340425	589.133000
43572.207461	590.322000
43668.107424	593.970000
43694.736013	594.976000
43818.938022	599.676000
43833.274482	600.215000
43943.509060	604.365000
43967.971513	605.275000
44086.417421	609.742000
44092.031557	609.946000
44227.795231	614.938000
44230.922494	615.047000
44375.148329	620.125000
44376.079400	620.156000
44506.335380	624.711000
44521.165052	625.251000
44650.496132	629.762000
44671.196226	630.487000
44803.704074	635.066000
44825.734892	635.831000
44927.608683	639.443000
44959.198153	640.576000
45075.193335	644.808000
45104.681467	645.863000
45209.893315	649.733000
45253.866730	651.291000
45342.619126	654.497000
45383.607011	655.922000
45496.495228	659.955000
45532.806729	661.171000
45643.177157	665.158000
45679.659986	666.365000
45790.259586	670.252000
45821.140682	671.262000
45938.129162	675.264000
45968.405612	676.219000
46100.785575	680.725000
46124.700039	681.456000
46248.956490	685.713000
46277.977313	686.579000
46408.530385	690.946000
46421.485115	691.321000
46567.077072	695.965000
46585.950482	696.486000
46749.234064	701.538000
46754.217574	701.679000
46894.089258	706.200000
46905.131062	706.510000
47069.419874	711.622000
47075.241333	711.800000
47247.688512	716.654000
47249.578539	716.712000
47423.779589	721.468000
47441.683707	722.031000
47618.345367	726.860000
47621.387026	726.956000
47792.014053	731.529000
47826.739837	732.597000
47965.785890	736.508000
47990.334833	737.234000
48156.418315	741.883000
48184.159512	742.696000
48318.507799	746.330000
48372.768781	747.857000
48526.529461	751.774000
48567.050204	752.874000
48720.973585	756.568000
48784.257122	758.249000
48926.071221	761.437000
48987.773963	763.056000
49159.702027	766.695000
49235.636368	768.581000
49374.599963	771.533000
49463.167829	773.590000
49605.516780	776.646000
49695.718139	778.612000
49825.474749	781.338000
49948.829085	783.938000
50087.294533	786.666000
50205.304955	789.177000
50336.905744	791.687000
50447.653778	793.950000
50577.764020	796.300000
50736.486831	799.545000
50863.753561	801.682000
50996.527119	804.383000
51136.828753	806.688000
51288.658641	809.887000
51398.230551	811.571000
51526.616553	814.309000
51650.546233	816.435000
51846.358747	820.512000
51944.238071	822.142000
52075.920131	824.789000
52193.000543	826.486000
52405.544766	830.260000
52524.368793	831.612000
52769.854258	835.709000
52937.177560	837.345000
53140.886506	840.422000
53251.131550	841.453000
53566.498836	845.705000
53821.573376	847.005000
54237.995894	851.273000
54781.257509	845.705000
55615.547467	841.453000
55692.015875	840.422000
56021.040125	837.345000
56129.349463	835.709000
56548.373650	831.612000
56629.383254	830.260000
56961.071034	826.486000
57056.642721	824.789000
57239.266086	822.142000
57320.354774	820.512000
57565.173181	816.435000
57667.281938	814.309000
57826.886578	811.571000
57905.850065	809.887000
58113.997654	806.688000
58223.396808	804.383000
58387.802323	801.682000
58492.851229	799.545000
58686.103703	796.300000
58801.049345	793.950000
58926.342740	791.687000
59049.178605	789.177000
59180.831824	786.666000
59309.040679	783.938000
59441.009214	781.338000
59570.341491	778.612000
59663.922377	776.646000
59804.133645	773.590000
59899.949022	771.533000
60027.052736	768.581000
60115.835032	766.695000
60262.348854	763.056000
60338.840071	761.437000
60460.339973	758.249000
60535.117106	756.568000
60674.182771	752.874000
60720.018104	751.774000
60864.308786	747.857000
60924.250720	746.330000
61053.382619	742.696000
61083.439074	741.883000
61242.072317	737.234000
61268.008348	736.508000
61400.254788	732.597000
61438.224919	731.529000
61586.915003	726.956000
61590.496939	726.860000
61743.498734	722.031000
61764.095238	721.468000
61915.342098	716.712000
61917.466501	716.654000
62075.642273	711.800000
62081.966047	711.622000
62249.153128	706.510000
62259.115869	706.200000
62420.148123	701.679000
62424.510412	701.538000
62603.068530	696.486000
62619.907553	695.965000
62788.138107	691.321000
62799.894564	690.946000
62950.756707	686.579000
62976.646096	685.713000
63119.303883	681.456000
63140.640849	680.725000
63288.053403	676.219000
63316.109964	675.264000
63442.985727	671.262000
63472.510555	670.252000
63591.356913	666.365000
63625.700550	665.158000
63746.211768	661.171000
63779.873780	659.955000
63900.304932	655.922000
63940.192289	654.497000
64032.407840	651.291000
64075.538293	649.733000
64184.766224	645.863000
64213.448007	644.808000
64331.735943	640.576000
64362.790419	639.443000
64463.497536	635.831000
64485.073796	635.066000
64616.941924	630.487000
64637.922092	629.762000
64766.719504	625.251000
64782.201389	624.711000
64907.292425	620.156000
64908.178910	620.125000
65060.694326	615.047000
65063.790154	614.938000
65207.013088	609.946000
65212.561123	609.742000
65335.494194	605.275000
65359.623537	604.365000
65471.183078	600.215000
65485.500292	599.676000
65610.512100	594.976000
65637.096615	593.970000
65733.658335	590.322000
65764.915204	589.133000
65865.313788	585.387000
65901.420313	584.004000
66006.305550	580.041000
66048.597345	578.414000
66122.334066	575.583000
66171.235017	573.708000
66255.289269	570.435000
66322.727131	567.944000
66393.862920	565.259000
66445.033617	563.398000
66520.952004	560.510000
66608.590365	557.222000
66658.808155	555.319000
66728.843212	552.740000
66789.964620	550.396000
66882.245269	547.207000
66934.889493	545.240000
67035.222726	541.860000
67077.649957	540.271000
67182.792751	536.643000
67214.455690	535.482000
67326.319394	531.621000
67366.046604	530.132000
67478.351535	526.200000
67498.979401	525.407000
67618.867000	521.262000
67642.915128	520.310000
67768.540585	515.951000
67792.574591	515.009000
67911.424855	510.905000
67918.584996	510.628000
68057.977223	505.892000
68080.675736	504.993000
68201.479909	500.816000
68215.388868	500.264000
68340.020784	495.899000
68349.155282	495.543000
68484.389135	490.828000
68505.126839	490.016000
68620.760567	485.881000
68640.734762	485.093000
68757.387999	481.018000
68767.222568	480.636000
68906.807921	475.799000
68930.926298	474.886000
69043.470112	471.035000
69063.634342	470.271000
69190.132658	465.863000
69202.711695	465.384000
69327.327386	460.935000
69346.336746	460.219000
69465.380916	455.775000
69482.547628	455.120000
69593.128846	450.952000
69606.072248	450.473000
69730.502379	445.844000
69752.601326	445.054000
69866.646415	440.736000
69879.036369	440.307000
70004.755850	435.603000
70009.753504	435.436000
70135.515722	430.860000
70155.618512	430.208000
70286.289413	425.527000
70295.915696	425.214000
70425.242050	420.606000
70429.501427	420.465000
70575.504145	415.453000
70584.286581	415.167000
70725.399460	410.461000
70727.339267	410.396000
70883.377760	405.327000
70889.514062	405.127000
71027.891823	400.448000
71028.223257	400.437000
71187.804580	395.342000
71200.793182	394.906000
71340.307733	390.217000
71344.457947	390.076000
71475.072896	385.599000
71493.568556	384.951000
71633.622743	380.081000
71636.750219	379.967000
71766.771261	375.273000
71779.834838	374.776000
71902.359523	370.228000
71919.499930	369.562000
72037.152335	365.127000
72051.071432	364.580000
72170.968637	360.144000
72186.883550	359.503000
72318.849979	355.093000
72338.215885	354.326000
72474.377441	349.919000
72493.013732	349.213000
72634.425432	344.932000
72657.738580	344.079000
72803.807504	339.886000
72831.390675	338.969000
72983.901903	334.400000
73005.720104	333.681000
73131.109993	329.779000
73165.055920	328.662000
73301.706536	324.327000
73331.373604	323.373000
73464.220151	319.214000
73495.173028	318.264000
73628.599919	314.026000
73667.240593	312.979000
73806.008690	309.113000
73850.245282	307.959000
73993.447310	303.864000
74046.090130	302.446000
74180.015795	298.680000
74210.542971	297.810000
74365.019148	293.920000
74431.596150	292.052000
74576.181304	288.916000
74640.299311	287.172000
74852.236449	283.681000
74920.615440	282.056000
75283.992742	278.949000
75393.859247	276.755000
75659.311547	282.056000
75849.362437	283.681000
75996.261550	287.172000
76102.139054	288.916000
76217.433820	292.052000
76303.557885	293.920000
76442.200570	297.810000
76476.749227	298.680000
76608.893304	302.446000
76659.319908	303.864000
76811.345541	307.959000
76851.700886	309.113000
76999.897304	312.979000
77037.478835	314.026000
77193.886832	318.264000
77223.796117	319.214000
77359.304553	323.373000
77389.777168	324.327000
77524.585072	328.662000
77559.795853	329.779000
77678.378670	333.681000
77701.483572	334.400000
77840.130806	338.969000
77870.739866	339.886000
77996.864442	344.079000
78026.579870	344.932000
78143.582900	349.213000
78166.903774	349.919000
78283.235414	354.326000
78306.933148	355.093000
78418.280796	359.503000
78437.462311	360.144000
78547.600466	364.580000
78562.384905	365.127000
78675.239010	369.562000
78692.906767	370.228000
78809.955674	374.776000
78823.345025	375.273000
78946.726177	379.967000
78949.883910	380.081000
79083.487472	384.951000
79102.123019	385.599000
79229.908617	390.076000
79234.022244	390.217000
79372.038932	394.906000
79385.011494	395.342000
79536.793433	400.437000
79537.137966	400.448000
79678.117909	405.127000
79684.032753	405.327000
79839.557321	410.396000
79841.558209	410.461000
79982.000200	415.167000
79990.576121	415.453000
80144.483707	420.465000
80148.591126	420.606000
80287.791167	425.214000
80296.575705	425.527000
80440.539388	430.208000
80458.740077	430.860000
80599.829598	435.436000
80604.419259	435.603000
80745.191495	440.307000
80756.656983	440.736000
80881.365195	445.054000
80902.230323	445.844000
81031.718963	450.473000
81044.594753	450.952000
81157.221269	455.120000
81174.599075	455.775000
81291.070631	460.219000
81310.250564	460.935000
81428.368776	465.384000
81441.785480	465.863000
81557.544138	470.271000
81579.468982	471.035000
81681.108315	474.886000
81707.790346	475.799000
81835.567556	480.636000
81846.591249	481.018000
81951.501907	485.093000
81974.059637	485.881000
82078.873464	490.016000
82101.580741	490.828000
82221.997337	495.543000
82232.207994	495.899000
82344.208224	500.264000
82359.969236	500.816000
82465.218730	504.993000
82491.218957	505.892000
82610.796442	510.628000
82618.949239	510.905000
82725.033075	515.009000
82752.313033	515.951000
82863.527716	520.310000
82890.964155	521.262000
82995.669500	525.407000
83018.605777	526.200000
83120.886698	530.132000
83163.415193	531.621000
83266.428463	535.482000
83300.065800	536.643000
83399.009078	540.271000
83445.059766	541.860000
83535.307748	545.240000
83593.696940	547.207000
83679.046422	550.396000
83746.875159	552.740000
83814.124352	555.319000
83865.802023	557.222000
83952.568231	560.510000
84029.544991	563.398000
84078.466085	565.259000
84152.293770	567.944000
84218.289767	570.435000
84306.898405	573.708000
84355.050475	575.583000
84428.884390	578.414000
84471.261517	580.041000
84574.274660	584.004000
84610.877305	585.387000
84708.675600	589.133000
84740.542636	590.322000
84836.442598	593.970000
84863.071187	594.976000
84987.273196	599.676000
85001.609656	600.215000
85111.844234	604.365000
85136.306688	605.275000
85254.752595	609.742000
85260.366731	609.946000
85396.130405	614.938000
85399.257669	615.047000
85543.483504	620.125000
85544.414575	620.156000
85674.670554	624.711000
85689.500227	625.251000
85818.831306	629.762000
85839.531400	630.487000
85972.039248	635.066000
85994.070066	635.831000
86095.943857	639.443000
86127.533327	640.576000
86243.528509	644.808000
86273.016641	645.863000
86378.228489	649.733000
86422.201904	651.291000
86510.954300	654.497000
86551.942185	655.922000
86664.830403	659.955000
86701.141903	661.171000
86811.512331	665.158000
86847.995160	666.365000
86958.594760	670.252000
86989.475857	671.262000
87106.464336	675.264000
87136.740786	676.219000
87269.120749	680.725000
87293.035213	681.456000
87417.291664	685.713000
87446.312487	686.579000
87576.865560	690.946000
87589.820289	691.321000
87735.412246	695.965000
87754.285657	696.486000
87917.569238	701.538000
87922.552748	701.679000
88062.424432	706.200000
88073.466236	706.510000
88237.755048	711.622000
88243.576507	711.800000
88416.023686	716.654000
88417.913714	716.712000
88592.114764	721.468000
88610.018881	722.031000
88786.680541	726.860000
88789.722200	726.956000
88960.349228	731.529000
88995.075011	732.597000
89134.121064	736.508000
89158.670007	737.234000
89324.753489	741.883000
89352.494686	742.696000
89486.842973	746.330000
89541.103955	747.857000
89694.864635	751.774000
89735.385378	752.874000
89889.308760	756.568000
89952.592296	758.249000
90094.406395	761.437000
90156.109137	763.056000
90328.037201	766.695000
90403.971543	768.581000
90542.935138	771.533000
90631.503003	773.590000
90773.851954	776.646000
90864.053313	778.612000
90993.809924	781.338000
91117.164259	783.938000
91255.629707	786.666000
91373.640130	789.177000
91505.240919	791.687000
91615.988952	793.950000
91746.099194	796.300000
91904.822005	799.545000
92032.088735	801.682000
92164.862293	804.383000
92305.163927	806.688000
92456.993815	809.887000
92566.565725	811.571000
92694.951727	814.309000
92818.881408	816.435000
93014.693922	820.512000
93112.573246	822.142000
93244.255305	824.789000
93361.335717	826.486000
93573.879941	830.260000
93692.703968	831.612000
93938.189432	835.709000
94105.512735	837.345000
94309.221680	840.422000
94419.466725	841.453000
94734.834010	845.705000
94989.908551	847.005000
95406.331068	851.273000
95949.592684	845.705000
96783.882641	841.453000
96860.351049	840.422000
97189.375299	837.345000
97297.684638	835.709000
97716.708824	831.612000
97797.718429	830.260000
98129.406208	826.486000
98224.977895	824.789000
98407.601260	822.142000
98488.689948	820.512000
98733.508355	816.435000
98835.617113	814.309000
98995.221752	811.571000
99074.185240	809.887000
99282.332829	806.688000
99391.731982	804.383000
99556.137497	801.682000
99661.186403	799.545000
99854.438877	796.300000
99969.384519	793.950000
100094.677914	791.687000
100217.513779	789.177000
100349.166999	786.666000
100477.375853	783.938000
100609.344388	781.338000
100738.676665	778.612000
100832.257551	776.646000
100972.468819	773.590000
101068.284196	771.533000
101195.387910	768.581000
101284.170207	766.695000
101430.684029	763.056000
101507.175245	761.437000
101628.675147	758.249000
101703.452280	756.568000
101842.517945	752.874000
101888.353278	751.774000
102032.643960	747.857000
102092.585895	746.330000
102221.717793	742.696000
102251.774248	741.883000
102410.407492	737.234000
102436.343522	736.508000
102568.589962	732.597000
102606.560093	731.529000
102755.250177	726.956000
102758.832113	726.860000
102911.833909	722.031000
102932.430412	721.468000
103083.677272	716.712000
103085.801675	716.654000
103243.977448	711.800000
103250.301221	711.622000
103417.488302	706.510000
103427.451043	706.200000
103588.483297	701.679000
103592.845586	701.538000
103771.403704	696.486000
103788.242727	695.965000
103956.473282	691.321000
103968.229738	690.946000
104119.091882	686.579000
104144.981271	685.713000
104287.639057	681.456000
104308.976024	680.725000
104456.388577	676.219000
104484.445138	675.264000
104611.320901	671.262000
104640.845730	670.252000
104759.692087	666.365000
104794.035724	665.158000
104914.546942	661.171000
104948.208954	659.955000
105068.640106	655.922000
105108.527463	654.497000
105200.743014	651.291000
105243.873467	649.733000
105353.101398	645.863000
105381.783181	644.808000
105500.071118	640.576000
105531.125594	639.443000
105631.832711	635.831000
105653.408970	635.066000
105785.277098	630.487000
105806.257266	629.762000
105935.054678	625.251000
105950.536563	624.711000
106075.627600	620.156000
106076.514084	620.125000
106229.029500	615.047000
106232.125328	614.938000
106375.348262	609.946000
106380.896297	609.742000
106503.829369	605.275000
106527.958712	604.365000
106639.518252	600.215000
106653.835466	599.676000
106778.847274	594.976000
106805.431789	593.970000
106901.993510	590.322000
106933.250378	589.133000
107033.648962	585.387000
107069.755487	584.004000
107174.640724	580.041000
107216.932519	578.414000
107290.669241	575.583000
107339.570191	573.708000
107423.624444	570.435000
107491.062305	567.944000
107562.198094	565.259000
107613.368791	563.398000
107689.287178	560.510000
107776.925540	557.222000
107827.143329	555.319000
107897.178387	552.740000
107958.299794	550.396000
108050.580443	547.207000
108103.224667	545.240000
108203.557900	541.860000
108245.985132	540.271000
108351.127925	536.643000
108382.790865	535.482000
108494.654568	531.621000
108534.381778	530.132000
108646.686709	526.200000
108667.314575	525.407000
108787.202175	521.262000
108811.250302	520.310000
108936.875760	515.951000
108960.909766	515.009000
109079.760029	510.905000
109086.920171	510.628000
109226.312397	505.892000
109249.010910	504.993000
109369.815083	500.816000
109383.724042	500.264000
109508.355959	495.899000
109517.490456	495.543000
109652.724309	490.828000
109673.462013	490.016000
109789.095741	485.881000
109809.069936	485.093000
109925.723173	481.018000
109935.557743	480.636000
110075.143095	475.799000
110099.261473	474.886000
110211.805286	471.035000
110231.969516	470.271000
110358.467832	465.863000
110371.046869	465.384000
110495.662560	460.935000
110514.671920	460.219000
110633.716091	455.775000
110650.882803	455.120000
110761.464020	450.952000
110774.407422	450.473000
110898.837554	445.844000
110920.936501	445.054000
111034.981589	440.736000
111047.371544	440.307000
111173.091024	435.603000
111178.088678	435.436000
111303.850897	430.860000
111323.953687	430.208000
111454.624587	425.527000
111464.250870	425.214000
111593.577225	420.606000
111597.836601	420.465000
111743.839319	415.453000
111752.621756	415.167000
111893.734634	410.461000
111895.674441	410.396000
112051.712934	405.327000
112057.849236	405.127000
112196.226997	400.448000
112196.558431	400.437000
112356.139755	395.342000
112369.128356	394.906000
112508.642907	390.217000
112512.793121	390.076000
112643.408070	385.599000
112661.903730	384.951000
112801.957918	380.081000
112805.085393	379.967000
112935.106435	375.273000
112948.170013	374.776000
113070.694698	370.228000
113087.835105	369.562000
113205.487509	365.127000
113219.406606	364.580000
113339.303811	360.144000
113355.218725	359.503000
113487.185153	355.093000
113506.551060	354.326000
113642.712615	349.919000
113661.348907	349.213000
113802.760607	344.932000
113826.073754	344.079000
113972.142678	339.886000
113999.725849	338.969000
114152.237078	334.400000
114174.055279	333.681000
114299.445168	329.779000
114333.391094	328.662000
114470.041710	324.327000
114499.708778	323.373000
114632.555326	319.214000
114663.508203	318.264000
114796.935094	314.026000
114835.575767	312.979000
114974.343864	309.113000
115018.580457	307.959000
115161.782484	303.864000
115214.425304	302.446000
115348.350969	298.680000
115378.878146	297.810000
115533.354323	293.920000
115599.931324	292.052000
115744.516478	288.916000
115808.634486	287.172000
116020.571623	283.681000
116088.950614	282.056000
116452.327916	278.949000
116562.194421	276.755000
116827.646721	282.056000
117017.697611	283.681000
117164.596724	287.172000
117270.474228	288.916000
117385.768995	292.052000
117471.893060	293.920000
117610.535745	297.810000
117645.084401	298.680000
117777.228478	302.446000
117827.655083	303.864000
117979.680715	307.959000
118020.036061	309.113000
118168.232478	312.979000
118205.814009	314.026000
118362.222007	318.264000
118392.131291	319.214000
118527.639728	323.373000
118558.112343	324.327000
118692.920246	328.662000
118728.131028	329.779000
118846.713844	333.681000
118869.818747	334.400000
119008.465980	338.969000
119039.075040	339.886000
119165.199616	344.079000
119194.915045	344.932000
119311.918074	349.213000
119335.238948	349.919000
119451.570588	354.326000
119475.268322	355.093000
119586.615970	359.503000
119605.797485	360.144000
119715.935640	364.580000
119730.720079	365.127000
119843.574184	369.562000
119861.241941	370.228000
119978.290848	374.776000
119991.680199	375.273000
120115.061351	379.967000
120118.219084	380.081000
120251.822646	384.951000
120270.458193	385.599000
120398.243791	390.076000
120402.357418	390.217000
120540.374106	394.906000
120553.346668	395.342000
120705.128607	400.437000
120705.473140	400.448000
120846.453084	405.127000
120852.367927	405.327000
121007.892495	410.396000
121009.893383	410.461000
121150.335374	415.167000
121158.911295	415.453000
121312.818881	420.465000
121316.926300	420.606000
121456.126341	425.214000
121464.910879	425.527000
121608.874562	430.208000
121627.075251	430.860000
121768.164772	435.436000
121772.754434	435.603000
121913.526669	440.307000
121924.992157	440.736000
122049.700370	445.054000
122070.565497	445.844000
122200.054137	450.473000
122212.929927	450.952000
122325.556443	455.120000
122342.934249	455.775000
122459.405805	460.219000
122478.585739	460.935000
122596.703951	465.384000
122610.120655	465.863000
122725.879312	470.271000
122747.804156	471.035000
122849.443489	474.886000
122876.125520	475.799000
123003.902730	480.636000
123014.926423	481.018000
123119.837082	485.093000
123142.394812	485.881000
123247.208639	490.016000
123269.915915	490.828000
123390.332511	495.543000
123400.543169	495.899000
123512.543398	500.264000
123528.304410	500.816000
123633.553904	504.993000
123659.554132	505.892000
123779.131616	510.628000
123787.284413	510.905000
123893.368249	515.009000
123920.648207	515.951000
124031.862890	520.310000
124059.299329	521.262000
124164.004675	525.407000
124186.940951	526.200000
124289.221872	530.132000
124331.750367	531.621000
124434.763637	535.482000
124468.400974	536.643000
124567.344252	540.271000
124613.394941	541.860000
124703.642922	545.240000
124762.032114	547.207000
124847.381596	550.396000
124915.210333	552.740000
124982.459527	555.319000
125034.137198	557.222000
125120.903405	560.510000
125197.880166	563.398000
125246.801259	565.259000
125320.628944	567.944000
125386.624941	570.435000
125475.233580	573.708000
125523.385649	575.583000
125597.219564	578.414000
125639.596691	580.041000
125742.609835	584.004000
125779.212480	585.387000
125877.010774	589.133000
125908.877810	590.322000
126004.777773	593.970000
126031.406361	594.976000
126155.608370	599.676000
126169.944831	600.215000
126280.179408	604.365000
126304.641862	605.275000
126423.087769	609.742000
126428.701906	609.946000
126564.465579	614.938000
126567.592843	615.047000
126711.818678	620.125000
126712.749749	620.156000
126843.005728	624.711000
126857.835401	625.251000
126987.166480	629.762000
127007.866574	630.487000
127140.374422	635.066000
127162.405241	635.831000
127264.279032	639.443000
127295.868501	640.576000
127411.863684	644.808000
127441.351815	645.863000
127546.563663	649.733000
127590.537079	651.291000
127679.289474	654.497000
127720.277359	655.922000
127833.165577	659.955000
127869.477077	661.171000
127979.847505	665.158000
128016.330335	666.365000
128126.929935	670.252000
128157.811031	671.262000
128274.799510	675.264000
128305.075960	676.219000
128437.455923	680.725000
128461.370388	681.456000
128585.626838	685.713000
128614.647661	686.579000
128745.200734	690.946000
128758.155463	691.321000
128903.747420	695.965000
128922.620831	696.486000
129085.904412	701.538000
129090.887923	701.679000
129230.759606	706.200000
129241.801411	706.510000
129406.090222	711.622000
129411.911682	711.800000
129584.358860	716.654000
129586.248888	716.712000
129760.449938	721.468000
129778.354055	722.031000
129955.015715	726.860000
129958.057374	726.956000
130128.684402	731.529000
130163.410186	732.597000
130302.456238	736.508000
130327.005181	737.234000
130493.088663	741.883000
130520.829861	742.696000
130655.178147	746.330000
130709.439129	747.857000
130863.199809	751.774000
130903.720552	752.874000
131057.643934	756.568000
131120.927470	758.249000
131262.741569	761.437000
131324.444311	763.056000
131496.372375	766.695000
131572.306717	768.581000
131711.270312	771.533000
131799.838177	773.590000
131942.187128	776.646000
132032.388487	778.612000
132162.145098	781.338000
132285.499433	783.938000
132423.964881	786.666000
132541.975304	789.177000
132673.576093	791.687000
132784.324126	793.950000
132914.434368	796.300000
133073.157180	799.545000
133200.423909	801.682000
133333.197467	804.383000
133473.499101	806.688000
133625.328989	809.887000
133734.900899	811.571000
133863.286902	814.309000
133987.216582	816.435000
134183.029096	820.512000
134280.908420	822.142000
134412.590479	824.789000
134529.670891	826.486000
134742.215115	830.260000
134861.039142	831.612000
135106.524607	835.709000
135273.847909	837.345000
135477.556854	840.422000
135587.801899	841.453000
135903.169185	845.705000
136158.243725	847.005000
136574.666242	851.273000
137117.927858	845.705000
137952.217815	841.453000
138028.686223	840.422000
138357.710473	837.345000
138466.019812	835.709000
138885.043999	831.612000
138966.053603	830.260000
139297.741382	826.486000
139393.313069	824.789000
139575.936434	822.142000
139657.025122	820.512000
139901.843529	816.435000
140003.952287	814.309000
140163.556927	811.571000
140242.520414	809.887000
140450.668003	806.688000
140560.067156	804.383000
140724.472672	801.682000
140829.521577	799.545000
141022.774052	796.300000
141137.719693	793.950000
141263.013088	791.687000
141385.848954	789.177000
141517.502173	786.666000
141645.711027	783.938000
141777.679563	781.338000
141907.011839	778.612000
142000.592726	776.646000
142140.803994	773.590000
142236.619371	771.533000
142363.723084	768.581000
142452.505381	766.695000
142599.019203	763.056000
142675.510419	761.437000
142797.010321	758.249000
142871.787454	756.568000
143010.853120	752.874000
143056.688452	751.774000
143200.979134	747.857000
143260.921069	746.330000
143390.052967	742.696000
143420.109422	741.883000
143578.742666	737.234000
143604.678697	736.508000
143736.925136	732.597000
143774.895268	731.529000
143923.585351	726.956000
143927.167288	726.860000
144080.169083	722.031000
144100.765586	721.468000
144252.012446	716.712000
144254.136850	716.654000
144412.312622	711.800000
144418.636396	711.622000
144585.823477	706.510000
144595.786217	706.200000
144756.818472	701.679000
144761.180760	701.538000
144939.738878	696.486000
144956.577902	695.965000
145124.808456	691.321000
145136.564912	690.946000
145287.427056	686.579000
145313.316445	685.713000
145455.974232	681.456000
145477.311198	680.725000
145624.723751	676.219000
145652.780312	675.264000
145779.656075	671.262000
145809.180904	670.252000
145928.027262	666.365000
145962.370899	665.158000
146082.882117	661.171000
146116.544128	659.955000
146236.975280	655.922000
146276.862637	654.497000
146369.078189	651.291000
146412.208641	649.733000
146521.436573	645.863000
146550.118355	644.808000
146668.406292	640.576000
146699.460768	639.443000
146800.167885	635.831000
146821.744145	635.066000
146953.612272	630.487000
146974.592440	629.762000
147103.389853	625.251000
147118.871738	624.711000
147243.962774	620.156000
147244.849258	620.125000
147397.364674	615.047000
147400.460502	614.938000
147543.683437	609.946000
147549.231471	609.742000
147672.164543	605.275000
147696.293886	604.365000
147807.853426	600.215000
147822.170640	599.676000
147947.182448	594.976000
147973.766964	593.970000
148070.328684	590.322000
148101.585552	589.133000
148201.984137	585.387000
148238.090661	584.004000
148342.975898	580.041000
148385.267693	578.414000
148459.004415	575.583000
148507.905365	573.708000
148591.959618	570.435000
148659.397479	567.944000
148730.533268	565.259000
148781.703966	563.398000
148857.622352	560.510000
148945.260714	557.222000
148995.478504	555.319000
149065.513561	552.740000
149126.634968	550.396000
149218.915617	547.207000
149271.559842	545.240000
149371.893074	541.860000
149414.320306	540.271000
149519.463099	536.643000
149551.126039	535.482000
149662.989742	531.621000
149702.716952	530.132000
149815.021883	526.200000
149835.649750	525.407000
149955.537349	521.262000
149979.585476	520.310000
150105.210934	515.951000
150129.244940	515.009000
150248.095203	510.905000
150255.255345	510.628000
150394.647572	505.892000
150417.346085	504.993000
150538.150257	500.816000
150552.059216	500.264000
150676.691133	495.899000
150685.825631	495.543000
150821.059483	490.828000
150841.797187	490.016000
150957.430916	485.881000
150977.405111	485.093000
151094.058347	481.018000
151103.892917	480.636000
151243.478269	475.799000
151267.596647	474.886000
151380.140460	471.035000
151400.304690	470.271000
151526.803006	465.863000
151539.382044	465.384000
151663.997735	460.935000
151683.007094	460.219000
151802.051265	455.775000
151819.217977	455.120000
151929.799194	450.952000
151942.742596	450.473000
152067.172728	445.844000
152089.271675	445.054000
152203.316763	440.736000
152215.706718	440.307000
152341.426199	435.603000
152346.423852	435.436000
152472.186071	430.860000
152492.288861	430.208000
152622.959761	425.527000
152632.586045	425.214000
152761.912399	420.606000
152766.171775	420.465000
152912.174494	415.453000
152920.956930	415.167000
153062.069809	410.461000
153064.009615	410.396000
153220.048108	405.327000
153226.184410	405.127000
153364.562171	400.448000
153364.893605	400.437000
153524.474929	395.342000
153537.463530	394.906000
153676.978081	390.217000
153681.128295	390.076000
153811.743245	385.599000
153830.238904	384.951000
153970.293092	380.081000
153973.420567	379.967000
154103.441609	375.273000
154116.505187	374.776000
154239.029872	370.228000
154256.170279	369.562000
154373.822683	365.127000
154387.741780	364.580000
154507.638985	360.144000
154523.553899	359.503000
154655.520328	355.093000
154674.886234	354.326000
154811.047789	349.919000
154829.684081	349.213000
154971.095781	344.932000
154994.408928	344.079000
155140.477853	339.886000
155168.061024	338.969000
155320.572252	334.400000
155342.390453	333.681000
155467.780342	329.779000
155501.726269	328.662000
155638.376884	324.327000
155668.043952	323.373000
155800.890500	319.214000
155831.843377	318.264000
155965.270268	314.026000
156003.910941	312.979000
156142.679039	309.113000
156186.915631	307.959000
156330.117658	303.864000
156382.760478	302.446000
156516.686143	298.680000
156547.213320	297.810000
156701.689497	293.920000
156768.266498	292.052000
156912.851652	288.916000
156976.969660	287.172000
157188.906797	283.681000
157257.285789	282.056000
157620.663090	278.949000
157730.529596	276.755000
157995.981895	282.056000
158186.032785	283.681000
158332.931898	287.172000
158438.809403	288.916000
158554.104169	292.052000
158640.228234	293.920000
158778.870919	297.810000
158813.419575	298.680000
158945.563652	302.446000
158995.990257	303.864000
159148.015890	307.959000
159188.371235	309.113000
159336.567653	312.979000
159374.149183	314.026000
159530.557181	318.264000
159560.466465	319.214000
159695.974902	323.373000
159726.447517	324.327000
159861.255420	328.662000
159896.466202	329.779000
160015.049018	333.681000
160038.153921	334.400000
160176.801154	338.969000
160207.410214	339.886000
160333.534790	344.079000
160363.250219	344.932000
160480.253248	349.213000
160503.574122	349.919000
160619.905763	354.326000
160643.603497	355.093000
160754.951145	359.503000
160774.132660	360.144000
160884.270814	364.580000
160899.055253	365.127000
161011.909359	369.562000
161029.577116	370.228000
161146.626022	374.776000
161160.015373	375.273000
161283.396525	379.967000
161286.554258	380.081000
161420.157820	384.951000
161438.793367	385.599000
161566.578966	390.076000
161570.692593	390.217000
161708.709280	394.906000
161721.681842	395.342000
161873.463782	400.437000
161873.808315	400.448000
162014.788258	405.127000
162020.703101	405.327000
162176.227669	410.396000
162178.228557	410.461000
162318.670548	415.167000
162327.246469	415.453000
162481.154056	420.465000
162485.261475	420.606000
162624.461516	425.214000
162633.246053	425.527000
162777.209736	430.208000
162795.410426	430.860000
162936.499947	435.436000
162941.089608	435.603000
163081.861843	440.307000
163093.327331	440.736000
163218.035544	445.054000
163238.900671	445.844000
163368.389311	450.473000
163381.265102	450.952000
163493.891617	455.120000
163511.269424	455.775000
163627.740979	460.219000
163646.920913	460.935000
163765.039125	465.384000
163778.455829	465.863000
163894.214486	470.271000
163916.139330	471.035000
164017.778663	474.886000
164044.460694	475.799000
164172.237904	480.636000
164183.261597	481.018000
164288.172256	485.093000
164310.729986	485.881000
164415.543813	490.016000
164438.251089	490.828000
164558.667685	495.543000
164568.878343	495.899000
164680.878572	500.264000
164696.639585	500.816000
164801.889078	504.993000
164827.889306	505.892000
164947.466791	510.628000
164955.619588	510.905000
165061.703423	515.009000
165088.983381	515.951000
165200.198065	520.310000
165227.634503	521.262000
165332.339849	525.407000
165355.276126	526.200000
165457.557046	530.132000
165500.085541	531.621000
165603.098811	535.482000
165636.736148	536.643000
165735.679426	540.271000
165781.730115	541.860000
165871.978096	545.240000
165930.367288	547.207000
166015.716771	550.396000
166083.545507	552.740000
166150.794701	555.319000
166202.472372	557.222000
166289.238579	560.510000
166366.215340	563.398000
166415.136433	565.259000
166488.964119	567.944000
166554.960115	570.435000
166643.568754	573.708000
166691.720824	575.583000
166765.554738	578.414000
166807.931865	580.041000
166910.945009	584.004000
166947.547654	585.387000
167045.345948	589.133000
167077.212984	590.322000
167173.112947	593.970000
167199.741536	594.976000
167323.943544	599.676000
167338.280005	600.215000
167448.514583	604.365000
167472.977036	605.275000
167591.422944	609.742000
167597.037080	609.946000
167732.800754	614.938000
167735.928017	615.047000
167880.153852	620.125000
167881.084923	620.156000
168011.340902	624.711000
168026.170575	625.251000
168155.501655	629.762000
168176.201749	630.487000
168308.709596	635.066000
168330.740415	635.831000
168432.614206	639.443000
168464.203675	640.576000
168580.198858	644.808000
168609.686990	645.863000
168714.898838	649.733000
168758.872253	651.291000
168847.624648	654.497000
168888.612534	655.922000
169001.500751	659.955000
169037.812252	661.171000
169148.182680	665.158000
169184.665509	666.365000
169295.265109	670.252000
169326.146205	671.262000
169443.134684	675.264000
169473.411135	676.219000
169605.791097	680.725000
169629.705562	681.456000
169753.962012	685.713000
169782.982835	686.579000
169913.535908	690.946000
169926.490638	691.321000
170072.082595	695.965000
170090.956005	696.486000
170254.239587	701.538000
170259.223097	701.679000
170399.094780	706.200000
170410.136585	706.510000
170574.425397	711.622000
170580.246856	711.800000
170752.694035	716.654000
170754.584062	716.712000
170928.785112	721.468000
170946.689230	722.031000
171123.350889	726.860000
171126.392549	726.956000
171297.019576	731.529000
171331.745360	732.597000
171470.791413	736.508000
171495.340355	737.234000
171661.423838	741.883000
171689.165035	742.696000
171823.513322	746.330000
171877.774304	747.857000
172031.534983	751.774000
172072.055726	752.874000
172225.979108	756.568000
172289.262645	758.249000
172431.076744	761.437000
172492.779485	763.056000
172664.707550	766.695000
172740.641891	768.581000
172879.605486	771.533000
172968.173351	773.590000
173110.522302	776.646000
173200.723661	778.612000
173330.480272	781.338000
173453.834608	783.938000
173592.300056	786.666000
173710.310478	789.177000
173841.911267	791.687000
173952.659300	793.950000
174082.769543	796.300000
174241.492354	799.545000
174368.759084	801.682000
174501.532642	804.383000
174641.834276	806.688000
174793.664164	809.887000
174903.236074	811.571000
175031.622076	814.309000
175155.551756	816.435000
175351.364270	820.512000
175449.243594	822.142000
175580.925654	824.789000
175698.006066	826.486000
175910.550289	830.260000
176029.374316	831.612000
176274.859781	835.709000
176442.183083	837.345000
176645.892029	840.422000
176756.137073	841.453000
177071.504359	845.705000
177326.578899	847.005000
177743.001416	851.273000
178286.263032	845.705000
179120.552989	841.453000
179197.021398	840.422000
179526.045648	837.345000
179634.354986	835.709000
180053.379173	831.612000
180134.388777	830.260000
180466.076557	826.486000
180561.648244	824.789000
180744.271609	822.142000
180825.360297	820.512000
181070.178703	816.435000
181172.287461	814.309000
181331.892101	811.571000
181410.855588	809.887000
181619.003177	806.688000
181728.402331	804.383000
181892.807846	801.682000
181997.856751	799.545000
182191.109226	796.300000
182306.054867	793.950000
182431.348262	791.687000
182554.184128	789.177000
182685.837347	786.666000
182814.046201	783.938000
182946.014737	781.338000
183075.347013	778.612000
183168.927900	776.646000
183309.139168	773.590000
183404.954545	771.533000
183532.058258	768.581000
183620.840555	766.695000
183767.354377	763.056000
183843.845594	761.437000
183965.345495	758.249000
184040.122629	756.568000
184179.188294	752.874000
184225.023627	751.774000
184369.314309	747.857000
184429.256243	746.330000
184558.388142	742.696000
184588.444596	741.883000
184747.077840	737.234000
184773.013871	736.508000
184905.260310	732.597000
184943.230442	731.529000
185091.920526	726.956000
185095.502462	726.860000
185248.504257	722.031000
185269.100761	721.468000
185420.347621	716.712000
185422.472024	716.654000
185580.647796	711.800000
185586.971570	711.622000
185754.158651	706.510000
185764.121392	706.200000
185925.153646	701.679000
185929.515935	701.538000
186108.074052	696.486000
186124.913076	695.965000
186293.143630	691.321000
186304.900087	690.946000
186455.762230	686.579000
186481.651619	685.713000
186624.309406	681.456000
186645.646372	680.725000
186793.058925	676.219000
186821.115487	675.264000
186947.991250	671.262000
186977.516078	670.252000
187096.362436	666.365000
187130.706073	665.158000
187251.217291	661.171000
187284.879303	659.955000
187405.310455	655.922000
187445.197811	654.497000
187537.413363	651.291000
187580.543816	649.733000
187689.771747	645.863000
187718.453530	644.808000
187836.741466	640.576000
187867.795942	639.443000
187968.503059	635.831000
187990.079319	635.066000
188121.947447	630.487000
188142.927615	629.762000
188271.725027	625.251000
188287.206912	624.711000
188412.297948	620.156000
188413.184432	620.125000
188565.699848	615.047000
188568.795677	614.938000
188712.018611	609.946000
188717.566646	609.742000
188840.499717	605.275000
188864.629060	604.365000
188976.188601	600.215000
188990.505815	599.676000
189115.517623	594.976000
189142.102138	593.970000
189238.663858	590.322000
189269.920727	589.133000
189370.319311	585.387000
189406.425835	584.004000
189511.311072	580.041000
189553.602868	578.414000
189627.339589	575.583000
189676.240540	573.708000
189760.294792	570.435000
189827.732653	567.944000
189898.868442	565.259000
189950.039140	563.398000
190025.957527	560.510000
190113.595888	557.222000
190163.813678	555.319000
190233.848735	552.740000
190294.970142	550.396000
190387.250791	547.207000
190439.895016	545.240000
190540.228249	541.860000
190582.655480	540.271000
190687.798274	536.643000
190719.461213	535.482000
190831.324916	531.621000
190871.052127	530.132000
190983.357058	526.200000
191003.984924	525.407000
191123.872523	521.262000
191147.920651	520.310000
191273.546108	515.951000
191297.580114	515.009000
191416.430377	510.905000
191423.590519	510.628000
191562.982746	505.892000
191585.681259	504.993000
191706.485432	500.816000
191720.394390	500.264000
191845.026307	495.899000
191854.160805	495.543000
191989.394657	490.828000
192010.132362	490.016000
192125.766090	485.881000
192145.740285	485.093000
192262.393521	481.018000
192272.228091	480.636000
192411.813443	475.799000
192435.931821	474.886000
192548.475635	471.035000
192568.639865	470.271000
192695.138180	465.863000
192707.717218	465.384000
192832.332909	460.935000
192851.342268	460.219000
192970.386439	455.775000
192987.553151	455.120000
193098.134368	450.952000
193111.077771	450.473000
193235.507902	445.844000
193257.606849	445.054000
193371.651938	440.736000
193384.041892	440.307000
193509.761373	435.603000
193514.759027	435.436000
193640.521245	430.860000
193660.624035	430.208000
193791.294935	425.527000
193800.921219	425.214000
193930.247573	420.606000
193934.506950	420.465000
194080.509668	415.453000
194089.292104	415.167000
194230.404983	410.461000
194232.344789	410.396000
194388.383283	405.327000
194394.519584	405.127000
194532.897346	400.448000
194533.228780	400.437000
194692.810103	395.342000
194705.798705	394.906000
194845.313256	390.217000
194849.463470	390.076000
194980.078419	385.599000
194998.574078	384.951000
195138.628266	380.081000
195141.755742	379.967000
195271.776784	375.273000
195284.840361	374.776000
195407.365046	370.228000
195424.505453	369.562000
195542.157858	365.127000
195556.076955	364.580000
195675.974159	360.144000
195691.889073	359.503000
195823.855502	355.093000
195843.221408	354.326000
195979.382963	349.919000
195998.019255	349.213000
196139.430955	344.932000
196162.744103	344.079000
196308.813027	339.886000
196336.396198	338.969000
196488.907426	334.400000
196510.725627	333.681000
196636.115516	329.779000
196670.061443	328.662000
196806.712059	324.327000
196836.379127	323.373000
196969.225674	319.214000
197000.178551	318.264000
197133.605442	314.026000
197172.246116	312.979000
197311.014213	309.113000
197355.250805	307.959000
197498.452833	303.864000
197551.095652	302.446000
197685.021318	298.680000
197715.548494	297.810000
197870.024671	293.920000
197936.601673	292.052000
198081.186826	288.916000
198145.304834	287.172000
198357.241971	283.681000
198425.620963	282.056000
198788.998264	278.949000
198898.864770	276.755000
199164.317070	282.056000
199354.367960	283.681000
199501.267073	287.172000
199607.144577	288.916000
199722.439343	292.052000
199808.563408	293.920000
199947.206093	297.810000
