0.000000	500.000000
26.407796	500.816000
142.117990	504.993000
171.697092	505.892000
303.215110	510.628000
312.539114	510.905000
429.808168	515.009000
460.855259	515.951000
583.446672	520.310000
614.627593	521.262000
729.799876	525.407000
755.893850	526.200000
869.118434	530.132000
917.326187	531.621000
1032.035098	535.482000
1070.322582	536.643000
1181.096186	540.271000
1233.517468	541.860000
1334.029954	545.240000
1400.984426	547.207000
1496.095337	550.396000
1573.273024	552.740000
1647.758448	555.319000
1705.552877	557.222000
1801.919341	560.510000
1887.615326	563.398000
1941.900857	565.259000
2024.729115	567.944000
2098.095506	570.435000
2197.116285	573.708000
2250.269217	575.583000
2332.051324	578.414000
2378.976348	580.041000
2492.993043	584.004000
2533.673456	585.387000
2642.025020	589.133000
2677.548829	590.322000
2783.965474	593.970000
2813.561616	594.976000
2951.551384	599.676000
2967.503783	600.215000
3090.124372	604.365000
3117.413759	605.275000
3249.113387	609.742000
3255.413378	609.946000
3407.303104	614.938000
3410.852547	615.047000
3574.079548	620.125000
3575.151208	620.156000
3722.852360	624.711000
3739.484659	625.251000
3886.245471	629.762000
3909.707537	630.487000
4060.480683	635.066000
4085.512839	635.831000
4200.584259	639.443000
4236.154683	640.576000
4366.184801	644.808000
4399.411295	645.863000
4517.109664	649.733000
4566.789500	651.291000
4666.537876	654.497000
4713.093242	655.922000
4840.342318	659.955000
4882.059026	661.171000
5006.103046	665.158000
5048.182075	666.365000
5173.416646	670.252000
5209.172067	671.262000
5342.688967	675.264000
5378.201110	676.219000
5529.513290	680.725000
5557.910993	681.456000
5699.658635	685.713000
5734.473332	686.579000
5884.514621	690.946000
5900.273985	691.321000
6070.338594	695.965000
6093.866601	696.486000
6286.816554	701.538000
6292.948060	701.679000
6455.559191	706.200000
6469.199314	706.510000
6662.905210	711.622000
6669.817161	711.800000
6882.556060	716.654000
6884.796828	716.712000
7103.314832	721.468000
7124.339596	722.031000
7345.791354	726.860000
7349.358198	726.956000
7565.743827	731.529000
7606.877089	732.597000
7778.475664	736.508000
7808.043610	737.234000
8013.530916	741.883000
8047.082318	742.696000
8216.522817	746.330000
8283.469122	747.857000
8485.123882	751.774000
8536.120990	752.874000
8747.876898	756.568000
8828.574724	758.249000
9037.096501	761.437000
9116.397924	763.056000
9390.393023	766.695000
9491.896179	768.581000
9712.131784	771.533000
9837.834361	773.590000
10059.957089	776.646000
10197.792625	778.612000
10407.014354	781.338000
10604.882531	783.938000
10857.549411	786.666000
11044.117278	789.177000
11305.525413	791.687000
11492.846744	793.950000
11810.721460	796.300000
12078.927943	799.545000
12741.606680	801.682000
12968.076166	804.383000
13373.725692	799.545000
14379.992656	796.300000
14574.225394	793.950000
14880.331982	791.687000
15088.098902	789.177000
15349.611184	786.666000
15552.302200	783.938000
15793.113742	781.338000
16000.570916	778.612000
16151.462303	776.646000
16365.717337	773.590000
16515.228610	771.533000
16695.624335	768.581000
16836.330416	766.695000
17032.178764	763.056000
17154.079854	761.437000
17310.233614	758.249000
17420.185028	756.568000
17597.518620	752.874000
17660.575333	751.774000
17842.171399	747.857000
17920.784322	746.330000
18080.105127	742.696000
18118.012427	741.883000
18309.870324	737.234000
18341.959759	736.508000
18501.243833	732.597000
18548.103275	731.529000
18724.229123	726.956000
18728.771660	726.860000
18908.191346	722.031000
18934.009805	721.468000
19111.618646	716.712000
19114.283500	716.654000
19301.812570	711.800000
19309.613873	711.622000
19508.118874	706.510000
19519.865515	706.200000
19718.791313	701.679000
19723.862795	701.538000
19943.553352	696.486000
19963.451793	695.965000
20173.171688	691.321000
20186.904296	690.946000
20370.427333	686.579000
20400.181342	685.713000
20571.320100	681.456000
20595.660604	680.725000
20770.708552	676.219000
20802.777600	675.264000
20951.593934	671.262000
20985.290103	670.252000
21122.895373	666.365000
21161.783494	665.158000
21300.780255	661.171000
21338.612592	659.955000
21476.970721	655.922000
21521.932271	654.497000
21626.673678	651.291000
21675.147779	649.733000
21798.550195	645.863000
21830.635926	644.808000
21963.919831	640.576000
21998.731769	639.443000
22112.130156	635.831000
22136.501594	635.066000
22286.334592	630.487000
22310.206732	629.762000
22456.189322	625.251000
22473.757675	624.711000
22614.054198	620.156000
22615.059409	620.125000
22790.604164	615.047000
22794.107855	614.938000
22956.665849	609.946000
22962.872881	609.742000
23100.824157	605.275000
23127.653497	604.365000
23252.105095	600.215000
23268.030998	599.676000
23407.133552	594.976000
23436.669234	593.970000
23543.992023	590.322000
23578.676615	589.133000
23690.596032	585.387000
23730.598758	584.004000
23847.168880	580.041000
23893.978156	578.414000
23975.628276	575.583000
24029.793394	573.708000
24122.577153	570.435000
24197.939438	567.944000
24277.019631	565.259000
24334.428714	563.398000
24418.671923	560.510000
24516.237159	557.222000
24572.011302	555.319000
24650.335964	552.740000
24718.034232	550.396000
24823.034080	547.207000
24881.699230	545.240000
24996.750636	541.860000
25044.003399	540.271000
25163.691512	536.643000
25199.140286	535.482000
25326.468433	531.621000
25370.706083	530.132000
25498.008223	526.200000
25520.843191	525.407000
25657.236036	521.262000
25683.688150	520.310000
25826.458772	515.951000
25852.951342	515.009000
25988.213827	510.905000
25996.128917	510.628000
26155.545827	505.892000
26180.510923	504.993000
26317.943527	500.816000
26333.234891	500.264000
26474.497183	495.899000
26484.578432	495.543000
26638.055166	490.828000
26660.919097	490.016000
26791.229624	485.881000
26813.216516	485.093000
26945.533155	481.018000
26956.395000	480.636000
27115.091810	475.799000
27141.885372	474.886000
27270.319120	471.035000
27292.715260	470.271000
27436.300828	465.863000
27450.255972	465.384000
27590.749777	460.935000
27611.892554	460.219000
27744.580453	455.775000
27763.616420	455.120000
27886.588009	450.952000
27901.045607	450.473000
28039.853571	445.844000
28064.759520	445.054000
28191.448683	440.736000
28205.538328	440.307000
28345.588845	435.603000
28351.334412	435.436000
28492.411031	430.860000
28515.754055	430.208000
28662.940239	425.527000
28674.108354	425.214000
28819.991810	420.606000
28824.903595	420.465000
28991.359048	415.453000
29001.542775	415.167000
29163.877752	410.461000
29166.105877	410.396000
29347.193895	405.327000
29354.307185	405.127000
29512.799406	400.448000
29513.181281	400.437000
29699.523186	395.342000
29714.433908	394.906000
29874.531820	390.217000
29879.278324	390.076000
30028.257911	385.599000
30049.219495	384.951000
30208.289772	380.081000
30211.796476	379.967000
30357.948958	375.273000
30372.444681	374.776000
30509.201370	370.228000
30528.130800	369.562000
30658.962578	365.127000
30674.296827	364.580000
30808.228298	360.144000
30825.672220	359.503000
30977.385024	355.093000
30998.684782	354.326000
31156.908028	349.919000
31177.607847	349.213000
31346.205315	344.932000
31372.320171	344.079000
31550.735938	339.886000
31582.499620	338.969000
31765.144776	334.400000
31790.342594	333.681000
31938.178880	329.779000
31977.402436	328.662000
32137.343565	324.327000
32171.896434	323.373000
32328.160325	319.214000
32364.855100	318.264000
32520.951427	314.026000
32569.635712	312.979000
32741.762805	309.113000
32798.833643	307.959000
32974.078922	303.864000
33040.637346	302.446000
33205.939199	298.680000
33243.360549	297.810000
33447.680148	293.920000
33529.950619	292.052000
33752.348574	288.916000
33832.951915	287.172000
34058.493376	292.052000
34190.967668	293.920000
34362.291078	297.810000
34407.987236	298.680000
34569.974367	302.446000
34632.214948	303.864000
34824.427041	307.959000
34873.812402	309.113000
35065.004655	312.979000
35111.620554	314.026000
35308.682639	318.264000
35343.673557	319.214000
35504.319417	323.373000
35540.163551	324.327000
35697.172652	328.662000
35738.384703	329.779000
35875.403787	333.681000
35902.644763	334.400000
36062.768311	338.969000
36099.425261	339.886000
36244.665306	344.079000
36280.961192	344.932000
36412.025317	349.213000
36439.829524	349.919000
36569.042131	354.326000
36596.579510	355.093000
36719.046172	359.503000
36741.097852	360.144000
36861.817412	364.580000
36878.332406	365.127000
37002.660369	369.562000
37022.307261	370.228000
37151.573098	374.776000
37166.517705	375.273000
37303.424997	379.967000
37306.974503	380.081000
37456.778478	384.951000
37477.944297	385.599000
37622.766849	390.076000
37627.458857	390.217000
37785.305362	394.906000
37800.191839	395.342000
37974.435253	400.437000
37974.837561	400.448000
38137.273497	405.127000
38144.048116	405.327000
38324.334431	410.396000
38326.656530	410.461000
38487.972749	415.167000
38497.838411	415.453000
38676.302882	420.465000
38680.985687	420.606000
38841.507003	425.214000
38851.416187	425.527000
39018.438378	430.208000
39038.939423	430.860000
39202.770218	435.436000
39207.918775	435.603000
39369.757985	440.307000
39382.530450	440.736000
39524.346503	445.054000
39547.524928	445.844000
39693.461178	450.473000
39707.824759	450.952000
39833.626994	455.120000
39852.951943	455.775000
39982.105897	460.219000
40003.484055	460.935000
40134.858661	465.384000
40149.984877	465.863000
40278.407160	470.271000
40303.293588	471.035000
40416.183028	474.886000
40446.632265	475.799000
40588.582387	480.636000
40601.115399	481.018000
40716.984556	485.093000
40742.571185	485.881000
40857.946565	490.016000
40883.535959	490.828000
41016.298813	495.543000
41027.886876	495.899000
41151.495445	500.264000
41169.359543	500.816000
41285.069736	504.993000
41314.648839	505.892000
41446.166857	510.628000
41455.490861	510.905000
41572.759915	515.009000
41603.807006	515.951000
41726.398419	520.310000
41757.579340	521.262000
41872.751622	525.407000
41898.845597	526.200000
42012.070180	530.132000
42060.277934	531.621000
42174.986845	535.482000
42213.274329	536.643000
42324.047933	540.271000
42376.469215	541.860000
42476.981700	545.240000
42543.936173	547.207000
42639.047084	550.396000
42716.224771	552.740000
42790.710194	555.319000
42848.504624	557.222000
42944.871087	560.510000
43030.567073	563.398000
43084.852604	565.259000
43167.680862	567.944000
43241.047253	570.435000
43340.068031	573.708000
43393.220964	575.583000
43475.003070	578.414000
43521.928095	580.041000
43635.944790	584.004000
43676.625203	585.387000
43784.976767	589.133000
43820.500575	590.322000
43926.917221	593.970000
43956.513363	594.976000
44094.503130	599.676000
44110.455530	600.215000
44233.076119	604.365000
44260.365506	605.275000
44392.065133	609.742000
44398.365125	609.946000
44550.254851	614.938000
44553.804294	615.047000
44717.031295	620.125000
44718.102955	620.156000
44865.804107	624.711000
44882.436406	625.251000
45029.197218	629.762000
45052.659284	630.487000
45203.432429	635.066000
45228.464585	635.831000
45343.536006	639.443000
45379.106430	640.576000
45509.136548	644.808000
45542.363041	645.863000
45660.061411	649.733000
45709.741246	651.291000
45809.489623	654.497000
45856.044989	655.922000
45983.294064	659.955000
46025.010773	661.171000
46149.054793	665.158000
46191.133822	666.365000
46316.368392	670.252000
46352.123814	671.262000
46485.640713	675.264000
46521.152857	676.219000
46672.465037	680.725000
46700.862740	681.456000
46842.610382	685.713000
46877.425079	686.579000
47027.466368	690.946000
47043.225731	691.321000
47213.290340	695.965000
47236.818348	696.486000
47429.768301	701.538000
47435.899807	701.679000
47598.510938	706.200000
47612.151061	706.510000
47805.856957	711.622000
47812.768907	711.800000
48025.507807	716.654000
48027.748574	716.712000
48246.266579	721.468000
48267.291343	722.031000
48488.743101	726.860000
48492.309945	726.956000
48708.695574	731.529000
48749.828835	732.597000
48921.427411	736.508000
48950.995357	737.234000
49156.482663	741.883000
49190.034065	742.696000
49359.474564	746.330000
49426.420868	747.857000
49628.075629	751.774000
49679.072737	752.874000
49890.828645	756.568000
49971.526471	758.249000
50180.048247	761.437000
50259.349671	763.056000
50533.344770	766.695000
50634.847926	768.581000
50855.083531	771.533000
50980.786107	773.590000
51202.908836	776.646000
51340.744371	778.612000
51549.966100	781.338000
51747.834278	783.938000
52000.501157	786.666000
52187.069025	789.177000
52448.477160	791.687000
52635.798491	793.950000
52953.673207	796.300000
53221.879690	799.545000
53884.558427	801.682000
54111.027912	804.383000
54516.677439	799.545000
55522.944402	796.300000
55717.177141	793.950000
56023.283729	791.687000
56231.050649	789.177000
56492.562931	786.666000
56695.253947	783.938000
56936.065489	781.338000
57143.522663	778.612000
57294.414050	776.646000
57508.669084	773.590000
57658.180357	771.533000
57838.576082	768.581000
57979.282163	766.695000
58175.130511	763.056000
58297.031601	761.437000
58453.185361	758.249000
58563.136774	756.568000
58740.470366	752.874000
58803.527080	751.774000
58985.123146	747.857000
59063.736069	746.330000
59223.056874	742.696000
59260.964173	741.883000
59452.822071	737.234000
59484.911506	736.508000
59644.195580	732.597000
59691.055022	731.529000
59867.180870	726.956000
59871.723407	726.860000
60051.143093	722.031000
60076.961552	721.468000
60254.570393	716.712000
60257.235247	716.654000
60444.764317	711.800000
60452.565619	711.622000
60651.070621	706.510000
60662.817262	706.200000
60861.743060	701.679000
60866.814542	701.538000
61086.505099	696.486000
61106.403540	695.965000
61316.123435	691.321000
61329.856042	690.946000
61513.379080	686.579000
61543.133089	685.713000
61714.271847	681.456000
61738.612351	680.725000
61913.660299	676.219000
61945.729347	675.264000
62094.545681	671.262000
62128.241850	670.252000
62265.847120	666.365000
62304.735241	665.158000
62443.732001	661.171000
62481.564338	659.955000
62619.922468	655.922000
62664.884018	654.497000
62769.625424	651.291000
62818.099526	649.733000
62941.501941	645.863000
62973.587673	644.808000
63106.871577	640.576000
63141.683516	639.443000
63255.081902	635.831000
63279.453341	635.066000
63429.286339	630.487000
63453.158479	629.762000
63599.141069	625.251000
63616.709422	624.711000
63757.005945	620.156000
63758.011156	620.125000
63933.555910	615.047000
63937.059601	614.938000
64099.617595	609.946000
64105.824628	609.742000
64243.775904	605.275000
64270.605243	604.365000
64395.056842	600.215000
64410.982745	599.676000
64550.085299	594.976000
64579.620981	593.970000
64686.943770	590.322000
64721.628362	589.133000
64833.547778	585.387000
64873.550505	584.004000
64990.120627	580.041000
65036.929903	578.414000
65118.580023	575.583000
65172.745141	573.708000
65265.528900	570.435000
65340.891185	567.944000
65419.971378	565.259000
65477.380461	563.398000
65561.623670	560.510000
65659.188906	557.222000
65714.963049	555.319000
65793.287711	552.740000
65860.985979	550.396000
65965.985827	547.207000
66024.650976	545.240000
66139.702383	541.860000
66186.955146	540.271000
66306.643259	536.643000
66342.092033	535.482000
66469.420180	531.621000
66513.657830	530.132000
66640.959970	526.200000
66663.794938	525.407000
66800.187782	521.262000
66826.639897	520.310000
66969.410519	515.951000
66995.903088	515.009000
67131.165574	510.905000
67139.080663	510.628000
67298.497573	505.892000
67323.462670	504.993000
67460.895274	500.816000
67476.186638	500.264000
67617.448930	495.899000
67627.530178	495.543000
67781.006912	490.828000
67803.870844	490.016000
67934.181370	485.881000
67956.168263	485.093000
68088.484902	481.018000
68099.346747	480.636000
68258.043557	475.799000
68284.837119	474.886000
68413.270867	471.035000
68435.667006	470.271000
68579.252575	465.863000
68593.207719	465.384000
68733.701523	460.935000
68754.844301	460.219000
68887.532200	455.775000
68906.568167	455.120000
69029.539756	450.952000
69043.997354	450.473000
69182.805318	445.844000
69207.711266	445.054000
69334.400430	440.736000
69348.490075	440.307000
69488.540592	435.603000
69494.286159	435.436000
69635.362777	430.860000
69658.705801	430.208000
69805.891986	425.527000
69817.060101	425.214000
69962.943556	420.606000
69967.855341	420.465000
70134.310795	415.453000
70144.494522	415.167000
70306.829499	410.461000
70309.057624	410.396000
70490.145642	405.327000
70497.258931	405.127000
70655.751152	400.448000
70656.133028	400.437000
70842.474933	395.342000
70857.385655	394.906000
71017.483567	390.217000
71022.230071	390.076000
71171.209658	385.599000
71192.171242	384.951000
71351.241518	380.081000
71354.748223	379.967000
71500.900704	375.273000
71515.396428	374.776000
71652.153117	370.228000
71671.082547	369.562000
71801.914325	365.127000
71817.248574	364.580000
71951.180045	360.144000
71968.623967	359.503000
72120.336771	355.093000
72141.636529	354.326000
72299.859775	349.919000
72320.559594	349.213000
72489.157062	344.932000
72515.271918	344.079000
72693.687685	339.886000
72725.451367	338.969000
72908.096522	334.400000
72933.294340	333.681000
73081.130626	329.779000
73120.354183	328.662000
73280.295312	324.327000
73314.848180	323.373000
73471.112072	319.214000
73507.806846	318.264000
73663.903174	314.026000
73712.587459	312.979000
73884.714552	309.113000
73941.785390	307.959000
74117.030669	303.864000
74183.589093	302.446000
74348.890946	298.680000
74386.312296	297.810000
74590.631895	293.920000
74672.902366	292.052000
74895.300321	288.916000
74975.903662	287.172000
75201.445123	292.052000
75333.919415	293.920000
75505.242825	297.810000
75550.938982	298.680000
75712.926114	302.446000
75775.166695	303.864000
75967.378788	307.959000
76016.764149	309.113000
76207.956402	312.979000
76254.572301	314.026000
76451.634385	318.264000
76486.625303	319.214000
76647.271164	323.373000
76683.115297	324.327000
76840.124399	328.662000
76881.336450	329.779000
77018.355534	333.681000
77045.596510	334.400000
77205.720058	338.969000
77242.377008	339.886000
77387.617053	344.079000
77423.912939	344.932000
77554.977064	349.213000
77582.781271	349.919000
77711.993878	354.326000
77739.531257	355.093000
77861.997919	359.503000
77884.049599	360.144000
78004.769159	364.580000
78021.284153	365.127000
78145.612116	369.562000
78165.259007	370.228000
78294.524844	374.776000
78309.469452	375.273000
78446.376744	379.967000
78449.926250	380.081000
78599.730225	384.951000
78620.896044	385.599000
78765.718596	390.076000
78770.410604	390.217000
78928.257109	394.906000
78943.143586	395.342000
79117.387000	400.437000
79117.789308	400.448000
79280.225244	405.127000
79286.999863	405.327000
79467.286177	410.396000
79469.608277	410.461000
79630.924496	415.167000
79640.790158	415.453000
79819.254629	420.465000
79823.937434	420.606000
79984.458749	425.214000
79994.367934	425.527000
80161.390125	430.208000
80181.891170	430.860000
80345.721965	435.436000
80350.870522	435.603000
80512.709732	440.307000
80525.482196	440.736000
80667.298250	445.054000
80690.476675	445.844000
80836.412925	450.473000
80850.776506	450.952000
80976.578740	455.120000
80995.903690	455.775000
81125.057644	460.219000
81146.435802	460.935000
81277.810408	465.384000
81292.936623	465.863000
81421.358906	470.271000
81446.245334	471.035000
81559.134774	474.886000
81589.584012	475.799000
81731.534133	480.636000
81744.067146	481.018000
81859.936303	485.093000
81885.522932	485.881000
82000.898311	490.016000
82026.487706	490.828000
82159.250559	495.543000
82170.838622	495.899000
82294.447192	500.264000
82312.311290	500.816000
82428.021483	504.993000
82457.600586	505.892000
82589.118604	510.628000
82598.442608	510.905000
82715.711662	515.009000
82746.758753	515.951000
82869.350166	520.310000
82900.531086	521.262000
83015.703369	525.407000
83041.797344	526.200000
83155.021927	530.132000
83203.229680	531.621000
83317.938591	535.482000
83356.226076	536.643000
83466.999680	540.271000
83519.420961	541.860000
83619.933447	545.240000
83686.887920	547.207000
83781.998831	550.396000
83859.176518	552.740000
83933.661941	555.319000
83991.456370	557.222000
84087.822834	560.510000
84173.518820	563.398000
84227.804350	565.259000
84310.632609	567.944000
84383.999000	570.435000
84483.019778	573.708000
84536.172711	575.583000
84617.954817	578.414000
84664.879842	580.041000
84778.896536	584.004000
84819.576950	585.387000
84927.928514	589.133000
84963.452322	590.322000
85069.868968	593.970000
85099.465110	594.976000
85237.454877	599.676000
85253.407276	600.215000
85376.027866	604.365000
85403.317252	605.275000
85535.016880	609.742000
85541.316871	609.946000
85693.206597	614.938000
85696.756041	615.047000
85859.983042	620.125000
85861.054702	620.156000
86008.755853	624.711000
86025.388152	625.251000
86172.148965	629.762000
86195.611031	630.487000
86346.384176	635.066000
86371.416332	635.831000
86486.487753	639.443000
86522.058177	640.576000
86652.088295	644.808000
86685.314788	645.863000
86803.013158	649.733000
86852.692993	651.291000
86952.441370	654.497000
86998.996736	655.922000
87126.245811	659.955000
87167.962520	661.171000
87292.006540	665.158000
87334.085569	666.365000
87459.320139	670.252000
87495.075560	671.262000
87628.592460	675.264000
87664.104604	676.219000
87815.416784	680.725000
87843.814487	681.456000
87985.562129	685.713000
88020.376826	686.579000
88170.418115	690.946000
88186.177478	691.321000
88356.242087	695.965000
88379.770094	696.486000
88572.720048	701.538000
88578.851554	701.679000
88741.462684	706.200000
88755.102808	706.510000
88948.808704	711.622000
88955.720654	711.800000
89168.459554	716.654000
89170.700321	716.712000
89389.218325	721.468000
89410.243089	722.031000
89631.694848	726.860000
89635.261692	726.956000
89851.647320	731.529000
89892.780582	732.597000
90064.379157	736.508000
90093.947103	737.234000
90299.434409	741.883000
90332.985812	742.696000
90502.426311	746.330000
90569.372615	747.857000
90771.027375	751.774000
90822.024484	752.874000
91033.780392	756.568000
91114.478218	758.249000
91322.999994	761.437000
91402.301417	763.056000
91676.296517	766.695000
91777.799673	768.581000
91998.035277	771.533000
92123.737854	773.590000
92345.860582	776.646000
92483.696118	778.612000
92692.917847	781.338000
92890.786025	783.938000
93143.452904	786.666000
93330.020772	789.177000
93591.428907	791.687000
93778.750238	793.950000
94096.624954	796.300000
94364.831437	799.545000
95027.510173	801.682000
95253.979659	804.383000
95659.629186	799.545000
96665.896149	796.300000
96860.128887	793.950000
97166.235476	791.687000
97374.002396	789.177000
97635.514677	786.666000
97838.205694	783.938000
98079.017236	781.338000
98286.474410	778.612000
98437.365796	776.646000
98651.620830	773.590000
98801.132104	771.533000
98981.527829	768.581000
99122.233910	766.695000
99318.082258	763.056000
99439.983347	761.437000
99596.137108	758.249000
99706.088521	756.568000
99883.422113	752.874000
99946.478827	751.774000
100128.074893	747.857000
100206.687816	746.330000
100366.008621	742.696000
100403.915920	741.883000
100595.773818	737.234000
100627.863253	736.508000
100787.147327	732.597000
100834.006769	731.529000
101010.132617	726.956000
101014.675154	726.860000
101194.094840	722.031000
101219.913299	721.468000
101397.522140	716.712000
101400.186994	716.654000
101587.716063	711.800000
101595.517366	711.622000
101794.022368	706.510000
101805.769009	706.200000
102004.694807	701.679000
102009.766289	701.538000
102229.456845	696.486000
102249.355287	695.965000
102459.075182	691.321000
102472.807789	690.946000
102656.330826	686.579000
102686.084835	685.713000
102857.223593	681.456000
102881.564098	680.725000
103056.612045	676.219000
103088.681094	675.264000
103237.497428	671.262000
103271.193597	670.252000
103408.798866	666.365000
103447.686987	665.158000
103586.683748	661.171000
103624.516085	659.955000
103762.874215	655.922000
103807.835765	654.497000
103912.577171	651.291000
103961.051273	649.733000
104084.453688	645.863000
104116.539419	644.808000
104249.823324	640.576000
104284.635263	639.443000
104398.033649	635.831000
104422.405088	635.066000
104572.238085	630.487000
104596.110226	629.762000
104742.092816	625.251000
104759.661168	624.711000
104899.957692	620.156000
104900.962903	620.125000
105076.507657	615.047000
105080.011348	614.938000
105242.569342	609.946000
105248.776374	609.742000
105386.727650	605.275000
105413.556990	604.365000
105538.008589	600.215000
105553.934492	599.676000
105693.037046	594.976000
105722.572728	593.970000
105829.895517	590.322000
105864.580109	589.133000
105976.499525	585.387000
106016.502252	584.004000
106133.072374	580.041000
106179.881650	578.414000
106261.531770	575.583000
106315.696888	573.708000
106408.480647	570.435000
106483.842932	567.944000
106562.923125	565.259000
106620.332208	563.398000
106704.575417	560.510000
106802.140653	557.222000
106857.914795	555.319000
106936.239458	552.740000
107003.937726	550.396000
107108.937573	547.207000
107167.602723	545.240000
107282.654130	541.860000
107329.906893	540.271000
107449.595005	536.643000
107485.043780	535.482000
107612.371926	531.621000
107656.609577	530.132000
107783.911717	526.200000
107806.746685	525.407000
107943.139529	521.262000
107969.591643	520.310000
108112.362266	515.951000
108138.854835	515.009000
108274.117321	510.905000
108282.032410	510.628000
108441.449320	505.892000
108466.414417	504.993000
108603.847021	500.816000
108619.138384	500.264000
108760.400677	495.899000
108770.481925	495.543000
108923.958659	490.828000
108946.822591	490.016000
109077.133117	485.881000
109099.120010	485.093000
109231.436649	481.018000
109242.298494	480.636000
109400.995303	475.799000
109427.788866	474.886000
109556.222614	471.035000
109578.618753	470.271000
109722.204322	465.863000
109736.159465	465.384000
109876.653270	460.935000
109897.796048	460.219000
110030.483946	455.775000
110049.519914	455.120000
110172.491502	450.952000
110186.949101	450.473000
110325.757064	445.844000
110350.663013	445.054000
110477.352177	440.736000
110491.441822	440.307000
110631.492339	435.603000
110637.237906	435.436000
110778.314524	430.860000
110801.657548	430.208000
110948.843733	425.527000
110960.011848	425.214000
111105.895303	420.606000
111110.807088	420.465000
111277.262542	415.453000
111287.446269	415.167000
111449.781246	410.461000
111452.009370	410.396000
111633.097389	405.327000
111640.210678	405.127000
111798.702899	400.448000
111799.084775	400.437000
111985.426680	395.342000
112000.337402	394.906000
112160.435314	390.217000
112165.181818	390.076000
112314.161404	385.599000
112335.122989	384.951000
112494.193265	380.081000
112497.699970	379.967000
112643.852451	375.273000
112658.348174	374.776000
112795.104864	370.228000
112814.034294	369.562000
112944.866072	365.127000
112960.200321	364.580000
113094.131792	360.144000
113111.575714	359.503000
113263.288518	355.093000
113284.588275	354.326000
113442.811522	349.919000
113463.511340	349.213000
113632.108809	344.932000
113658.223665	344.079000
113836.639431	339.886000
113868.403114	338.969000
114051.048269	334.400000
114076.246087	333.681000
114224.082373	329.779000
114263.305930	328.662000
114423.247059	324.327000
114457.799927	323.373000
114614.063819	319.214000
114650.758593	318.264000
114806.854920	314.026000
114855.539206	312.979000
115027.666299	309.113000
115084.737137	307.959000
115259.982415	303.864000
115326.540840	302.446000
115491.842692	298.680000
115529.264043	297.810000
115733.583642	293.920000
115815.854113	292.052000
116038.252067	288.916000
116118.855409	287.172000
116344.396870	292.052000
116476.871161	293.920000
116648.194572	297.810000
116693.890729	298.680000
116855.877861	302.446000
116918.118441	303.864000
117110.330535	307.959000
117159.715895	309.113000
117350.908149	312.979000
117397.524048	314.026000
117594.586132	318.264000
117629.577050	319.214000
117790.222910	323.373000
117826.067044	324.327000
117983.076146	328.662000
118024.288197	329.779000
118161.307281	333.681000
118188.548257	334.400000
118348.671804	338.969000
118385.328755	339.886000
118530.568800	344.079000
118566.864685	344.932000
118697.928810	349.213000
118725.733018	349.919000
118854.945624	354.326000
118882.483004	355.093000
119004.949666	359.503000
119027.001346	360.144000
119147.720906	364.580000
119164.235900	365.127000
119288.563863	369.562000
119308.210754	370.228000
119437.476591	374.776000
119452.421199	375.273000
119589.328491	379.967000
119592.877997	380.081000
119742.681972	384.951000
119763.847791	385.599000
119908.670342	390.076000
119913.362351	390.217000
120071.208856	394.906000
120086.095332	395.342000
120260.338746	400.437000
120260.741055	400.448000
120423.176990	405.127000
120429.951610	405.327000
120610.237924	410.396000
120612.560024	410.461000
120773.876243	415.167000
120783.741905	415.453000
120962.206375	420.465000
120966.889180	420.606000
121127.410496	425.214000
121137.319681	425.527000
121304.341872	430.208000
121324.842917	430.860000
121488.673712	435.436000
121493.822268	435.603000
121655.661479	440.307000
121668.433943	440.736000
121810.249997	445.054000
121833.428422	445.844000
121979.364672	450.473000
121993.728252	450.952000
122119.530487	455.120000
122138.855437	455.775000
122268.009390	460.219000
122289.387549	460.935000
122420.762155	465.384000
122435.888370	465.863000
122564.310653	470.271000
122589.197081	471.035000
122702.086521	474.886000
122732.535758	475.799000
122874.485880	480.636000
122887.018893	481.018000
123002.888050	485.093000
123028.474678	485.881000
123143.850058	490.016000
123169.439453	490.828000
123302.202306	495.543000
123313.790369	495.899000
123437.398939	500.264000
123455.263036	500.816000
123570.973230	504.993000
123600.552332	505.892000
123732.070350	510.628000
123741.394355	510.905000
123858.663409	515.009000
123889.710500	515.951000
124012.301913	520.310000
124043.482833	521.262000
124158.655116	525.407000
124184.749091	526.200000
124297.973674	530.132000
124346.181427	531.621000
124460.890338	535.482000
124499.177823	536.643000
124609.951426	540.271000
124662.372708	541.860000
124762.885194	545.240000
124829.839666	547.207000
124924.950578	550.396000
125002.128265	552.740000
125076.613688	555.319000
125134.408117	557.222000
125230.774581	560.510000
125316.470567	563.398000
125370.756097	565.259000
125453.584355	567.944000
125526.950746	570.435000
125625.971525	573.708000
125679.124457	575.583000
125760.906564	578.414000
125807.831589	580.041000
125921.848283	584.004000
125962.528697	585.387000
126070.880261	589.133000
126106.404069	590.322000
126212.820715	593.970000
126242.416856	594.976000
126380.406624	599.676000
126396.359023	600.215000
126518.979613	604.365000
126546.268999	605.275000
126677.968627	609.742000
126684.268618	609.946000
126836.158344	614.938000
126839.707788	615.047000
127002.934789	620.125000
127004.006448	620.156000
127151.707600	624.711000
127168.339899	625.251000
127315.100712	629.762000
127338.562777	630.487000
127489.335923	635.066000
127514.368079	635.831000
127629.439499	639.443000
127665.009924	640.576000
127795.040042	644.808000
127828.266535	645.863000
127945.964905	649.733000
127995.644740	651.291000
128095.393117	654.497000
128141.948483	655.922000
128269.197558	659.955000
128310.914266	661.171000
128434.958286	665.158000
128477.037316	666.365000
128602.271886	670.252000
128638.027307	671.262000
128771.544207	675.264000
128807.056351	676.219000
128958.368531	680.725000
128986.766234	681.456000
129128.513876	685.713000
129163.328572	686.579000
129313.369862	690.946000
129329.129225	691.321000
129499.193834	695.965000
129522.721841	696.486000
129715.671795	701.538000
129721.803301	701.679000
129884.414431	706.200000
129898.054554	706.510000
130091.760451	711.622000
130098.672401	711.800000
130311.411300	716.654000
130313.652068	716.712000
130532.170072	721.468000
130553.194836	722.031000
130774.646595	726.860000
130778.213439	726.956000
130994.599067	731.529000
131035.732329	732.597000
131207.330904	736.508000
131236.898850	737.234000
131442.386156	741.883000
131475.937559	742.696000
131645.378058	746.330000
131712.324362	747.857000
131913.979122	751.774000
131964.976230	752.874000
132176.732139	756.568000
132257.429964	758.249000
132465.951741	761.437000
132545.253164	763.056000
132819.248264	766.695000
132920.751419	768.581000
133140.987024	771.533000
133266.689601	773.590000
133488.812329	776.646000
133626.647865	778.612000
133835.869594	781.338000
134033.737772	783.938000
134286.404651	786.666000
134472.972519	789.177000
134734.380654	791.687000
134921.701984	793.950000
135239.576701	796.300000
135507.783184	799.545000
136170.461920	801.682000
136396.931406	804.383000
136802.580933	799.545000
137808.847896	796.300000
138003.080634	793.950000
138309.187222	791.687000
138516.954142	789.177000
138778.466424	786.666000
138981.157441	783.938000
139221.968983	781.338000
139429.426157	778.612000
139580.317543	776.646000
139794.572577	773.590000
139944.083851	771.533000
140124.479576	768.581000
140265.185657	766.695000
140461.034004	763.056000
140582.935094	761.437000
140739.088855	758.249000
140849.040268	756.568000
141026.373860	752.874000
141089.430573	751.774000
141271.026639	747.857000
141349.639562	746.330000
141508.960368	742.696000
141546.867667	741.883000
141738.725565	737.234000
141770.815000	736.508000
141930.099073	732.597000
141976.958516	731.529000
142153.084364	726.956000
142157.626900	726.860000
142337.046586	722.031000
142362.865046	721.468000
142540.473887	716.712000
142543.138740	716.654000
142730.667810	711.800000
142738.469113	711.622000
142936.974115	706.510000
142948.720755	706.200000
143147.646553	701.679000
143152.718035	701.538000
143372.408592	696.486000
143392.307034	695.965000
143602.026929	691.321000
143615.759536	690.946000
143799.282573	686.579000
143829.036582	685.713000
144000.175340	681.456000
144024.515844	680.725000
144199.563792	676.219000
144231.632841	675.264000
144380.449175	671.262000
144414.145344	670.252000
144551.750613	666.365000
144590.638734	665.158000
144729.635495	661.171000
144767.467832	659.955000
144905.825962	655.922000
144950.787512	654.497000
145055.528918	651.291000
145104.003020	649.733000
145227.405435	645.863000
145259.491166	644.808000
145392.775071	640.576000
145427.587010	639.443000
145540.985396	635.831000
145565.356835	635.066000
145715.189832	630.487000
145739.061973	629.762000
145885.044563	625.251000
145902.612915	624.711000
146042.909438	620.156000
146043.914649	620.125000
146219.459404	615.047000
146222.963095	614.938000
146385.521089	609.946000
146391.728121	609.742000
146529.679397	605.275000
146556.508737	604.365000
146680.960336	600.215000
146696.886239	599.676000
146835.988793	594.976000
146865.524475	593.970000
146972.847264	590.322000
147007.531856	589.133000
147119.451272	585.387000
147159.453998	584.004000
147276.024121	580.041000
147322.833397	578.414000
147404.483516	575.583000
147458.648635	573.708000
147551.432393	570.435000
147626.794679	567.944000
147705.874871	565.259000
147763.283955	563.398000
147847.527164	560.510000
147945.092400	557.222000
148000.866542	555.319000
148079.191205	552.740000
148146.889473	550.396000
148251.889320	547.207000
148310.554470	545.240000
148425.605877	541.860000
148472.858640	540.271000
148592.546752	536.643000
148627.995527	535.482000
148755.323673	531.621000
148799.561324	530.132000
148926.863463	526.200000
148949.698432	525.407000
149086.091276	521.262000
149112.543390	520.310000
149255.314012	515.951000
149281.806582	515.009000
149417.069067	510.905000
149424.984157	510.628000
149584.401067	505.892000
149609.366164	504.993000
149746.798767	500.816000
149762.090131	500.264000
149903.352423	495.899000
149913.433672	495.543000
150066.910406	490.828000
150089.774337	490.016000
150220.084864	485.881000
150242.071756	485.093000
150374.388395	481.018000
150385.250240	480.636000
150543.947050	475.799000
150570.740613	474.886000
150699.174361	471.035000
150721.570500	470.271000
150865.156068	465.863000
150879.111212	465.384000
151019.605017	460.935000
151040.747795	460.219000
151173.435693	455.775000
151192.471661	455.120000
151315.443249	450.952000
151329.900848	450.473000
151468.708811	445.844000
151493.614760	445.054000
151620.303924	440.736000
151634.393569	440.307000
151774.444086	435.603000
151780.189653	435.436000
151921.266271	430.860000
151944.609295	430.208000
152091.795480	425.527000
152102.963594	425.214000
152248.847050	420.606000
152253.758835	420.465000
152420.214289	415.453000
152430.398015	415.167000
152592.732993	410.461000
152594.961117	410.396000
152776.049136	405.327000
152783.162425	405.127000
152941.654646	400.448000
152942.036521	400.437000
153128.378426	395.342000
153143.289148	394.906000
153303.387060	390.217000
153308.133564	390.076000
153457.113151	385.599000
153478.074736	384.951000
153637.145012	380.081000
153640.651717	379.967000
153786.804198	375.273000
153801.299921	374.776000
153938.056610	370.228000
153956.986040	369.562000
154087.817818	365.127000
154103.152068	364.580000
154237.083539	360.144000
154254.527461	359.503000
154406.240265	355.093000
154427.540022	354.326000
154585.763269	349.919000
154606.463087	349.213000
154775.060556	344.932000
154801.175412	344.079000
154979.591178	339.886000
155011.354861	338.969000
155194.000016	334.400000
155219.197834	333.681000
155367.034120	329.779000
155406.257676	328.662000
155566.198806	324.327000
155600.751674	323.373000
155757.015566	319.214000
155793.710340	318.264000
155949.806667	314.026000
155998.490953	312.979000
156170.618046	309.113000
156227.688884	307.959000
156402.934162	303.864000
156469.492587	302.446000
156634.794439	298.680000
156672.215789	297.810000
156876.535389	293.920000
156958.805860	292.052000
157181.203814	288.916000
157261.807156	287.172000
157487.348616	292.052000
157619.822908	293.920000
157791.146319	297.810000
157836.842476	298.680000
157998.829607	302.446000
158061.070188	303.864000
158253.282282	307.959000
158302.667642	309.113000
158493.859895	312.979000
158540.475794	314.026000
158737.537879	318.264000
158772.528797	319.214000
158933.174657	323.373000
158969.018791	324.327000
159126.027893	328.662000
159167.239944	329.779000
159304.259027	333.681000
159331.500004	334.400000
159491.623551	338.969000
159528.280502	339.886000
159673.520546	344.079000
159709.816432	344.932000
159840.880557	349.213000
159868.684765	349.919000
159997.897371	354.326000
160025.434750	355.093000
160147.901413	359.503000
160169.953092	360.144000
160290.672652	364.580000
160307.187647	365.127000
160431.515609	369.562000
160451.162501	370.228000
160580.428338	374.776000
160595.372946	375.273000
160732.280237	379.967000
160735.829744	380.081000
160885.633718	384.951000
160906.799537	385.599000
161051.622089	390.076000
161056.314098	390.217000
161214.160602	394.906000
161229.047079	395.342000
161403.290493	400.437000
161403.692802	400.448000
161566.128737	405.127000
161572.903357	405.327000
161753.189671	410.396000
161755.511770	410.461000
161916.827990	415.167000
161926.693651	415.453000
162105.158122	420.465000
162109.840927	420.606000
162270.362243	425.214000
162280.271427	425.527000
162447.293618	430.208000
162467.794663	430.860000
162631.625458	435.436000
162636.774015	435.603000
162798.613226	440.307000
162811.385690	440.736000
162953.201744	445.054000
162976.380169	445.844000
163122.316419	450.473000
163136.679999	450.952000
163262.482234	455.120000
163281.807184	455.775000
163410.961137	460.219000
163432.339295	460.935000
163563.713901	465.384000
163578.840117	465.863000
163707.262400	470.271000
163732.148828	471.035000
163845.038268	474.886000
163875.487505	475.799000
164017.437627	480.636000
164029.970639	481.018000
164145.839797	485.093000
164171.426425	485.881000
164286.801805	490.016000
164312.391200	490.828000
164445.154053	495.543000
164456.742116	495.899000
164580.350686	500.264000
164598.214783	500.816000
164713.924977	504.993000
164743.504079	505.892000
164875.022097	510.628000
164884.346101	510.905000
165001.615155	515.009000
165032.662246	515.951000
165155.253659	520.310000
165186.434580	521.262000
165301.606863	525.407000
165327.700837	526.200000
165440.925421	530.132000
165489.133174	531.621000
165603.842085	535.482000
165642.129570	536.643000
165752.903173	540.271000
165805.324455	541.860000
165905.836941	545.240000
165972.791413	547.207000
166067.902325	550.396000
166145.080011	552.740000
166219.565435	555.319000
166277.359864	557.222000
166373.726328	560.510000
166459.422314	563.398000
166513.707844	565.259000
166596.536102	567.944000
166669.902493	570.435000
166768.923272	573.708000
166822.076204	575.583000
166903.858311	578.414000
166950.783335	580.041000
167064.800030	584.004000
167105.480444	585.387000
167213.832007	589.133000
167249.355816	590.322000
167355.772461	593.970000
167385.368603	594.976000
167523.358371	599.676000
167539.310770	600.215000
167661.931359	604.365000
167689.220746	605.275000
167820.920374	609.742000
167827.220365	609.946000
167979.110091	614.938000
167982.659534	615.047000
168145.886536	620.125000
168146.958195	620.156000
168294.659347	624.711000
168311.291646	625.251000
168458.052459	629.762000
168481.514524	630.487000
168632.287670	635.066000
168657.319826	635.831000
168772.391246	639.443000
168807.961670	640.576000
168937.991789	644.808000
168971.218282	645.863000
169088.916651	649.733000
169138.596487	651.291000
169238.344863	654.497000
169284.900230	655.922000
169412.149305	659.955000
169453.866013	661.171000
169577.910033	665.158000
169619.989063	666.365000
169745.223633	670.252000
169780.979054	671.262000
169914.495954	675.264000
169950.008097	676.219000
170101.320277	680.725000
170129.717980	681.456000
170271.465622	685.713000
170306.280319	686.579000
170456.321608	690.946000
170472.080972	691.321000
170642.145581	695.965000
170665.673588	696.486000
170858.623541	701.538000
170864.755048	701.679000
171027.366178	706.200000
171041.006301	706.510000
171234.712197	711.622000
171241.624148	711.800000
171454.363047	716.654000
171456.603815	716.712000
171675.121819	721.468000
171696.146583	722.031000
171917.598341	726.860000
171921.165185	726.956000
172137.550814	731.529000
172178.684076	732.597000
172350.282651	736.508000
172379.850597	737.234000
172585.337903	741.883000
172618.889306	742.696000
172788.329804	746.330000
172855.276109	747.857000
173056.930869	751.774000
173107.927977	752.874000
173319.683886	756.568000
173400.381711	758.249000
173608.903488	761.437000
173688.204911	763.056000
173962.200010	766.695000
174063.703166	768.581000
174283.938771	771.533000
174409.641348	773.590000
174631.764076	776.646000
174769.599612	778.612000
174978.821341	781.338000
175176.689518	783.938000
175429.356398	786.666000
175615.924265	789.177000
175877.332401	791.687000
176064.653731	793.950000
176382.528447	796.300000
176650.734930	799.545000
177313.413667	801.682000
177539.883153	804.383000
177945.532679	799.545000
178951.799643	796.300000
179146.032381	793.950000
179452.138969	791.687000
179659.905889	789.177000
179921.418171	786.666000
180124.109188	783.938000
180364.920730	781.338000
180572.377904	778.612000
180723.269290	776.646000
180937.524324	773.590000
181087.035598	771.533000
181267.431323	768.581000
181408.137403	766.695000
181603.985751	763.056000
181725.886841	761.437000
181882.040601	758.249000
181991.992015	756.568000
182169.325607	752.874000
182232.382320	751.774000
182413.978386	747.857000
182492.591309	746.330000
182651.912114	742.696000
182689.819414	741.883000
182881.677311	737.234000
182913.766747	736.508000
183073.050820	732.597000
183119.910262	731.529000
183296.036111	726.956000
183300.578647	726.860000
183479.998333	722.031000
183505.816793	721.468000
183683.425633	716.712000
183686.090487	716.654000
183873.619557	711.800000
183881.420860	711.622000
184079.925861	706.510000
184091.672502	706.200000
184290.598300	701.679000
184295.669782	701.538000
184515.360339	696.486000
184535.258780	695.965000
184744.978676	691.321000
184758.711283	690.946000
184942.234320	686.579000
184971.988329	685.713000
185143.127087	681.456000
185167.467591	680.725000
185342.515539	676.219000
185374.584587	675.264000
185523.400921	671.262000
185557.097090	670.252000
185694.702360	666.365000
185733.590481	665.158000
185872.587242	661.171000
185910.419579	659.955000
186048.777708	655.922000
186093.739259	654.497000
186198.480665	651.291000
186246.954767	649.733000
186370.357182	645.863000
186402.442913	644.808000
186535.726818	640.576000
186570.538756	639.443000
186683.937143	635.831000
186708.308582	635.066000
186858.141579	630.487000
186882.013719	629.762000
187027.996309	625.251000
187045.564662	624.711000
187185.861185	620.156000
187186.866396	620.125000
187362.411151	615.047000
187365.914842	614.938000
187528.472836	609.946000
187534.679868	609.742000
187672.631144	605.275000
187699.460484	604.365000
187823.912083	600.215000
187839.837986	599.676000
187978.940539	594.976000
188008.476222	593.970000
188115.799010	590.322000
188150.483602	589.133000
188262.403019	585.387000
188302.405745	584.004000
188418.975867	580.041000
188465.785144	578.414000
188547.435263	575.583000
188601.600382	573.708000
188694.384140	570.435000
188769.746426	567.944000
188848.826618	565.259000
188906.235701	563.398000
188990.478910	560.510000
189088.044146	557.222000
189143.818289	555.319000
189222.142952	552.740000
189289.841219	550.396000
189394.841067	547.207000
189453.506217	545.240000
189568.557623	541.860000
189615.810387	540.271000
189735.498499	536.643000
189770.947273	535.482000
189898.275420	531.621000
189942.513070	530.132000
190069.815210	526.200000
190092.650178	525.407000
190229.043023	521.262000
190255.495137	520.310000
190398.265759	515.951000
190424.758329	515.009000
190560.020814	510.905000
190567.935904	510.628000
190727.352814	505.892000
190752.317911	504.993000
190889.750514	500.816000
190905.041878	500.264000
191046.304170	495.899000
191056.385419	495.543000
191209.862153	490.828000
191232.726084	490.016000
191363.036611	485.881000
191385.023503	485.093000
191517.340142	481.018000
191528.201987	480.636000
191686.898797	475.799000
191713.692359	474.886000
191842.126108	471.035000
191864.522247	470.271000
192008.107815	465.863000
192022.062959	465.384000
192162.556764	460.935000
192183.699541	460.219000
192316.387440	455.775000
192335.423407	455.120000
192458.394996	450.952000
192472.852594	450.473000
192611.660558	445.844000
192636.566507	445.054000
192763.255671	440.736000
192777.345316	440.307000
192917.395832	435.603000
192923.141400	435.436000
193064.218018	430.860000
193087.561042	430.208000
193234.747226	425.527000
193245.915341	425.214000
193391.798797	420.606000
193396.710582	420.465000
193563.166035	415.453000
193573.349762	415.167000
193735.684739	410.461000
193737.912864	410.396000
193919.000883	405.327000
193926.114172	405.127000
194084.606393	400.448000
194084.988268	400.437000
194271.330173	395.342000
194286.240895	394.906000
194446.338807	390.217000
194451.085311	390.076000
194600.064898	385.599000
194621.026482	384.951000
194780.096759	380.081000
194783.603464	379.967000
194929.755945	375.273000
194944.251668	374.776000
195081.008357	370.228000
195099.937787	369.562000
195230.769565	365.127000
195246.103815	364.580000
195380.035286	360.144000
195397.479208	359.503000
195549.192012	355.093000
195570.491769	354.326000
195728.715015	349.919000
195749.414834	349.213000
195918.012302	344.932000
195944.127159	344.079000
196122.542925	339.886000
196154.306607	338.969000
196336.951763	334.400000
196362.149581	333.681000
196509.985867	329.779000
196549.209423	328.662000
196709.150553	324.327000
196743.703421	323.373000
196899.967312	319.214000
196936.662087	318.264000
197092.758414	314.026000
197141.442700	312.979000
197313.569792	309.113000
197370.640631	307.959000
197545.885909	303.864000
197612.444333	302.446000
197777.746186	298.680000
197815.167536	297.810000
198019.487136	293.920000
198101.757606	292.052000
198324.155561	288.916000
198404.758903	287.172000
198630.300363	292.052000
198762.774655	293.920000
198934.098066	297.810000
198979.794223	298.680000
199141.781354	302.446000
199204.021935	303.864000
199396.234029	307.959000
199445.619389	309.113000
199636.811642	312.979000
199683.427541	314.026000
199880.489626	318.264000
