0.000000	500.000000
27.636830	500.816000
147.221002	504.993000
178.226388	505.892000
314.170385	510.628000
323.966550	510.905000
445.426290	515.009000
477.975967	515.951000
604.804177	520.310000
637.474042	521.262000
756.526905	525.407000
783.879373	526.200000
901.216425	530.132000
951.669787	531.621000
1070.829246	535.482000
1110.972063	536.643000
1226.299841	540.271000
1281.263347	541.860000
1385.683299	545.240000
1456.110912	547.207000
1554.942298	550.396000
1635.847120	552.740000
1713.054984	555.319000
1773.198681	557.222000
1873.198134	560.510000
1962.210368	563.398000
2018.522089	565.259000
2104.830809	567.944000
2180.991891	570.435000
2284.005104	573.708000
2339.025992	575.583000
2423.798662	578.414000
2472.433782	580.041000
2590.584029	584.004000
2632.809833	585.387000
2745.134113	589.133000
2782.052683	590.322000
2892.441625	593.970000
2923.162487	594.976000
3066.373566	599.676000
3082.939913	600.215000
3210.263147	604.365000
3238.632458	605.275000
3375.359702	609.742000
3381.925037	609.946000
3540.013257	614.938000
3543.730100	615.047000
3714.444486	620.125000
3715.573625	620.156000
3870.177844	624.711000
3887.506729	625.251000
4041.175584	629.762000
4065.729514	630.487000
4223.784625	635.066000
4250.009664	635.831000
4370.259749	639.443000
4407.381752	640.576000
4542.829550	644.808000
4577.515176	645.863000
4700.012161	649.733000
4751.932107	651.291000
4855.948739	654.497000
4904.715204	655.922000
5037.574223	659.955000
5081.491790	661.171000
5210.843352	665.158000
5255.220877	666.365000
5386.228727	670.252000
5424.003273	671.262000
5564.153226	675.264000
5601.897722	676.219000
5760.832862	680.725000
5791.196037	681.456000
5939.956177	685.713000
5977.370851	686.579000
6135.353576	690.946000
6152.412813	691.321000
6332.815692	695.965000
6358.629499	696.486000
6564.442131	701.538000
6571.120048	701.679000
6743.236381	706.200000
6758.125059	706.510000
6964.521528	711.622000
6971.911420	711.800000
7203.949455	716.654000
7206.343431	716.712000
7446.953226	721.468000
7469.312034	722.031000
7713.054263	726.860000
7716.844917	726.956000
7956.655252	731.529000
8000.581745	732.597000
8187.786475	736.508000
8219.627500	737.234000
8444.119895	741.883000
8480.328013	742.696000
8667.492681	746.330000
8740.516663	747.857000
8968.837741	751.774000
9025.099121	752.874000
9273.396607	756.568000
9363.130530	758.249000
9622.767348	761.437000
9711.379698	763.056000
10087.872320	766.695000
10204.332218	768.581000
10504.538015	771.533000
10655.851723	773.590000
10952.234573	776.646000
11131.352916	778.612000
11423.960433	781.338000
11698.494501	783.938000
12169.070436	786.666000
12422.496895	789.177000
13248.540880	791.687000
13533.697513	793.950000
14135.134814	789.177000
14961.507900	786.666000
15236.835411	783.938000
15685.331537	781.338000
15973.169948	778.612000
16184.199434	776.646000
16462.625505	773.590000
16662.121423	771.533000
16879.271673	768.581000
17071.069821	766.695000
17295.776909	763.056000
17463.279398	761.437000
17637.767459	758.249000
17774.671314	756.568000
17971.861744	752.874000
18045.799815	751.774000
18246.141474	747.857000
18335.149972	746.330000
18508.934615	742.696000
18550.807172	741.883000
18757.857039	737.234000
18792.914359	736.508000
18964.443629	732.597000
19015.564736	731.529000
19203.650739	726.956000
19208.685026	726.860000
19399.362832	722.031000
19427.780076	721.468000
19616.658392	716.712000
19619.592658	716.654000
19819.943727	711.800000
19828.452745	711.622000
20040.683798	706.510000
20053.200016	706.200000
20270.334579	701.679000
20275.702507	701.538000
20514.970863	696.486000
20536.195800	695.965000
20766.290464	691.321000
20780.857880	690.946000
20979.518383	686.579000
21010.847222	685.713000
21194.766703	681.456000
21220.311373	680.725000
21407.474803	676.219000
21441.159459	675.264000
21599.330635	671.262000
21634.700813	670.252000
21780.076711	666.365000
21820.757564	665.158000
21967.346789	661.171000
22006.797879	659.955000
22152.455403	655.922000
22199.399142	654.497000
22309.115132	651.291000
22359.663452	649.733000
22488.630198	645.863000
22522.024079	644.808000
22661.161114	640.576000
22697.423485	639.443000
22815.768298	635.831000
22841.236547	635.066000
22998.209692	630.487000
23023.234797	629.762000
23176.011040	625.251000
23194.406336	624.711000
23340.578687	620.156000
23341.630879	620.125000
23526.591067	615.047000
23530.255476	614.938000
23700.480061	609.946000
23706.940397	609.742000
23850.701924	605.275000
23878.555470	604.365000
24007.932000	600.215000
24024.468680	599.676000
24168.924764	594.976000
24199.578029	593.970000
24310.979324	590.322000
24346.958614	589.133000
24463.272293	585.387000
24504.741722	584.004000
24625.740175	580.041000
24674.246472	578.414000
24758.872178	575.583000
24815.017977	573.708000
24911.062439	570.435000
24989.463268	567.944000
25071.555803	565.259000
25131.377229	563.398000
25218.764789	560.510000
25320.105588	557.222000
25377.982400	555.319000
25459.490857	552.740000
25529.663495	550.396000
25639.734091	547.207000
25700.694059	545.240000
25821.713547	541.860000
25870.803282	540.271000
25996.295793	536.643000
26033.201954	535.482000
26166.700158	531.621000
26212.654168	530.132000
26345.886285	526.200000
26369.550649	525.407000
26512.521618	521.262000
26539.865001	520.310000
26689.453175	515.951000
26716.861336	515.009000
26858.670121	510.905000
26866.868061	510.628000
27034.357738	505.892000
27060.162986	504.993000
27204.222493	500.816000
27220.025812	500.264000
27367.862532	495.899000
27378.297275	495.543000
27539.006139	490.828000
27562.662253	490.016000
27698.702978	485.881000
27721.437217	485.093000
27859.955952	481.018000
27871.201954	480.636000
28037.504556	475.799000
28065.311011	474.886000
28200.120438	471.035000
28223.361257	470.271000
28373.723161	465.863000
28388.197813	465.384000
28534.896685	460.935000
28556.849263	460.219000
28694.739736	455.775000
28714.480698	455.120000
28842.153764	450.952000
28857.191387	450.473000
29001.491732	445.844000
29027.493805	445.054000
29158.969876	440.736000
29173.736293	440.307000
29319.244988	435.603000
29325.295550	435.436000
29472.292549	430.860000
29496.986408	430.208000
29650.613957	425.527000
29662.423606	425.214000
29814.785028	420.606000
29819.964659	420.465000
29994.609236	415.453000
30005.375336	415.167000
30176.376809	410.461000
30178.722279	410.396000
30370.240338	405.327000
30377.759396	405.127000
30544.387042	400.448000
30544.789587	400.437000
30742.427666	395.342000
30758.119720	394.906000
30926.577467	390.217000
30931.564369	390.076000
31087.904299	385.599000
31109.840521	384.951000
31276.462141	380.081000
31280.115307	379.967000
31432.531525	375.273000
31447.568154	374.776000
31589.767849	370.228000
31609.366193	369.562000
31745.198562	365.127000
31761.059195	364.580000
31900.367280	360.144000
31918.373854	359.503000
32078.138801	355.093000
32100.155380	354.326000
32267.590861	349.919000
32289.071694	349.213000
32469.697003	344.932000
32496.891661	344.079000
32690.442486	339.886000
32723.917195	338.969000
32920.031570	334.400000
32946.621487	333.681000
33104.140359	329.779000
33145.540209	328.662000
33315.364528	324.327000
33351.967964	323.373000
33518.280456	319.214000
33557.483052	318.264000
33723.189139	314.026000
33776.933689	312.979000
33965.247786	309.113000
34029.173771	307.959000
34219.478759	303.864000
34293.108255	302.446000
34473.457148	298.680000
34514.131554	297.810000
34746.815086	293.920000
34836.632485	292.052000
35127.975291	288.916000
35216.839487	287.172000
35465.496182	292.052000
35639.038390	293.920000
35826.077833	297.810000
35878.117595	298.680000
36054.186346	302.446000
36122.092541	303.864000
36334.724969	307.959000
36388.354263	309.113000
36602.511852	312.979000
36653.511557	314.026000
36871.056350	318.264000
36908.201415	319.214000
37079.826253	323.373000
37117.975356	324.327000
37284.302290	328.662000
37328.060944	329.779000
37472.682442	333.681000
37501.707576	334.400000
37670.677436	338.969000
37710.037664	339.886000
37863.101409	344.079000
37902.476284	344.932000
38038.959675	349.213000
38068.747451	349.919000
38202.835312	354.326000
38231.976001	355.093000
38358.564151	359.503000
38381.786221	360.144000
38506.399576	364.580000
38523.577557	365.127000
38652.173359	369.562000
38672.571185	370.228000
38806.404920	374.776000
38821.944332	375.273000
38963.960299	379.967000
38967.661929	380.081000
39123.722623	384.951000
39145.893221	385.599000
39297.449494	390.076000
39302.373311	390.217000
39468.214328	394.906000
39483.878132	395.342000
39667.252023	400.437000
39667.678720	400.448000
39838.906922	405.127000
39846.029284	405.327000
40036.599803	410.396000
40039.055647	410.461000
40208.867656	415.167000
40219.260010	415.453000
40407.930273	420.465000
40412.843458	420.606000
40582.118210	425.214000
40592.467413	425.527000
40769.083920	430.208000
40790.482160	430.860000
40963.793662	435.436000
40969.158282	435.603000
41139.588495	440.307000
41152.858740	440.736000
41301.486689	445.054000
41325.540903	445.844000
41477.899888	450.473000
41492.831810	450.952000
41623.681100	455.120000
41643.744886	455.775000
41777.682040	460.219000
41799.898416	460.935000
41936.304867	465.384000
41952.099149	465.863000
42085.302215	470.271000
42111.363126	471.035000
42228.510241	474.886000
42260.471032	475.799000
42407.787375	480.636000
42420.921052	481.018000
42540.888217	485.093000
42567.674172	485.881000
42686.971226	490.016000
42713.685874	490.828000
42851.048655	495.543000
42863.182770	495.899000
42991.125616	500.264000
43009.821119	500.816000
43129.405291	504.993000
43160.410677	505.892000
43296.354674	510.628000
43306.150840	510.905000
43427.610579	515.009000
43460.160256	515.951000
43586.988466	520.310000
43619.658331	521.262000
43738.711194	525.407000
43766.063662	526.200000
43883.400714	530.132000
43933.854076	531.621000
44053.013535	535.482000
44093.156352	536.643000
44208.484130	540.271000
44263.447636	541.860000
44367.867588	545.240000
44438.295201	547.207000
44537.126587	550.396000
44618.031409	552.740000
44695.239273	555.319000
44755.382970	557.222000
44855.382423	560.510000
44944.394657	563.398000
45000.706378	565.259000
45087.015098	567.944000
45163.176180	570.435000
45266.189393	573.708000
45321.210281	575.583000
45405.982951	578.414000
45454.618071	580.041000
45572.768318	584.004000
45614.994122	585.387000
45727.318402	589.133000
45764.236973	590.322000
45874.625915	593.970000
45905.346776	594.976000
46048.557856	599.676000
46065.124202	600.215000
46192.447436	604.365000
46220.816747	605.275000
46357.543991	609.742000
46364.109326	609.946000
46522.197546	614.938000
46525.914389	615.047000
46696.628776	620.125000
46697.757914	620.156000
46852.362133	624.711000
46869.691018	625.251000
47023.359873	629.762000
47047.913803	630.487000
47205.968914	635.066000
47232.193953	635.831000
47352.444038	639.443000
47389.566041	640.576000
47525.013839	644.808000
47559.699465	645.863000
47682.196450	649.733000
47734.116396	651.291000
47838.133029	654.497000
47886.899493	655.922000
48019.758512	659.955000
48063.676079	661.171000
48193.027641	665.158000
48237.405166	666.365000
48368.413016	670.252000
48406.187562	671.262000
48546.337515	675.264000
48584.082011	676.219000
48743.017151	680.725000
48773.380326	681.456000
48922.140466	685.713000
48959.555141	686.579000
49117.537865	690.946000
49134.597102	691.321000
49314.999981	695.965000
49340.813788	696.486000
49546.626420	701.538000
49553.304337	701.679000
49725.420670	706.200000
49740.309348	706.510000
49946.705817	711.622000
49954.095709	711.800000
50186.133744	716.654000
50188.527721	716.712000
50429.137515	721.468000
50451.496323	722.031000
50695.238552	726.860000
50699.029206	726.956000
50938.839541	731.529000
50982.766034	732.597000
51169.970764	736.508000
51201.811789	737.234000
51426.304184	741.883000
51462.512303	742.696000
51649.676970	746.330000
51722.700952	747.857000
51951.022031	751.774000
52007.283410	752.874000
52255.580896	756.568000
52345.314820	758.249000
52604.951637	761.437000
52693.563987	763.056000
53070.056609	766.695000
53186.516507	768.581000
53486.722304	771.533000
53638.036012	773.590000
53934.418862	776.646000
54113.537206	778.612000
54406.144722	781.338000
54680.678790	783.938000
55151.254725	786.666000
55404.681184	789.177000
56230.725169	791.687000
56515.881803	793.950000
57117.319103	789.177000
57943.692190	786.666000
58219.019700	783.938000
58667.515827	781.338000
58955.354238	778.612000
59166.383723	776.646000
59444.809795	773.590000
59644.305712	771.533000
59861.455962	768.581000
60053.254111	766.695000
60277.961199	763.056000
60445.463687	761.437000
60619.951748	758.249000
60756.855604	756.568000
60954.046034	752.874000
61027.984105	751.774000
61228.325763	747.857000
61317.334261	746.330000
61491.118904	742.696000
61532.991462	741.883000
61740.041329	737.234000
61775.098648	736.508000
61946.627918	732.597000
61997.749026	731.529000
62185.835029	726.956000
62190.869315	726.860000
62381.547121	722.031000
62409.964366	721.468000
62598.842681	716.712000
62601.776947	716.654000
62802.128017	711.800000
62810.637034	711.622000
63022.868087	706.510000
63035.384305	706.200000
63252.518869	701.679000
63257.886797	701.538000
63497.155153	696.486000
63518.380090	695.965000
63748.474754	691.321000
63763.042170	690.946000
63961.702672	686.579000
63993.031511	685.713000
64176.950992	681.456000
64202.495663	680.725000
64389.659093	676.219000
64423.343749	675.264000
64581.514924	671.262000
64616.885102	670.252000
64762.261001	666.365000
64802.941854	665.158000
64949.531078	661.171000
64988.982169	659.955000
65134.639692	655.922000
65181.583432	654.497000
65291.299422	651.291000
65341.847742	649.733000
65470.814488	645.863000
65504.208369	644.808000
65643.345403	640.576000
65679.607775	639.443000
65797.952588	635.831000
65823.420837	635.066000
65980.393982	630.487000
66005.419087	629.762000
66158.195329	625.251000
66176.590626	624.711000
66322.762977	620.156000
66323.815168	620.125000
66508.775356	615.047000
66512.439765	614.938000
66682.664351	609.946000
66689.124686	609.742000
66832.886213	605.275000
66860.739760	604.365000
66990.116289	600.215000
67006.652970	599.676000
67151.109054	594.976000
67181.762319	593.970000
67293.163613	590.322000
67329.142904	589.133000
67445.456583	585.387000
67486.926011	584.004000
67607.924465	580.041000
67656.430761	578.414000
67741.056468	575.583000
67797.202267	573.708000
67893.246728	570.435000
67971.647557	567.944000
68053.740093	565.259000
68113.561518	563.398000
68200.949079	560.510000
68302.289877	557.222000
68360.166690	555.319000
68441.675147	552.740000
68511.847785	550.396000
68621.918381	547.207000
68682.878348	545.240000
68803.897836	541.860000
68852.987571	540.271000
68978.480083	536.643000
69015.386243	535.482000
69148.884447	531.621000
69194.838458	530.132000
69328.070574	526.200000
69351.734939	525.407000
69494.705907	521.262000
69522.049291	520.310000
69671.637465	515.951000
69699.045626	515.009000
69840.854410	510.905000
69849.052351	510.628000
70016.542027	505.892000
70042.347275	504.993000
70186.406782	500.816000
70202.210101	500.264000
70350.046821	495.899000
70360.481564	495.543000
70521.190428	490.828000
70544.846542	490.016000
70680.887267	485.881000
70703.621506	485.093000
70842.140242	481.018000
70853.386244	480.636000
71019.688846	475.799000
71047.495300	474.886000
71182.304727	471.035000
71205.545547	470.271000
71355.907450	465.863000
71370.382103	465.384000
71517.080975	460.935000
71539.033552	460.219000
71676.924026	455.775000
71696.664988	455.120000
71824.338054	450.952000
71839.375676	450.473000
71983.676021	445.844000
72009.678095	445.054000
72141.154166	440.736000
72155.920583	440.307000
72301.429277	435.603000
72307.479839	435.436000
72454.476838	430.860000
72479.170698	430.208000
72632.798246	425.527000
72644.607895	425.214000
72796.969318	420.606000
72802.148949	420.465000
72976.793526	415.453000
72987.559626	415.167000
73158.561099	410.461000
73160.906569	410.396000
73352.424628	405.327000
73359.943686	405.127000
73526.571331	400.448000
73526.973876	400.437000
73724.611955	395.342000
73740.304009	394.906000
73908.761757	390.217000
73913.748659	390.076000
74070.088589	385.599000
74092.024811	384.951000
74258.646431	380.081000
74262.299597	379.967000
74414.715815	375.273000
74429.752444	374.776000
74571.952138	370.228000
74591.550482	369.562000
74727.382852	365.127000
74743.243484	364.580000
74882.551570	360.144000
74900.558143	359.503000
75060.323091	355.093000
75082.339669	354.326000
75249.775151	349.919000
75271.255983	349.213000
75451.881292	344.932000
75479.075951	344.079000
75672.626776	339.886000
75706.101485	338.969000
75902.215859	334.400000
75928.805776	333.681000
76086.324649	329.779000
76127.724499	328.662000
76297.548817	324.327000
76334.152253	323.373000
76500.464746	319.214000
76539.667341	318.264000
76705.373429	314.026000
76759.117978	312.979000
76947.432076	309.113000
77011.358061	307.959000
77201.663049	303.864000
77275.292544	302.446000
77455.641438	298.680000
77496.315844	297.810000
77728.999376	293.920000
77818.816775	292.052000
78110.159580	288.916000
78199.023777	287.172000
78447.680472	292.052000
78621.222679	293.920000
78808.262123	297.810000
78860.301885	298.680000
79036.370635	302.446000
79104.276830	303.864000
79316.909259	307.959000
79370.538552	309.113000
79584.696141	312.979000
79635.695846	314.026000
79853.240640	318.264000
79890.385704	319.214000
80062.010543	323.373000
80100.159645	324.327000
80266.486579	328.662000
80310.245233	329.779000
80454.866732	333.681000
80483.891865	334.400000
80652.861726	338.969000
80692.221954	339.886000
80845.285698	344.079000
80884.660574	344.932000
81021.143965	349.213000
81050.931741	349.919000
81185.019602	354.326000
81214.160290	355.093000
81340.748440	359.503000
81363.970511	360.144000
81488.583866	364.580000
81505.761846	365.127000
81634.357648	369.562000
81654.755474	370.228000
81788.589209	374.776000
81804.128622	375.273000
81946.144589	379.967000
81949.846218	380.081000
82105.906913	384.951000
82128.077510	385.599000
82279.633784	390.076000
82284.557601	390.217000
82450.398618	394.906000
82466.062422	395.342000
82649.436313	400.437000
82649.863009	400.448000
82821.091212	405.127000
82828.213573	405.327000
83018.784093	410.396000
83021.239937	410.461000
83191.051945	415.167000
83201.444300	415.453000
83390.114563	420.465000
83395.027748	420.606000
83564.302500	425.214000
83574.651702	425.527000
83751.268210	430.208000
83772.666450	430.860000
83945.977952	435.436000
83951.342571	435.603000
84121.772785	440.307000
84135.043029	440.736000
84283.670978	445.054000
84307.725192	445.844000
84460.084177	450.473000
84475.016099	450.952000
84605.865390	455.120000
84625.929175	455.775000
84759.866329	460.219000
84782.082706	460.935000
84918.489157	465.384000
84934.283439	465.863000
85067.486505	470.271000
85093.547416	471.035000
85210.694531	474.886000
85242.655322	475.799000
85389.971665	480.636000
85403.105341	481.018000
85523.072507	485.093000
85549.858461	485.881000
85669.155516	490.016000
85695.870164	490.828000
85833.232944	495.543000
85845.367060	495.899000
85973.309906	500.264000
85992.005409	500.816000
86111.589581	504.993000
86142.594967	505.892000
86278.538963	510.628000
86288.335129	510.905000
86409.794869	515.009000
86442.344546	515.951000
86569.172756	520.310000
86601.842621	521.262000
86720.895484	525.407000
86748.247951	526.200000
86865.585003	530.132000
86916.038366	531.621000
87035.197825	535.482000
87075.340641	536.643000
87190.668420	540.271000
87245.631926	541.860000
87350.051878	545.240000
87420.479491	547.207000
87519.310877	550.396000
87600.215699	552.740000
87677.423563	555.319000
87737.567259	557.222000
87837.566712	560.510000
87926.578947	563.398000
87982.890667	565.259000
88069.199387	567.944000
88145.360470	570.435000
88248.373683	573.708000
88303.394570	575.583000
88388.167240	578.414000
88436.802360	580.041000
88554.952607	584.004000
88597.178411	585.387000
88709.502692	589.133000
88746.421262	590.322000
88856.810204	593.970000
88887.531065	594.976000
89030.742145	599.676000
89047.308492	600.215000
89174.631725	604.365000
89203.001037	605.275000
89339.728281	609.742000
89346.293616	609.946000
89504.381836	614.938000
89508.098679	615.047000
89678.813065	620.125000
89679.942204	620.156000
89834.546423	624.711000
89851.875308	625.251000
90005.544163	629.762000
90030.098092	630.487000
90188.153203	635.066000
90214.378243	635.831000
90334.628328	639.443000
90371.750330	640.576000
90507.198128	644.808000
90541.883755	645.863000
90664.380739	649.733000
90716.300685	651.291000
90820.317318	654.497000
90869.083783	655.922000
91001.942802	659.955000
91045.860369	661.171000
91175.211930	665.158000
91219.589456	666.365000
91350.597306	670.252000
91388.371851	671.262000
91528.521804	675.264000
91566.266300	676.219000
91725.201440	680.725000
91755.564615	681.456000
91904.324755	685.713000
91941.739430	686.579000
92099.722155	690.946000
92116.781392	691.321000
92297.184270	695.965000
92322.998077	696.486000
92528.810709	701.538000
92535.488626	701.679000
92707.604959	706.200000
92722.493638	706.510000
92928.890106	711.622000
92936.279998	711.800000
93168.318034	716.654000
93170.712010	716.712000
93411.321804	721.468000
93433.680612	722.031000
93677.422841	726.860000
93681.213496	726.956000
93921.023830	731.529000
93964.950323	732.597000
94152.155053	736.508000
94183.996079	737.234000
94408.488474	741.883000
94444.696592	742.696000
94631.861259	746.330000
94704.885241	747.857000
94933.206320	751.774000
94989.467700	752.874000
95237.765186	756.568000
95327.499109	758.249000
95587.135927	761.437000
95675.748276	763.056000
96052.240899	766.695000
96168.700796	768.581000
96468.906594	771.533000
96620.220302	773.590000
96916.603152	776.646000
97095.721495	778.612000
97388.329012	781.338000
97662.863080	783.938000
98133.439015	786.666000
98386.865474	789.177000
99212.909459	791.687000
99498.066092	793.950000
100099.503393	789.177000
100925.876479	786.666000
101201.203990	783.938000
101649.700116	781.338000
101937.538527	778.612000
102148.568013	776.646000
102426.994084	773.590000
102626.490002	771.533000
102843.640252	768.581000
103035.438400	766.695000
103260.145488	763.056000
103427.647977	761.437000
103602.136038	758.249000
103739.039893	756.568000
103936.230323	752.874000
104010.168394	751.774000
104210.510053	747.857000
104299.518551	746.330000
104473.303194	742.696000
104515.175752	741.883000
104722.225618	737.234000
104757.282938	736.508000
104928.812208	732.597000
104979.933315	731.529000
105168.019318	726.956000
105173.053605	726.860000
105363.731411	722.031000
105392.148655	721.468000
105581.026971	716.712000
105583.961237	716.654000
105784.312306	711.800000
105792.821324	711.622000
106005.052377	706.510000
106017.568595	706.200000
106234.703158	701.679000
106240.071086	701.538000
106479.339442	696.486000
106500.564379	695.965000
106730.659044	691.321000
106745.226459	690.946000
106943.886962	686.579000
106975.215801	685.713000
107159.135282	681.456000
107184.679952	680.725000
107371.843382	676.219000
107405.528038	675.264000
107563.699214	671.262000
107599.069392	670.252000
107744.445290	666.365000
107785.126143	665.158000
107931.715368	661.171000
107971.166458	659.955000
108116.823982	655.922000
108163.767721	654.497000
108273.483711	651.291000
108324.032031	649.733000
108452.998777	645.863000
108486.392658	644.808000
108625.529693	640.576000
108661.792064	639.443000
108780.136877	635.831000
108805.605126	635.066000
108962.578272	630.487000
108987.603376	629.762000
109140.379619	625.251000
109158.774915	624.711000
109304.947266	620.156000
109305.999458	620.125000
109490.959646	615.047000
109494.624055	614.938000
109664.848640	609.946000
109671.308976	609.742000
109815.070503	605.275000
109842.924050	604.365000
109972.300579	600.215000
109988.837259	599.676000
110133.293343	594.976000
110163.946608	593.970000
110275.347903	590.322000
110311.327193	589.133000
110427.640872	585.387000
110469.110301	584.004000
110590.108755	580.041000
110638.615051	578.414000
110723.240757	575.583000
110779.386556	573.708000
110875.431018	570.435000
110953.831847	567.944000
111035.924382	565.259000
111095.745808	563.398000
111183.133368	560.510000
111284.474167	557.222000
111342.350979	555.319000
111423.859436	552.740000
111494.032074	550.396000
111604.102671	547.207000
111665.062638	545.240000
111786.082126	541.860000
111835.171861	540.271000
111960.664372	536.643000
111997.570533	535.482000
112131.068737	531.621000
112177.022747	530.132000
112310.254864	526.200000
112333.919229	525.407000
112476.890197	521.262000
112504.233580	520.310000
112653.821754	515.951000
112681.229915	515.009000
112823.038700	510.905000
112831.236641	510.628000
112998.726317	505.892000
113024.531565	504.993000
113168.591072	500.816000
113184.394391	500.264000
113332.231111	495.899000
113342.665854	495.543000
113503.374718	490.828000
113527.030832	490.016000
113663.071557	485.881000
113685.805796	485.093000
113824.324531	481.018000
113835.570533	480.636000
114001.873135	475.799000
114029.679590	474.886000
114164.489017	471.035000
114187.729836	470.271000
114338.091740	465.863000
114352.566393	465.384000
114499.265264	460.935000
114521.217842	460.219000
114659.108315	455.775000
114678.849277	455.120000
114806.522343	450.952000
114821.559966	450.473000
114965.860311	445.844000
114991.862384	445.054000
115123.338455	440.736000
115138.104873	440.307000
115283.613567	435.603000
115289.664129	435.436000
115436.661128	430.860000
115461.354987	430.208000
115614.982536	425.527000
115626.792185	425.214000
115779.153607	420.606000
115784.333238	420.465000
115958.977815	415.453000
115969.743915	415.167000
116140.745389	410.461000
116143.090858	410.396000
116334.608917	405.327000
116342.127975	405.127000
116508.755621	400.448000
116509.158166	400.437000
116706.796245	395.342000
116722.488299	394.906000
116890.946046	390.217000
116895.932948	390.076000
117052.272879	385.599000
117074.209100	384.951000
117240.830720	380.081000
117244.483886	379.967000
117396.900104	375.273000
117411.936733	374.776000
117554.136428	370.228000
117573.734772	369.562000
117709.567141	365.127000
117725.427774	364.580000
117864.735859	360.144000
117882.742433	359.503000
118042.507381	355.093000
118064.523959	354.326000
118231.959440	349.919000
118253.440273	349.213000
118434.065582	344.932000
118461.260240	344.079000
118654.811065	339.886000
118688.285774	338.969000
118884.400149	334.400000
118910.990066	333.681000
119068.508938	329.779000
119109.908788	328.662000
119279.733107	324.327000
119316.336543	323.373000
119482.649035	319.214000
119521.851631	318.264000
119687.557719	314.026000
119741.302268	312.979000
119929.616365	309.113000
119993.542350	307.959000
120183.847339	303.864000
120257.476834	302.446000
120437.825727	298.680000
120478.500133	297.810000
120711.183665	293.920000
120801.001064	292.052000
121092.343870	288.916000
121181.208066	287.172000
121429.864762	292.052000
121603.406969	293.920000
121790.446412	297.810000
121842.486174	298.680000
122018.554925	302.446000
122086.461120	303.864000
122299.093549	307.959000
122352.722842	309.113000
122566.880431	312.979000
122617.880136	314.026000
122835.424930	318.264000
122872.569994	319.214000
123044.194832	323.373000
123082.343935	324.327000
123248.670869	328.662000
123292.429523	329.779000
123437.051022	333.681000
123466.076155	334.400000
123635.046015	338.969000
123674.406243	339.886000
123827.469988	344.079000
123866.844864	344.932000
124003.328254	349.213000
124033.116030	349.919000
124167.203891	354.326000
124196.344580	355.093000
124322.932730	359.503000
124346.154800	360.144000
124470.768155	364.580000
124487.946136	365.127000
124616.541938	369.562000
124636.939764	370.228000
124770.773499	374.776000
124786.312912	375.273000
124928.328879	379.967000
124932.030508	380.081000
125088.091202	384.951000
125110.261800	385.599000
125261.818073	390.076000
125266.741891	390.217000
125432.582907	394.906000
125448.246711	395.342000
125631.620602	400.437000
125632.047299	400.448000
125803.275501	405.127000
125810.397863	405.327000
126000.968382	410.396000
126003.424226	410.461000
126173.236235	415.167000
126183.628590	415.453000
126372.298852	420.465000
126377.212038	420.606000
126546.486789	425.214000
126556.835992	425.527000
126733.452499	430.208000
126754.850739	430.860000
126928.162241	435.436000
126933.526861	435.603000
127103.957075	440.307000
127117.227319	440.736000
127265.855268	445.054000
127289.909482	445.844000
127442.268467	450.473000
127457.200389	450.952000
127588.049679	455.120000
127608.113465	455.775000
127742.050619	460.219000
127764.266996	460.935000
127900.673447	465.384000
127916.467728	465.863000
128049.670795	470.271000
128075.731705	471.035000
128192.878820	474.886000
128224.839611	475.799000
128372.155954	480.636000
128385.289631	481.018000
128505.256797	485.093000
128532.042751	485.881000
128651.339805	490.016000
128678.054453	490.828000
128815.417234	495.543000
128827.551349	495.899000
128955.494196	500.264000
128974.189698	500.816000
129093.773870	504.993000
129124.779256	505.892000
129260.723253	510.628000
129270.519419	510.905000
129391.979158	515.009000
129424.528835	515.951000
129551.357045	520.310000
129584.026910	521.262000
129703.079773	525.407000
129730.432241	526.200000
129847.769293	530.132000
129898.222655	531.621000
130017.382114	535.482000
130057.524931	536.643000
130172.852709	540.271000
130227.816216	541.860000
130332.236167	545.240000
130402.663781	547.207000
130501.495166	550.396000
130582.399988	552.740000
130659.607852	555.319000
130719.751549	557.222000
130819.751002	560.510000
130908.763236	563.398000
130965.074957	565.259000
131051.383677	567.944000
131127.544759	570.435000
131230.557972	573.708000
131285.578860	575.583000
131370.351530	578.414000
131418.986650	580.041000
131537.136897	584.004000
131579.362701	585.387000
131691.686981	589.133000
131728.605552	590.322000
131838.994494	593.970000
131869.715355	594.976000
132012.926435	599.676000
132029.492781	600.215000
132156.816015	604.365000
132185.185326	605.275000
132321.912570	609.742000
132328.477905	609.946000
132486.566125	614.938000
132490.282968	615.047000
132660.997355	620.125000
132662.126493	620.156000
132816.730713	624.711000
132834.059597	625.251000
132987.728453	629.762000
133012.282382	630.487000
133170.337493	635.066000
133196.562532	635.831000
133316.812617	639.443000
133353.934620	640.576000
133489.382418	644.808000
133524.068044	645.863000
133646.565029	649.733000
133698.484975	651.291000
133802.501608	654.497000
133851.268072	655.922000
133984.127091	659.955000
134028.044658	661.171000
134157.396220	665.158000
134201.773745	666.365000
134332.781595	670.252000
134370.556141	671.262000
134510.706094	675.264000
134548.450590	676.219000
134707.385730	680.725000
134737.748905	681.456000
134886.509045	685.713000
134923.923720	686.579000
135081.906444	690.946000
135098.965682	691.321000
135279.368560	695.965000
135305.182367	696.486000
135510.994999	701.538000
135517.672916	701.679000
135689.789249	706.200000
135704.677927	706.510000
135911.074396	711.622000
135918.464288	711.800000
136150.502323	716.654000
136152.896300	716.712000
136393.506094	721.468000
136415.864902	722.031000
136659.607131	726.860000
136663.397785	726.956000
136903.208120	731.529000
136947.134613	732.597000
137134.339343	736.508000
137166.180368	737.234000
137390.672763	741.883000
137426.880882	742.696000
137614.045549	746.330000
137687.069531	747.857000
137915.390610	751.774000
137971.651989	752.874000
138219.949475	756.568000
138309.683399	758.249000
138569.320216	761.437000
138657.932566	763.056000
139034.425188	766.695000
139150.885086	768.581000
139451.090883	771.533000
139602.404591	773.590000
139898.787441	776.646000
140077.905785	778.612000
140370.513301	781.338000
140645.047369	783.938000
141115.623305	786.666000
141369.049763	789.177000
142195.093748	791.687000
142480.250382	793.950000
143081.687683	789.177000
143908.060769	786.666000
144183.388280	783.938000
144631.884406	781.338000
144919.722817	778.612000
145130.752302	776.646000
145409.178374	773.590000
145608.674291	771.533000
145825.824542	768.581000
146017.622690	766.695000
146242.329778	763.056000
146409.832266	761.437000
146584.320327	758.249000
146721.224183	756.568000
146918.414613	752.874000
146992.352684	751.774000
147192.694342	747.857000
147281.702840	746.330000
147455.487483	742.696000
147497.360041	741.883000
147704.409908	737.234000
147739.467228	736.508000
147910.996497	732.597000
147962.117605	731.529000
148150.203608	726.956000
148155.237895	726.860000
148345.915700	722.031000
148374.332945	721.468000
148563.211260	716.712000
148566.145526	716.654000
148766.496596	711.800000
148775.005613	711.622000
148987.236667	706.510000
148999.752884	706.200000
149216.887448	701.679000
149222.255376	701.538000
149461.523732	696.486000
149482.748669	695.965000
149712.843333	691.321000
149727.410749	690.946000
149926.071252	686.579000
149957.400091	685.713000
150141.319571	681.456000
150166.864242	680.725000
150354.027672	676.219000
150387.712328	675.264000
150545.883503	671.262000
150581.253681	670.252000
150726.629580	666.365000
150767.310433	665.158000
150913.899657	661.171000
150953.350748	659.955000
151099.008271	655.922000
151145.952011	654.497000
151255.668001	651.291000
151306.216321	649.733000
151435.183067	645.863000
151468.576948	644.808000
151607.713983	640.576000
151643.976354	639.443000
151762.321167	635.831000
151787.789416	635.066000
151944.762561	630.487000
151969.787666	629.762000
152122.563908	625.251000
152140.959205	624.711000
152287.131556	620.156000
152288.183747	620.125000
152473.143935	615.047000
152476.808344	614.938000
152647.032930	609.946000
152653.493266	609.742000
152797.254793	605.275000
152825.108339	604.365000
152954.484869	600.215000
152971.021549	599.676000
153115.477633	594.976000
153146.130898	593.970000
153257.532192	590.322000
153293.511483	589.133000
153409.825162	585.387000
153451.294591	584.004000
153572.293044	580.041000
153620.799340	578.414000
153705.425047	575.583000
153761.570846	573.708000
153857.615307	570.435000
153936.016136	567.944000
154018.108672	565.259000
154077.930097	563.398000
154165.317658	560.510000
154266.658457	557.222000
154324.535269	555.319000
154406.043726	552.740000
154476.216364	550.396000
154586.286960	547.207000
154647.246927	545.240000
154768.266416	541.860000
154817.356150	540.271000
154942.848662	536.643000
154979.754822	535.482000
155113.253026	531.621000
155159.207037	530.132000
155292.439153	526.200000
155316.103518	525.407000
155459.074486	521.262000
155486.417870	520.310000
155636.006044	515.951000
155663.414205	515.009000
155805.222990	510.905000
155813.420930	510.628000
155980.910607	505.892000
156006.715854	504.993000
156150.775362	500.816000
156166.578681	500.264000
156314.415400	495.899000
156324.850143	495.543000
156485.559007	490.828000
156509.215121	490.016000
156645.255846	485.881000
156667.990085	485.093000
156806.508821	481.018000
156817.754823	480.636000
156984.057425	475.799000
157011.863880	474.886000
157146.673306	471.035000
157169.914126	470.271000
157320.276029	465.863000
157334.750682	465.384000
157481.449554	460.935000
157503.402132	460.219000
157641.292605	455.775000
157661.033567	455.120000
157788.706633	450.952000
157803.744255	450.473000
157948.044600	445.844000
157974.046674	445.054000
158105.522745	440.736000
158120.289162	440.307000
158265.797856	435.603000
158271.848419	435.436000
158418.845418	430.860000
158443.539277	430.208000
158597.166825	425.527000
158608.976474	425.214000
158761.337897	420.606000
158766.517528	420.465000
158941.162105	415.453000
158951.928205	415.167000
159122.929678	410.461000
159125.275148	410.396000
159316.793207	405.327000
159324.312265	405.127000
159490.939910	400.448000
159491.342456	400.437000
159688.980534	395.342000
159704.672588	394.906000
159873.130336	390.217000
159878.117238	390.076000
160034.457168	385.599000
160056.393390	384.951000
160223.015010	380.081000
160226.668176	379.967000
160379.084394	375.273000
160394.121023	374.776000
160536.320718	370.228000
160555.919061	369.562000
160691.751431	365.127000
160707.612063	364.580000
160846.920149	360.144000
160864.926722	359.503000
161024.691670	355.093000
161046.708249	354.326000
161214.143730	349.919000
161235.624563	349.213000
161416.249872	344.932000
161443.444530	344.079000
161636.995355	339.886000
161670.470064	338.969000
161866.584438	334.400000
161893.174355	333.681000
162050.693228	329.779000
162092.093078	328.662000
162261.917396	324.327000
162298.520832	323.373000
162464.833325	319.214000
162504.035921	318.264000
162669.742008	314.026000
162723.486557	312.979000
162911.800655	309.113000
162975.726640	307.959000
163166.031628	303.864000
163239.661124	302.446000
163420.010017	298.680000
163460.684423	297.810000
163693.367955	293.920000
163783.185354	292.052000
164074.528160	288.916000
164163.392356	287.172000
164412.049051	292.052000
164585.591258	293.920000
164772.630702	297.810000
164824.670464	298.680000
165000.739214	302.446000
165068.645409	303.864000
165281.277838	307.959000
165334.907131	309.113000
165549.064720	312.979000
165600.064426	314.026000
165817.609219	318.264000
165854.754284	319.214000
166026.379122	323.373000
166064.528224	324.327000
166230.855158	328.662000
166274.613812	329.779000
166419.235311	333.681000
166448.260444	334.400000
166617.230305	338.969000
166656.590533	339.886000
166809.654277	344.079000
166849.029153	344.932000
166985.512544	349.213000
167015.300320	349.919000
167149.388181	354.326000
167178.528869	355.093000
167305.117019	359.503000
167328.339090	360.144000
167452.952445	364.580000
167470.130426	365.127000
167598.726228	369.562000
167619.124054	370.228000
167752.957789	374.776000
167768.497201	375.273000
167910.513168	379.967000
167914.214798	380.081000
168070.275492	384.951000
168092.446089	385.599000
168244.002363	390.076000
168248.926180	390.217000
168414.767197	394.906000
168430.431001	395.342000
168613.804892	400.437000
168614.231588	400.448000
168785.459791	405.127000
168792.582152	405.327000
168983.152672	410.396000
168985.608516	410.461000
169155.420524	415.167000
169165.812879	415.453000
169354.483142	420.465000
169359.396327	420.606000
169528.671079	425.214000
169539.020282	425.527000
169715.636789	430.208000
169737.035029	430.860000
169910.346531	435.436000
169915.711150	435.603000
170086.141364	440.307000
170099.411609	440.736000
170248.039558	445.054000
170272.093772	445.844000
170424.452757	450.473000
170439.384678	450.952000
170570.233969	455.120000
170590.297754	455.775000
170724.234908	460.219000
170746.451285	460.935000
170882.857736	465.384000
170898.652018	465.863000
171031.855084	470.271000
171057.915995	471.035000
171175.063110	474.886000
171207.023901	475.799000
171354.340244	480.636000
171367.473920	481.018000
171487.441086	485.093000
171514.227040	485.881000
171633.524095	490.016000
171660.238743	490.828000
171797.601523	495.543000
171809.735639	495.899000
171937.678485	500.264000
171956.373988	500.816000
172075.958160	504.993000
172106.963546	505.892000
172242.907543	510.628000
172252.703708	510.905000
172374.163448	515.009000
172406.713125	515.951000
172533.541335	520.310000
172566.211200	521.262000
172685.264063	525.407000
172712.616530	526.200000
172829.953583	530.132000
172880.406945	531.621000
172999.566404	535.482000
173039.709220	536.643000
173155.036999	540.271000
173210.000505	541.860000
173314.420457	545.240000
173384.848070	547.207000
173483.679456	550.396000
173564.584278	552.740000
173641.792142	555.319000
173701.935838	557.222000
173801.935291	560.510000
173890.947526	563.398000
173947.259247	565.259000
174033.567966	567.944000
174109.729049	570.435000
174212.742262	573.708000
174267.763149	575.583000
174352.535820	578.414000
174401.170940	580.041000
174519.321187	584.004000
174561.546991	585.387000
174673.871271	589.133000
174710.789841	590.322000
174821.178783	593.970000
174851.899645	594.976000
174995.110724	599.676000
175011.677071	600.215000
175139.000305	604.365000
175167.369616	605.275000
175304.096860	609.742000
175310.662195	609.946000
175468.750415	614.938000
175472.467258	615.047000
175643.181644	620.125000
175644.310783	620.156000
175798.915002	624.711000
175816.243887	625.251000
175969.912742	629.762000
175994.466672	630.487000
176152.521782	635.066000
176178.746822	635.831000
176298.996907	639.443000
176336.118909	640.576000
176471.566707	644.808000
176506.252334	645.863000
176628.749318	649.733000
176680.669264	651.291000
176784.685897	654.497000
176833.452362	655.922000
176966.311381	659.955000
177010.228948	661.171000
177139.580509	665.158000
177183.958035	666.365000
177314.965885	670.252000
177352.740430	671.262000
177492.890383	675.264000
177530.634879	676.219000
177689.570019	680.725000
177719.933194	681.456000
177868.693334	685.713000
177906.108009	686.579000
178064.090734	690.946000
178081.149971	691.321000
178261.552850	695.965000
178287.366657	696.486000
178493.179288	701.538000
178499.857206	701.679000
178671.973538	706.200000
178686.862217	706.510000
178893.258685	711.622000
178900.648577	711.800000
179132.686613	716.654000
179135.080589	716.712000
179375.690383	721.468000
179398.049192	722.031000
179641.791421	726.860000
179645.582075	726.956000
179885.392410	731.529000
179929.318902	732.597000
180116.523633	736.508000
180148.364658	737.234000
180372.857053	741.883000
180409.065171	742.696000
180596.229839	746.330000
180669.253820	747.857000
180897.574899	751.774000
180953.836279	752.874000
181202.133765	756.568000
181291.867688	758.249000
181551.504506	761.437000
181640.116855	763.056000
182016.609478	766.695000
182133.069376	768.581000
182433.275173	771.533000
182584.588881	773.590000
182880.971731	776.646000
183060.090074	778.612000
183352.697591	781.338000
183627.231659	783.938000
184097.807594	786.666000
184351.234053	789.177000
185177.278038	791.687000
185462.434671	793.950000
186063.871972	789.177000
186890.245059	786.666000
187165.572569	783.938000
187614.068695	781.338000
187901.907106	778.612000
188112.936592	776.646000
188391.362664	773.590000
188590.858581	771.533000
188808.008831	768.581000
188999.806980	766.695000
189224.514068	763.056000
189392.016556	761.437000
189566.504617	758.249000
189703.408472	756.568000
189900.598902	752.874000
189974.536973	751.774000
190174.878632	747.857000
190263.887130	746.330000
190437.671773	742.696000
190479.544331	741.883000
190686.594198	737.234000
190721.651517	736.508000
190893.180787	732.597000
190944.301894	731.529000
191132.387898	726.956000
191137.422184	726.860000
191328.099990	722.031000
191356.517235	721.468000
191545.395550	716.712000
191548.329816	716.654000
191748.680885	711.800000
191757.189903	711.622000
191969.420956	706.510000
191981.937174	706.200000
192199.071737	701.679000
192204.439665	701.538000
192443.708022	696.486000
192464.932959	695.965000
192695.027623	691.321000
192709.595039	690.946000
192908.255541	686.579000
192939.584380	685.713000
193123.503861	681.456000
193149.048531	680.725000
193336.211962	676.219000
193369.896617	675.264000
193528.067793	671.262000
193563.437971	670.252000
193708.813870	666.365000
193749.494722	665.158000
193896.083947	661.171000
193935.535038	659.955000
194081.192561	655.922000
194128.136301	654.497000
194237.852290	651.291000
194288.400610	649.733000
194417.367357	645.863000
194450.761237	644.808000
194589.898272	640.576000
194626.160643	639.443000
194744.505457	635.831000
194769.973705	635.066000
194926.946851	630.487000
194951.971956	629.762000
195104.748198	625.251000
195123.143494	624.711000
195269.315846	620.156000
195270.368037	620.125000
195455.328225	615.047000
195458.992634	614.938000
195629.217219	609.946000
195635.677555	609.742000
195779.439082	605.275000
195807.292629	604.365000
195936.669158	600.215000
195953.205838	599.676000
196097.661922	594.976000
196128.315187	593.970000
196239.716482	590.322000
196275.695772	589.133000
196392.009451	585.387000
196433.478880	584.004000
196554.477334	580.041000
196602.983630	578.414000
196687.609336	575.583000
196743.755135	573.708000
196839.799597	570.435000
196918.200426	567.944000
197000.292962	565.259000
197060.114387	563.398000
197147.501947	560.510000
197248.842746	557.222000
197306.719558	555.319000
197388.228015	552.740000
197458.400653	550.396000
197568.471250	547.207000
197629.431217	545.240000
197750.450705	541.860000
197799.540440	540.271000
197925.032951	536.643000
197961.939112	535.482000
198095.437316	531.621000
198141.391326	530.132000
198274.623443	526.200000
198298.287808	525.407000
198441.258776	521.262000
198468.602160	520.310000
198618.190333	515.951000
198645.598494	515.009000
198787.407279	510.905000
198795.605220	510.628000
198963.094896	505.892000
198988.900144	504.993000
199132.959651	500.816000
199148.762970	500.264000
199296.599690	495.899000
199307.034433	495.543000
199467.743297	490.828000
199491.399411	490.016000
199627.440136	485.881000
199650.174375	485.093000
199788.693111	481.018000
199799.939112	480.636000
199966.241714	475.799000
