0.000000	500.000000
28.985733	500.816000
152.655372	504.993000
185.234270	505.892000
325.848319	510.628000
336.169294	510.905000
462.078874	515.009000
496.287151	515.951000
627.598126	520.310000
661.908265	521.262000
785.056210	525.407000
813.797121	526.200000
935.508746	530.132000
988.427049	531.621000
1112.356576	535.482000
1154.547749	536.643000
1274.791293	540.271000
1332.561841	541.860000
1441.170771	545.240000
1515.473580	547.207000
1618.296425	550.396000
1703.314051	552.740000
1783.419883	555.319000
1846.095778	557.222000
1949.976020	560.510000
2042.541495	563.398000
2101.015137	565.259000
2191.091112	567.944000
2270.241081	570.435000
2377.553276	573.708000
2434.554064	575.583000
2522.510282	578.414000
2572.965163	580.041000
2695.511508	584.004000
2739.389565	585.387000
2855.944181	589.133000
2894.359767	590.322000
3008.987142	593.970000
3040.910546	594.976000
3189.701432	599.676000
3206.925176	600.215000
3339.281799	604.365000
3368.811306	605.275000
3510.916874	609.742000
3517.769504	609.946000
3682.542159	614.938000
3686.443080	615.047000
3865.358188	620.125000
3866.551811	620.156000
4028.736942	624.711000
4046.819491	625.251000
4208.082515	629.762000
4233.834788	630.487000
4399.925484	635.066000
4427.464250	635.831000
4553.371276	639.443000
4592.180965	640.576000
4733.486487	644.808000
4769.760682	645.863000
4897.431864	649.733000
4951.799461	651.291000
5060.446972	654.497000
5111.647325	655.922000
5250.617147	659.955000
5296.997088	661.171000
5432.107061	665.158000
5479.071150	666.365000
5616.406762	670.252000
5656.466591	671.262000
5803.967367	675.264000
5844.289536	676.219000
6011.690818	680.725000
6044.369455	681.456000
6200.895935	685.713000
6241.427322	686.579000
6408.299835	690.946000
6426.956831	691.321000
6619.219832	695.965000
6647.981151	696.486000
6868.825162	701.538000
6876.189326	701.679000
7059.130624	706.200000
7075.599833	706.510000
7296.772884	711.622000
7304.725708	711.800000
7561.128985	716.654000
7563.702973	716.712000
7833.174789	721.468000
7857.076861	722.031000
8129.897923	726.860000
8133.946915	726.956000
8405.101793	731.529000
8452.305327	732.597000
8659.227609	736.508000
8693.812687	737.234000
8942.438595	741.883000
8981.877724	742.696000
9192.470508	746.330000
9273.169262	747.857000
9540.237251	751.774000
9603.425108	752.874000
9913.271601	756.568000
10015.249438	758.249000
10392.080099	761.437000
10493.544240	763.056000
11458.117450	766.695000
11597.513175	768.581000
12303.113398	771.533000
12503.277805	773.590000
13090.038526	776.646000
13396.031012	778.612000
14384.646192	781.338000
15186.913733	783.938000
16830.327934	778.612000
17543.320394	776.646000
18018.962834	773.590000
18413.912704	771.533000
18701.168576	768.581000
19151.968718	766.695000
19420.930035	763.056000
19850.071015	761.437000
20049.865754	758.249000
20248.564732	756.568000
20472.661180	752.874000
20564.927326	751.774000
20789.933538	747.857000
20894.047100	746.330000
21086.096395	742.696000
21133.210300	741.883000
21358.736142	737.234000
21397.562214	736.508000
21583.873840	732.597000
21640.379336	731.529000
21842.497089	726.956000
21848.189385	726.860000
22051.862150	722.031000
22083.669617	721.468000
22285.584810	716.712000
22288.871052	716.654000
22504.287225	711.800000
22513.689735	711.622000
22742.087680	706.510000
22755.499974	706.200000
22995.684796	701.679000
23001.390331	701.538000
23265.246742	696.486000
23288.021827	695.965000
23544.389513	691.321000
23559.914626	690.946000
23777.181573	686.579000
23810.273305	685.713000
24009.513621	681.456000
24036.391905	680.725000
24237.828208	676.219000
24273.307175	675.264000
24442.280283	671.262000
24479.505617	670.252000
24633.676461	666.365000
24676.322225	665.158000
24831.455464	661.171000
24872.662820	659.955000
25026.487082	655.922000
25075.589982	654.497000
25190.781793	651.291000
25243.580553	649.733000
25378.627151	645.863000
25413.431569	644.808000
25558.940947	640.576000
25596.771561	639.443000
25720.496712	635.831000
25747.163067	635.066000
25911.999681	630.487000
25938.297072	629.762000
26098.529488	625.251000
26117.833863	624.711000
26270.363515	620.156000
26271.467300	620.125000
26466.990464	615.047000
26470.830902	614.938000
26649.485939	609.946000
26656.219437	609.742000
26806.271872	605.275000
26835.221070	604.365000
26969.888603	600.215000
26987.079017	599.676000
27137.267514	594.976000
27169.115095	593.970000
27284.877101	590.322000
27322.237832	589.133000
27443.267930	585.387000
27486.299172	584.004000
27612.032172	580.041000
27662.343275	578.414000
27750.135388	575.583000
27808.389683	573.708000
27907.890260	570.435000
27989.562938	567.944000
28074.877136	565.259000
28137.309683	563.398000
28228.052229	560.510000
28333.438408	557.222000
28393.561309	555.319000
28478.501474	552.740000
28551.308016	550.396000
28666.974060	547.207000
28730.395990	545.240000
28858.074432	541.860000
28909.133482	540.271000
29041.035023	536.643000
29079.514283	535.482000
29219.824463	531.621000
29267.618057	530.132000
29407.359338	526.200000
29431.905960	525.407000
29582.134302	521.262000
29610.418221	520.310000
29767.516849	515.951000
29795.893757	515.009000
29944.928545	510.905000
29953.426828	510.628000
30129.889431	505.892000
30156.581160	504.993000
30307.951634	500.816000
30324.294856	500.264000
30479.347216	495.899000
30490.156549	495.543000
30658.817131	490.828000
30683.311641	490.016000
30825.591995	485.881000
30849.115602	485.093000
30994.448309	481.018000
31006.101768	480.636000
31180.787696	475.799000
31209.676473	474.886000
31351.550674	471.035000
31375.693831	470.271000
31533.507953	465.863000
31548.536751	465.384000
31701.996337	460.935000
31724.815538	460.219000
31868.289087	455.775000
31888.781607	455.120000
32021.484988	450.952000
32037.146788	450.473000
32187.347677	445.844000
32214.543460	445.054000
32351.134268	440.736000
32366.646889	440.307000
32518.008735	435.603000
32524.400879	435.436000
32677.805035	430.860000
32704.034481	430.208000
32864.671530	425.527000
32877.209486	425.214000
33036.634142	420.606000
33042.115102	420.465000
33225.821438	415.453000
33237.248153	415.167000
33417.964869	410.461000
33420.441589	410.396000
33623.806107	405.327000
33631.785244	405.127000
33807.474820	400.448000
33807.900590	400.437000
34018.490818	395.342000
34035.056080	394.906000
34212.851354	390.217000
34218.105467	390.076000
34382.595296	385.599000
34405.601067	384.951000
34580.534334	380.081000
34584.345906	379.967000
34743.559418	375.273000
34759.173169	374.776000
34907.224517	370.228000
34927.532281	369.562000
35068.714826	365.127000
35085.132007	364.580000
35230.226446	360.144000
35248.824188	359.503000
35417.606954	355.093000
35440.379886	354.326000
35618.299131	349.919000
35640.614328	349.213000
35835.505319	344.932000
35863.866354	344.079000
36076.162514	339.886000
36111.558170	338.969000
36323.770587	334.400000
36351.930113	333.681000
36520.722459	329.779000
36564.577924	328.662000
36745.775999	324.327000
36784.721242	323.373000
36962.689562	319.214000
37004.838416	318.264000
37181.595626	314.026000
37242.014103	312.979000
37450.988260	309.113000
37524.464418	307.959000
37733.488382	303.864000
37816.515827	302.446000
38015.880957	298.680000
38060.611957	297.810000
38335.479489	293.920000
38434.856640	292.052000
38952.716813	288.916000
39052.423498	287.172000
39331.419268	292.052000
39639.889550	293.920000
39846.836615	297.810000
39908.310844	298.680000
40101.939520	302.446000
40177.005838	303.864000
40416.778324	307.959000
40475.682757	309.113000
40721.834256	312.979000
40778.429171	314.026000
41022.988392	318.264000
41062.610701	319.214000
41247.133948	323.373000
41287.956688	324.327000
41464.924849	328.662000
41511.614180	329.779000
41664.813845	333.681000
41695.916279	334.400000
41874.860476	338.969000
41917.451587	339.886000
42079.298899	344.079000
42122.487219	344.932000
42264.824373	349.213000
42296.964770	349.919000
42436.260906	354.326000
42467.226202	355.093000
42598.163134	359.503000
42622.695958	360.144000
42751.400458	364.580000
42769.291950	365.127000
42902.400168	369.562000
42923.601425	370.228000
43062.279669	374.776000
43078.458543	375.273000
43225.925242	379.967000
43229.791953	380.081000
43392.619659	384.951000
43415.896200	385.599000
43574.841938	390.076000
43580.022431	390.217000
43754.749615	394.906000
43771.281656	395.342000
43964.859653	400.437000
43965.314313	400.448000
44146.421466	405.127000
44153.931172	405.327000
44356.162378	410.396000
44358.770130	410.461000
44538.084725	415.167000
44549.067509	415.453000
44749.314711	420.465000
44754.482826	420.606000
44933.605251	425.214000
44944.434226	425.527000
45131.942766	430.208000
45154.317335	430.860000
45338.406202	435.436000
45344.004649	435.603000
45524.056424	440.307000
45537.860470	440.736000
45693.999162	445.054000
45718.989143	445.844000
45878.342661	450.473000
45893.885159	450.952000
46030.165705	455.120000
46051.020003	455.775000
46190.056273	460.219000
46213.172174	460.935000
46354.963552	465.384000
46371.485723	465.863000
46509.788312	470.271000
46537.140850	471.035000
46658.836266	474.886000
46692.471982	475.799000
46845.522381	480.636000
46859.318127	481.018000
46983.631858	485.093000
47011.735459	485.881000
47135.174691	490.016000
47163.114630	490.828000
47305.345679	495.543000
47318.080179	495.899000
47450.615958	500.264000
47470.223954	500.816000
47593.893592	504.993000
47626.472490	505.892000
47767.086539	510.628000
47777.407515	510.905000
47903.317094	515.009000
47937.525372	515.951000
48068.836347	520.310000
48103.146485	521.262000
48226.294431	525.407000
48255.035341	526.200000
48376.746967	530.132000
48429.665269	531.621000
48553.594797	535.482000
48595.785970	536.643000
48716.029514	540.271000
48773.800062	541.860000
48882.408992	545.240000
48956.711801	547.207000
49059.534646	550.396000
49144.552271	552.740000
49224.658103	555.319000
49287.333999	557.222000
49391.214240	560.510000
49483.779715	563.398000
49542.253357	565.259000
49632.329332	567.944000
49711.479301	570.435000
49818.791496	573.708000
49875.792285	575.583000
49963.748502	578.414000
50014.203383	580.041000
50136.749729	584.004000
50180.627785	585.387000
50297.182401	589.133000
50335.597988	590.322000
50450.225363	593.970000
50482.148767	594.976000
50630.939652	599.676000
50648.163397	600.215000
50780.520020	604.365000
50810.049527	605.275000
50952.155095	609.742000
50959.007725	609.946000
51123.780380	614.938000
51127.681301	615.047000
51306.596409	620.125000
51307.790032	620.156000
51469.975162	624.711000
51488.057711	625.251000
51649.320736	629.762000
51675.073009	630.487000
51841.163704	635.066000
51868.702470	635.831000
51994.609497	639.443000
52033.419185	640.576000
52174.724708	644.808000
52210.998903	645.863000
52338.670084	649.733000
52393.037681	651.291000
52501.685193	654.497000
52552.885546	655.922000
52691.855367	659.955000
52738.235308	661.171000
52873.345282	665.158000
52920.309370	666.365000
53057.644983	670.252000
53097.704811	671.262000
53245.205588	675.264000
53285.527756	676.219000
53452.929039	680.725000
53485.607676	681.456000
53642.134155	685.713000
53682.665542	686.579000
53849.538055	690.946000
53868.195052	691.321000
54060.458052	695.965000
54089.219371	696.486000
54310.063383	701.538000
54317.427546	701.679000
54500.368845	706.200000
54516.838054	706.510000
54738.011105	711.622000
54745.963928	711.800000
55002.367206	716.654000
55004.941194	716.712000
55274.413009	721.468000
55298.315081	722.031000
55571.136143	726.860000
55575.185136	726.956000
55846.340014	731.529000
55893.543548	732.597000
56100.465829	736.508000
56135.050907	737.234000
56383.676816	741.883000
56423.115944	742.696000
56633.708728	746.330000
56714.407483	747.857000
56981.475472	751.774000
57044.663328	752.874000
57354.509822	756.568000
57456.487658	758.249000
57833.318319	761.437000
57934.782461	763.056000
58899.355671	766.695000
59038.751396	768.581000
59744.351619	771.533000
59944.516025	773.590000
60531.276746	776.646000
60837.269232	778.612000
61825.884412	781.338000
62628.151953	783.938000
64271.566155	778.612000
64984.558614	776.646000
65460.201054	773.590000
65855.150924	771.533000
66142.406796	768.581000
66593.206939	766.695000
66862.168255	763.056000
67291.309236	761.437000
67491.103974	758.249000
67689.802952	756.568000
67913.899400	752.874000
68006.165546	751.774000
68231.171759	747.857000
68335.285320	746.330000
68527.334615	742.696000
68574.448521	741.883000
68799.974363	737.234000
68838.800435	736.508000
69025.112060	732.597000
69081.617557	731.529000
69283.735310	726.956000
69289.427606	726.860000
69493.100371	722.031000
69524.907838	721.468000
69726.823031	716.712000
69730.109273	716.654000
69945.525446	711.800000
69954.927956	711.622000
70183.325901	706.510000
70196.738194	706.200000
70436.923016	701.679000
70442.628551	701.538000
70706.484962	696.486000
70729.260048	695.965000
70985.627734	691.321000
71001.152847	690.946000
71218.419793	686.579000
71251.511526	685.713000
71450.751841	681.456000
71477.630126	680.725000
71679.066429	676.219000
71714.545396	675.264000
71883.518504	671.262000
71920.743837	670.252000
72074.914681	666.365000
72117.560445	665.158000
72272.693685	661.171000
72313.901041	659.955000
72467.725302	655.922000
72516.828202	654.497000
72632.020014	651.291000
72684.818773	649.733000
72819.865372	645.863000
72854.669789	644.808000
73000.179168	640.576000
73038.009781	639.443000
73161.734933	635.831000
73188.401288	635.066000
73353.237901	630.487000
73379.535292	629.762000
73539.767709	625.251000
73559.072083	624.711000
73711.601736	620.156000
73712.705520	620.125000
73908.228684	615.047000
73912.069123	614.938000
74090.724160	609.946000
74097.457657	609.742000
74247.510093	605.275000
74276.459291	604.365000
74411.126823	600.215000
74428.317237	599.676000
74578.505735	594.976000
74610.353316	593.970000
74726.115321	590.322000
74763.476053	589.133000
74884.506150	585.387000
74927.537393	584.004000
75053.270392	580.041000
75103.581496	578.414000
75191.373609	575.583000
75249.627903	573.708000
75349.128480	570.435000
75430.801159	567.944000
75516.115356	565.259000
75578.547904	563.398000
75669.290450	560.510000
75774.676628	557.222000
75834.799529	555.319000
75919.739695	552.740000
75992.546236	550.396000
76108.212280	547.207000
76171.634211	545.240000
76299.312652	541.860000
76350.371703	540.271000
76482.273244	536.643000
76520.752503	535.482000
76661.062684	531.621000
76708.856278	530.132000
76848.597558	526.200000
76873.144180	525.407000
77023.372522	521.262000
77051.656441	520.310000
77208.755070	515.951000
77237.131977	515.009000
77386.166765	510.905000
77394.665048	510.628000
77571.127651	505.892000
77597.819381	504.993000
77749.189854	500.816000
77765.533077	500.264000
77920.585437	495.899000
77931.394770	495.543000
78100.055352	490.828000
78124.549861	490.016000
78266.830216	485.881000
78290.353823	485.093000
78435.686529	481.018000
78447.339988	480.636000
78622.025917	475.799000
78650.914694	474.886000
78792.788895	471.035000
78816.932052	470.271000
78974.746173	465.863000
78989.774971	465.384000
79143.234557	460.935000
79166.053759	460.219000
79309.527308	455.775000
79330.019827	455.120000
79462.723209	450.952000
79478.385008	450.473000
79628.585898	445.844000
79655.781681	445.054000
79792.372489	440.736000
79807.885110	440.307000
79959.246956	435.603000
79965.639100	435.436000
80119.043256	430.860000
80145.272701	430.208000
80305.909750	425.527000
80318.447706	425.214000
80477.872363	420.606000
80483.353322	420.465000
80667.059658	415.453000
80678.486374	415.167000
80859.203089	410.461000
80861.679810	410.396000
81065.044328	405.327000
81073.023464	405.127000
81248.713040	400.448000
81249.138810	400.437000
81459.729039	395.342000
81476.294300	394.906000
81654.089575	390.217000
81659.343687	390.076000
81823.833516	385.599000
81846.839288	384.951000
82021.772554	380.081000
82025.584127	379.967000
82184.797638	375.273000
82200.411390	374.776000
82348.462737	370.228000
82368.770501	369.562000
82509.953047	365.127000
82526.370227	364.580000
82671.464666	360.144000
82690.062408	359.503000
82858.845175	355.093000
82881.618106	354.326000
83059.537352	349.919000
83081.852549	349.213000
83276.743539	344.932000
83305.104575	344.079000
83517.400734	339.886000
83552.796390	338.969000
83765.008807	334.400000
83793.168334	333.681000
83961.960679	329.779000
84005.816144	328.662000
84187.014220	324.327000
84225.959462	323.373000
84403.927783	319.214000
84446.076637	318.264000
84622.833847	314.026000
84683.252324	312.979000
84892.226480	309.113000
84965.702639	307.959000
85174.726603	303.864000
85257.754048	302.446000
85457.119177	298.680000
85501.850178	297.810000
85776.717709	293.920000
85876.094860	292.052000
86393.955034	288.916000
86493.661719	287.172000
86772.657489	292.052000
87081.127771	293.920000
87288.074835	297.810000
87349.549065	298.680000
87543.177740	302.446000
87618.244058	303.864000
87858.016544	307.959000
87916.920978	309.113000
88163.072476	312.979000
88219.667391	314.026000
88464.226612	318.264000
88503.848922	319.214000
88688.372168	323.373000
88729.194909	324.327000
88906.163070	328.662000
88952.852401	329.779000
89106.052066	333.681000
89137.154499	334.400000
89316.098696	338.969000
89358.689807	339.886000
89520.537120	344.079000
89563.725439	344.932000
89706.062593	349.213000
89738.202990	349.919000
89877.499127	354.326000
89908.464423	355.093000
90039.401355	359.503000
90063.934179	360.144000
90192.638679	364.580000
90210.530171	365.127000
90343.638388	369.562000
90364.839645	370.228000
90503.517889	374.776000
90519.696763	375.273000
90667.163463	379.967000
90671.030174	380.081000
90833.857879	384.951000
90857.134421	385.599000
91016.080158	390.076000
91021.260651	390.217000
91195.987835	394.906000
91212.519876	395.342000
91406.097873	400.437000
91406.552533	400.448000
91587.659687	405.127000
91595.169393	405.327000
91797.400599	410.396000
91800.008350	410.461000
91979.322946	415.167000
91990.305730	415.453000
92190.552932	420.465000
92195.721047	420.606000
92374.843471	425.214000
92385.672446	425.527000
92573.180987	430.208000
92595.555556	430.860000
92779.644423	435.436000
92785.242870	435.603000
92965.294644	440.307000
92979.098690	440.736000
93135.237382	445.054000
93160.227363	445.844000
93319.580881	450.473000
93335.123380	450.952000
93471.403926	455.120000
93492.258224	455.775000
93631.294494	460.219000
93654.410394	460.935000
93796.201772	465.384000
93812.723944	465.863000
93951.026532	470.271000
93978.379071	471.035000
94100.074486	474.886000
94133.710203	475.799000
94286.760601	480.636000
94300.556347	481.018000
94424.870078	485.093000
94452.973679	485.881000
94576.412911	490.016000
94604.352850	490.828000
94746.583900	495.543000
94759.318400	495.899000
94891.854178	500.264000
94911.462174	500.816000
95035.131813	504.993000
95067.710711	505.892000
95208.324760	510.628000
95218.645735	510.905000
95344.555315	515.009000
95378.763592	515.951000
95510.074567	520.310000
95544.384706	521.262000
95667.532651	525.407000
95696.273562	526.200000
95817.985187	530.132000
95870.903490	531.621000
95994.833017	535.482000
96037.024190	536.643000
96157.267734	540.271000
96215.038282	541.860000
96323.647212	545.240000
96397.950021	547.207000
96500.772866	550.396000
96585.790492	552.740000
96665.896324	555.319000
96728.572219	557.222000
96832.452461	560.510000
96925.017936	563.398000
96983.491578	565.259000
97073.567553	567.944000
97152.717522	570.435000
97260.029717	573.708000
97317.030505	575.583000
97404.986723	578.414000
97455.441604	580.041000
97577.987949	584.004000
97621.866006	585.387000
97738.420622	589.133000
97776.836208	590.322000
97891.463583	593.970000
97923.386987	594.976000
98072.177873	599.676000
98089.401617	600.215000
98221.758240	604.365000
98251.287747	605.275000
98393.393315	609.742000
98400.245945	609.946000
98565.018600	614.938000
98568.919521	615.047000
98747.834629	620.125000
98749.028252	620.156000
98911.213383	624.711000
98929.295932	625.251000
99090.558956	629.762000
99116.311229	630.487000
99282.401925	635.066000
99309.940691	635.831000
99435.847717	639.443000
99474.657406	640.576000
99615.962928	644.808000
99652.237123	645.863000
99779.908305	649.733000
99834.275902	651.291000
99942.923413	654.497000
99994.123766	655.922000
100133.093588	659.955000
100179.473529	661.171000
100314.583502	665.158000
100361.547591	666.365000
100498.883203	670.252000
100538.943032	671.262000
100686.443808	675.264000
100726.765977	676.219000
100894.167260	680.725000
100926.845896	681.456000
101083.372376	685.713000
101123.903763	686.579000
101290.776276	690.946000
101309.433272	691.321000
101501.696273	695.965000
101530.457592	696.486000
101751.301604	701.538000
101758.665767	701.679000
101941.607065	706.200000
101958.076274	706.510000
102179.249325	711.622000
102187.202149	711.800000
102443.605426	716.654000
102446.179414	716.712000
102715.651230	721.468000
102739.553302	722.031000
103012.374364	726.860000
103016.423356	726.956000
103287.578234	731.529000
103334.781768	732.597000
103541.704050	736.508000
103576.289128	737.234000
103824.915036	741.883000
103864.354165	742.696000
104074.946949	746.330000
104155.645703	747.857000
104422.713692	751.774000
104485.901549	752.874000
104795.748042	756.568000
104897.725879	758.249000
105274.556540	761.437000
105376.020681	763.056000
106340.593891	766.695000
106479.989616	768.581000
107185.589839	771.533000
107385.754246	773.590000
107972.514967	776.646000
108278.507453	778.612000
109267.122633	781.338000
110069.390174	783.938000
111712.804375	778.612000
112425.796835	776.646000
112901.439275	773.590000
113296.389145	771.533000
113583.645017	768.581000
114034.445159	766.695000
114303.406476	763.056000
114732.547456	761.437000
114932.342195	758.249000
115131.041173	756.568000
115355.137621	752.874000
115447.403767	751.774000
115672.409979	747.857000
115776.523541	746.330000
115968.572836	742.696000
116015.686741	741.883000
116241.212583	737.234000
116280.038655	736.508000
116466.350281	732.597000
116522.855777	731.529000
116724.973530	726.956000
116730.665826	726.860000
116934.338591	722.031000
116966.146058	721.468000
117168.061252	716.712000
117171.347493	716.654000
117386.763666	711.800000
117396.166176	711.622000
117624.564121	706.510000
117637.976415	706.200000
117878.161237	701.679000
117883.866772	701.538000
118147.723183	696.486000
118170.498268	695.965000
118426.865954	691.321000
118442.391067	690.946000
118659.658014	686.579000
118692.749746	685.713000
118891.990062	681.456000
118918.868346	680.725000
119120.304649	676.219000
119155.783616	675.264000
119324.756724	671.262000
119361.982058	670.252000
119516.152902	666.365000
119558.798666	665.158000
119713.931905	661.171000
119755.139261	659.955000
119908.963523	655.922000
119958.066423	654.497000
120073.258234	651.291000
120126.056994	649.733000
120261.103592	645.863000
120295.908010	644.808000
120441.417388	640.576000
120479.248002	639.443000
120602.973153	635.831000
120629.639508	635.066000
120794.476122	630.487000
120820.773513	629.762000
120981.005929	625.251000
121000.310304	624.711000
121152.839956	620.156000
121153.943741	620.125000
121349.466905	615.047000
121353.307343	614.938000
121531.962380	609.946000
121538.695878	609.742000
121688.748314	605.275000
121717.697511	604.365000
121852.365044	600.215000
121869.555458	599.676000
122019.743955	594.976000
122051.591536	593.970000
122167.353542	590.322000
122204.714273	589.133000
122325.744371	585.387000
122368.775613	584.004000
122494.508613	580.041000
122544.819716	578.414000
122632.611829	575.583000
122690.866124	573.708000
122790.366701	570.435000
122872.039379	567.944000
122957.353577	565.259000
123019.786124	563.398000
123110.528670	560.510000
123215.914849	557.222000
123276.037750	555.319000
123360.977915	552.740000
123433.784457	550.396000
123549.450501	547.207000
123612.872431	545.240000
123740.550873	541.860000
123791.609923	540.271000
123923.511464	536.643000
123961.990724	535.482000
124102.300904	531.621000
124150.094498	530.132000
124289.835779	526.200000
124314.382401	525.407000
124464.610743	521.262000
124492.894662	520.310000
124649.993290	515.951000
124678.370198	515.009000
124827.404986	510.905000
124835.903269	510.628000
125012.365872	505.892000
125039.057601	504.993000
125190.428075	500.816000
125206.771297	500.264000
125361.823657	495.899000
125372.632990	495.543000
125541.293572	490.828000
125565.788082	490.016000
125708.068436	485.881000
125731.592043	485.093000
125876.924750	481.018000
125888.578209	480.636000
126063.264137	475.799000
126092.152914	474.886000
126234.027115	471.035000
126258.170272	470.271000
126415.984394	465.863000
126431.013192	465.384000
126584.472778	460.935000
126607.291979	460.219000
126750.765528	455.775000
126771.258048	455.120000
126903.961429	450.952000
126919.623229	450.473000
127069.824118	445.844000
127097.019901	445.054000
127233.610709	440.736000
127249.123330	440.307000
127400.485176	435.603000
127406.877320	435.436000
127560.281476	430.860000
127586.510922	430.208000
127747.147971	425.527000
127759.685927	425.214000
127919.110583	420.606000
127924.591543	420.465000
128108.297879	415.453000
128119.724594	415.167000
128300.441310	410.461000
128302.918030	410.396000
128506.282549	405.327000
128514.261685	405.127000
128689.951261	400.448000
128690.377031	400.437000
128900.967259	395.342000
128917.532521	394.906000
129095.327795	390.217000
129100.581908	390.076000
129265.071737	385.599000
129288.077508	384.951000
129463.010775	380.081000
129466.822347	379.967000
129626.035859	375.273000
129641.649611	374.776000
129789.700958	370.228000
129810.008722	369.562000
129951.191267	365.127000
129967.608448	364.580000
130112.702887	360.144000
130131.300629	359.503000
130300.083395	355.093000
130322.856327	354.326000
130500.775572	349.919000
130523.090769	349.213000
130717.981760	344.932000
130746.342795	344.079000
130958.638955	339.886000
130994.034611	338.969000
131206.247028	334.400000
131234.406554	333.681000
131403.198900	329.779000
131447.054365	328.662000
131628.252440	324.327000
131667.197683	323.373000
131845.166003	319.214000
131887.314857	318.264000
132064.072067	314.026000
132124.490544	312.979000
132333.464701	309.113000
132406.940859	307.959000
132615.964824	303.864000
132698.992268	302.446000
132898.357398	298.680000
132943.088398	297.810000
133217.955930	293.920000
133317.333081	292.052000
133835.193255	288.916000
133934.899939	287.172000
134213.895709	292.052000
134522.365991	293.920000
134729.313056	297.810000
134790.787285	298.680000
134984.415961	302.446000
135059.482279	303.864000
135299.254765	307.959000
135358.159198	309.113000
135604.310697	312.979000
135660.905612	314.026000
135905.464833	318.264000
135945.087142	319.214000
136129.610389	323.373000
136170.433129	324.327000
136347.401290	328.662000
136394.090621	329.779000
136547.290286	333.681000
136578.392720	334.400000
136757.336917	338.969000
136799.928028	339.886000
136961.775340	344.079000
137004.963660	344.932000
137147.300814	349.213000
137179.441211	349.919000
137318.737347	354.326000
137349.702644	355.093000
137480.639575	359.503000
137505.172399	360.144000
137633.876899	364.580000
137651.768391	365.127000
137784.876609	369.562000
137806.077866	370.228000
137944.756110	374.776000
137960.934984	375.273000
138108.401683	379.967000
138112.268394	380.081000
138275.096100	384.951000
138298.372641	385.599000
138457.318379	390.076000
138462.498872	390.217000
138637.226056	394.906000
138653.758097	395.342000
138847.336094	400.437000
138847.790754	400.448000
139028.897907	405.127000
139036.407613	405.327000
139238.638819	410.396000
139241.246571	410.461000
139420.561166	415.167000
139431.543950	415.453000
139631.791152	420.465000
139636.959267	420.606000
139816.081692	425.214000
139826.910667	425.527000
140014.419207	430.208000
140036.793776	430.860000
140220.882643	435.436000
140226.481090	435.603000
140406.532865	440.307000
140420.336911	440.736000
140576.475603	445.054000
140601.465584	445.844000
140760.819102	450.473000
140776.361600	450.952000
140912.642146	455.120000
140933.496444	455.775000
141072.532714	460.219000
141095.648615	460.935000
141237.439993	465.384000
141253.962164	465.863000
141392.264753	470.271000
141419.617291	471.035000
141541.312707	474.886000
141574.948423	475.799000
141727.998822	480.636000
141741.794568	481.018000
141866.108299	485.093000
141894.211900	485.881000
142017.651132	490.016000
142045.591071	490.828000
142187.822120	495.543000
142200.556620	495.899000
142333.092399	500.264000
142352.700395	500.816000
142476.370033	504.993000
142508.948931	505.892000
142649.562980	510.628000
142659.883956	510.905000
142785.793535	515.009000
142820.001813	515.951000
142951.312788	520.310000
142985.622926	521.262000
143108.770872	525.407000
143137.511783	526.200000
143259.223408	530.132000
143312.141711	531.621000
143436.071238	535.482000
143478.262411	536.643000
143598.505955	540.271000
143656.276503	541.860000
143764.885433	545.240000
143839.188242	547.207000
143942.011087	550.396000
144027.028712	552.740000
144107.134544	555.319000
144169.810440	557.222000
144273.690681	560.510000
144366.256156	563.398000
144424.729798	565.259000
144514.805773	567.944000
144593.955742	570.435000
144701.267937	573.708000
144758.268726	575.583000
144846.224943	578.414000
144896.679824	580.041000
145019.226170	584.004000
145063.104226	585.387000
145179.658842	589.133000
145218.074429	590.322000
145332.701804	593.970000
145364.625208	594.976000
145513.416093	599.676000
145530.639838	600.215000
145662.996461	604.365000
145692.525968	605.275000
145834.631536	609.742000
145841.484166	609.946000
146006.256821	614.938000
146010.157742	615.047000
146189.072850	620.125000
146190.266473	620.156000
146352.451603	624.711000
146370.534152	625.251000
146531.797177	629.762000
146557.549450	630.487000
146723.640145	635.066000
146751.178911	635.831000
146877.085938	639.443000
146915.895626	640.576000
147057.201149	644.808000
147093.475344	645.863000
147221.146525	649.733000
147275.514122	651.291000
147384.161634	654.497000
147435.361987	655.922000
147574.331808	659.955000
147620.711749	661.171000
147755.821723	665.158000
147802.785811	666.365000
147940.121424	670.252000
147980.181252	671.262000
148127.682029	675.264000
148168.004197	676.219000
148335.405480	680.725000
148368.084117	681.456000
148524.610596	685.713000
148565.141983	686.579000
148732.014496	690.946000
148750.671493	691.321000
148942.934493	695.965000
148971.695812	696.486000
149192.539824	701.538000
149199.903988	701.679000
149382.845286	706.200000
149399.314495	706.510000
149620.487546	711.622000
149628.440369	711.800000
149884.843647	716.654000
149887.417635	716.712000
150156.889450	721.468000
150180.791522	722.031000
150453.612584	726.860000
150457.661577	726.956000
150728.816455	731.529000
150776.019989	732.597000
150982.942270	736.508000
151017.527348	737.234000
151266.153257	741.883000
151305.592385	742.696000
151516.185169	746.330000
151596.883924	747.857000
151863.951913	751.774000
151927.139769	752.874000
152236.986263	756.568000
152338.964100	758.249000
152715.794760	761.437000
152817.258902	763.056000
153781.832112	766.695000
153921.227837	768.581000
154626.828060	771.533000
154826.992466	773.590000
155413.753187	776.646000
155719.745673	778.612000
156708.360854	781.338000
157510.628394	783.938000
159154.042596	778.612000
159867.035055	776.646000
160342.677495	773.590000
160737.627365	771.533000
161024.883237	768.581000
161475.683380	766.695000
161744.644696	763.056000
162173.785677	761.437000
162373.580415	758.249000
162572.279393	756.568000
162796.375841	752.874000
162888.641987	751.774000
163113.648200	747.857000
163217.761761	746.330000
163409.811056	742.696000
163456.924962	741.883000
163682.450804	737.234000
163721.276876	736.508000
163907.588501	732.597000
163964.093998	731.529000
164166.211751	726.956000
164171.904047	726.860000
164375.576812	722.031000
164407.384279	721.468000
164609.299472	716.712000
164612.585714	716.654000
164828.001887	711.800000
164837.404397	711.622000
165065.802342	706.510000
165079.214635	706.200000
165319.399457	701.679000
165325.104992	701.538000
165588.961403	696.486000
165611.736489	695.965000
165868.104175	691.321000
165883.629288	690.946000
166100.896234	686.579000
166133.987967	685.713000
166333.228282	681.456000
166360.106567	680.725000
166561.542870	676.219000
166597.021837	675.264000
166765.994945	671.262000
166803.220278	670.252000
166957.391122	666.365000
167000.036886	665.158000
167155.170126	661.171000
167196.377482	659.955000
167350.201743	655.922000
167399.304643	654.497000
167514.496455	651.291000
167567.295214	649.733000
167702.341813	645.863000
167737.146230	644.808000
167882.655609	640.576000
167920.486222	639.443000
168044.211374	635.831000
168070.877729	635.066000
168235.714342	630.487000
168262.011733	629.762000
168422.244150	625.251000
168441.548524	624.711000
168594.078177	620.156000
168595.181961	620.125000
168790.705125	615.047000
168794.545564	614.938000
168973.200601	609.946000
168979.934098	609.742000
169129.986534	605.275000
169158.935732	604.365000
169293.603264	600.215000
169310.793678	599.676000
169460.982176	594.976000
169492.829757	593.970000
169608.591762	590.322000
169645.952494	589.133000
169766.982591	585.387000
169810.013834	584.004000
169935.746833	580.041000
169986.057937	578.414000
170073.850050	575.583000
170132.104344	573.708000
170231.604921	570.435000
170313.277600	567.944000
170398.591797	565.259000
170461.024345	563.398000
170551.766891	560.510000
170657.153069	557.222000
170717.275970	555.319000
170802.216136	552.740000
170875.022677	550.396000
170990.688721	547.207000
171054.110652	545.240000
171181.789093	541.860000
171232.848144	540.271000
171364.749685	536.643000
171403.228944	535.482000
171543.539125	531.621000
171591.332719	530.132000
171731.073999	526.200000
171755.620621	525.407000
171905.848963	521.262000
171934.132882	520.310000
172091.231511	515.951000
172119.608418	515.009000
172268.643206	510.905000
172277.141489	510.628000
172453.604092	505.892000
172480.295822	504.993000
172631.666295	500.816000
172648.009518	500.264000
172803.061878	495.899000
172813.871211	495.543000
172982.531793	490.828000
173007.026302	490.016000
173149.306657	485.881000
173172.830264	485.093000
173318.162970	481.018000
173329.816429	480.636000
173504.502358	475.799000
173533.391135	474.886000
173675.265336	471.035000
173699.408493	470.271000
173857.222614	465.863000
173872.251412	465.384000
174025.710998	460.935000
174048.530200	460.219000
174192.003749	455.775000
174212.496268	455.120000
174345.199650	450.952000
174360.861449	450.473000
174511.062339	445.844000
174538.258122	445.054000
174674.848930	440.736000
174690.361551	440.307000
174841.723397	435.603000
174848.115541	435.436000
175001.519697	430.860000
175027.749142	430.208000
175188.386191	425.527000
175200.924147	425.214000
175360.348804	420.606000
175365.829763	420.465000
175549.536099	415.453000
175560.962815	415.167000
175741.679530	410.461000
175744.156251	410.396000
175947.520769	405.327000
175955.499905	405.127000
176131.189481	400.448000
176131.615251	400.437000
176342.205480	395.342000
176358.770741	394.906000
176536.566016	390.217000
176541.820128	390.076000
176706.309957	385.599000
176729.315729	384.951000
176904.248995	380.081000
176908.060568	379.967000
177067.274079	375.273000
177082.887831	374.776000
177230.939178	370.228000
177251.246942	369.562000
177392.429488	365.127000
177408.846668	364.580000
177553.941107	360.144000
177572.538849	359.503000
177741.321616	355.093000
177764.094547	354.326000
177942.013793	349.919000
177964.328990	349.213000
178159.219980	344.932000
178187.581016	344.079000
178399.877175	339.886000
178435.272831	338.969000
178647.485248	334.400000
178675.644775	333.681000
178844.437120	329.779000
178888.292585	328.662000
179069.490661	324.327000
179108.435903	323.373000
179286.404224	319.214000
179328.553078	318.264000
179505.310288	314.026000
179565.728765	312.979000
179774.702921	309.113000
179848.179080	307.959000
180057.203044	303.864000
180140.230489	302.446000
180339.595618	298.680000
180384.326619	297.810000
180659.194150	293.920000
180758.571301	292.052000
181276.431475	288.916000
181376.138160	287.172000
181655.133930	292.052000
181963.604212	293.920000
182170.551276	297.810000
182232.025506	298.680000
182425.654181	302.446000
182500.720499	303.864000
182740.492985	307.959000
182799.397419	309.113000
183045.548917	312.979000
183102.143832	314.026000
183346.703053	318.264000
183386.325363	319.214000
183570.848609	323.373000
183611.671350	324.327000
183788.639511	328.662000
183835.328842	329.779000
183988.528507	333.681000
184019.630940	334.400000
184198.575137	338.969000
184241.166248	339.886000
184403.013561	344.079000
184446.201880	344.932000
184588.539034	349.213000
184620.679431	349.919000
184759.975568	354.326000
184790.940864	355.093000
184921.877796	359.503000
184946.410620	360.144000
185075.115120	364.580000
185093.006612	365.127000
185226.114829	369.562000
185247.316086	370.228000
185385.994330	374.776000
185402.173204	375.273000
185549.639904	379.967000
185553.506615	380.081000
185716.334320	384.951000
185739.610862	385.599000
185898.556599	390.076000
185903.737092	390.217000
186078.464276	394.906000
186094.996317	395.342000
186288.574314	400.437000
186289.028974	400.448000
186470.136128	405.127000
186477.645834	405.327000
186679.877040	410.396000
186682.484791	410.461000
186861.799387	415.167000
186872.782171	415.453000
187073.029373	420.465000
187078.197488	420.606000
187257.319912	425.214000
187268.148887	425.527000
187455.657428	430.208000
187478.031997	430.860000
187662.120864	435.436000
187667.719311	435.603000
187847.771085	440.307000
187861.575131	440.736000
188017.713823	445.054000
188042.703804	445.844000
188202.057322	450.473000
188217.599821	450.952000
188353.880367	455.120000
188374.734665	455.775000
188513.770935	460.219000
188536.886835	460.935000
188678.678213	465.384000
188695.200385	465.863000
188833.502974	470.271000
188860.855512	471.035000
188982.550927	474.886000
189016.186644	475.799000
189169.237042	480.636000
189183.032788	481.018000
189307.346520	485.093000
189335.450120	485.881000
189458.889352	490.016000
189486.829291	490.828000
189629.060341	495.543000
189641.794841	495.899000
189774.330619	500.264000
189793.938615	500.816000
189917.608254	504.993000
189950.187152	505.892000
190090.801201	510.628000
190101.122176	510.905000
190227.031756	515.009000
190261.240033	515.951000
190392.551008	520.310000
190426.861147	521.262000
190550.009092	525.407000
190578.750003	526.200000
190700.461628	530.132000
190753.379931	531.621000
190877.309458	535.482000
190919.500631	536.643000
191039.744175	540.271000
191097.514723	541.860000
191206.123653	545.240000
191280.426462	547.207000
191383.249307	550.396000
191468.266933	552.740000
191548.372765	555.319000
191611.048660	557.222000
191714.928902	560.510000
191807.494377	563.398000
191865.968019	565.259000
191956.043994	567.944000
192035.193963	570.435000
192142.506158	573.708000
192199.506946	575.583000
192287.463164	578.414000
192337.918045	580.041000
192460.464390	584.004000
192504.342447	585.387000
192620.897063	589.133000
192659.312649	590.322000
192773.940024	593.970000
192805.863428	594.976000
192954.654314	599.676000
192971.878058	600.215000
193104.234681	604.365000
193133.764188	605.275000
193275.869756	609.742000
193282.722386	609.946000
193447.495041	614.938000
193451.395963	615.047000
193630.311070	620.125000
193631.504693	620.156000
193793.689824	624.711000
193811.772373	625.251000
193973.035397	629.762000
193998.787670	630.487000
194164.878366	635.066000
194192.417132	635.831000
194318.324158	639.443000
194357.133847	640.576000
194498.439369	644.808000
194534.713564	645.863000
194662.384746	649.733000
194716.752343	651.291000
194825.399854	654.497000
194876.600207	655.922000
195015.570029	659.955000
195061.949970	661.171000
195197.059943	665.158000
195244.024032	666.365000
195381.359644	670.252000
195421.419473	671.262000
195568.920249	675.264000
195609.242418	676.219000
195776.643701	680.725000
195809.322337	681.456000
195965.848817	685.713000
196006.380204	686.579000
196173.252717	690.946000
196191.909713	691.321000
196384.172714	695.965000
196412.934033	696.486000
196633.778045	701.538000
196641.142208	701.679000
196824.083506	706.200000
196840.552715	706.510000
197061.725766	711.622000
197069.678590	711.800000
197326.081867	716.654000
197328.655855	716.712000
197598.127671	721.468000
197622.029743	722.031000
197894.850805	726.860000
197898.899797	726.956000
198170.054675	731.529000
198217.258209	732.597000
198424.180491	736.508000
198458.765569	737.234000
198707.391477	741.883000
198746.830606	742.696000
198957.423390	746.330000
199038.122144	747.857000
199305.190133	751.774000
199368.377990	752.874000
199678.224483	756.568000
