0.000000	500.000000
62.561134	500.816000
246.058027	504.993000
322.287761	505.892000
531.634279	510.628000
559.621793	510.905000
755.303936	515.009000
836.103002	515.951000
1035.190631	520.310000
1113.574953	521.262000
1297.064687	525.407000
1364.349205	526.200000
1555.956652	530.132000
1670.381833	531.621000
1877.319146	535.482000
1977.299934	536.643000
2191.124341	540.271000
2328.305593	541.860000
2510.015517	545.240000
2732.070425	547.207000
2905.171592	550.396000
3104.872608	552.740000
3231.629075	555.319000
3341.607508	557.222000
3510.431306	560.510000
3664.602855	563.398000
3758.792367	565.259000
3923.398399	567.944000
4053.257655	570.435000
4239.828267	573.708000
4327.302224	575.583000
4466.535722	578.414000
4546.182096	580.041000
4738.814435	584.004000
4810.622349	585.387000
4995.534499	589.133000
5060.451603	590.322000
5245.107089	593.970000
5297.368171	594.976000
5539.986267	599.676000
5568.521079	600.215000
5787.062922	604.365000
5837.372915	605.275000
6070.993859	609.742000
6083.554572	609.946000
6374.007823	614.938000
6382.669189	615.047000
6757.898964	620.125000
6762.190153	620.156000
7115.318967	624.711000
7148.222367	625.251000
7504.742722	629.762000
7560.317186	630.487000
7950.548221	635.066000
8013.158463	635.831000
8268.198218	639.443000
8342.931902	640.576000
8598.364159	644.808000
8668.940792	645.863000
8893.744451	649.733000
9004.244702	651.291000
9207.705866	654.497000
9323.202860	655.922000
9595.248101	659.955000
9745.999648	661.171000
9998.994309	665.158000
10194.280769	666.365000
10485.090102	670.252000
10761.408382	671.262000
11136.580377	675.264000
11606.435960	670.252000
12669.850966	666.365000
12760.153736	665.158000
13405.230055	661.171000
13482.391205	659.955000
13982.375570	655.922000
14078.498672	654.497000
14338.346646	651.291000
14437.221410	649.733000
14711.698928	645.863000
14772.982613	644.808000
15056.091912	640.576000
15124.476777	639.443000
15362.727496	635.831000
15416.743390	635.066000
15791.504567	630.487000
15853.290437	629.762000
16199.078590	625.251000
16241.756708	624.711000
16519.302976	620.156000
16521.706268	620.125000
17224.630730	615.047000
17232.685091	614.938000
17629.359776	609.946000
17641.229260	609.742000
17916.271944	605.275000
17963.864301	604.365000
18193.299984	600.215000
18221.684094	599.676000
18470.503422	594.976000
18522.434018	593.970000
18711.945379	590.322000
18772.130514	589.133000
18976.654880	585.387000
19044.923301	584.004000
19250.689580	580.041000
19329.774318	578.414000
19468.359987	575.583000
19560.575744	573.708000
19713.270284	570.435000
19855.264600	567.944000
19995.237342	565.259000
20109.327407	563.398000
20255.495764	560.510000
20431.020713	557.222000
20528.731080	555.319000
20677.776997	552.740000
20792.983339	550.396000
21064.675550	547.207000
21171.445696	545.240000
21553.014373	541.860000
21638.439542	540.271000
21951.651361	536.643000
22020.077529	535.482000
22352.571778	531.621000
22432.377439	530.132000
22734.539838	526.200000
22773.182947	525.407000
23124.878189	521.262000
23167.021066	520.310000
23525.925750	515.951000
23568.949505	515.009000
23920.965818	510.905000
23934.173409	510.628000
24412.689160	505.892000
24452.427868	504.993000
24806.612074	500.816000
24830.861603	500.264000
25165.517668	495.899000
25182.078438	495.543000
25555.857409	490.828000
25593.061523	490.016000
25870.465490	485.881000
25905.722421	485.093000
26224.121500	481.018000
26242.090178	480.636000
26644.700379	475.799000
26691.766864	474.886000
27051.780228	471.035000
27091.031894	470.271000
27441.952335	465.863000
27466.105530	465.384000
27767.380267	460.935000
27805.012110	460.219000
28047.124542	455.775000
28079.911989	455.120000
28298.383563	450.952000
28325.462841	450.473000
28581.329996	445.844000
28634.423850	445.054000
28856.860661	440.736000
28892.809153	440.307000
29146.679890	435.603000
29168.198257	435.436000
29448.059480	430.860000
29738.134170	435.603000
30344.256334	440.307000
30367.409086	440.736000
30729.240287	445.054000
30769.936229	445.844000
31081.039332	450.473000
31107.515972	450.952000
31343.145263	455.120000
31377.478008	455.775000
31599.932081	460.219000
31638.940295	460.935000
31872.772792	465.384000
31905.209430	465.863000
32127.479336	470.271000
32188.301300	471.035000
32386.152305	474.886000
32471.504733	475.799000
32720.859157	480.636000
32752.655125	481.018000
32944.336698	485.093000
33005.906876	485.881000
33190.916279	490.016000
33245.390770	490.828000
33461.422050	495.543000
33489.643749	495.899000
33692.699248	500.264000
33735.020015	500.816000
33918.516908	504.993000
33994.746643	505.892000
34204.093161	510.628000
34232.080674	510.905000
34427.762818	515.009000
34508.561883	515.951000
34707.649513	520.310000
34786.033834	521.262000
34969.523568	525.407000
35036.808086	526.200000
35228.415533	530.132000
35342.840714	531.621000
35549.778027	535.482000
35649.758815	536.643000
35863.583223	540.271000
36000.764474	541.860000
36182.474399	545.240000
36404.529306	547.207000
36577.630474	550.396000
36777.331490	552.740000
36904.087956	555.319000
37014.066390	557.222000
37182.890187	560.510000
37337.061736	563.398000
37431.251248	565.259000
37595.857281	567.944000
37725.716536	570.435000
37912.287149	573.708000
37999.761106	575.583000
38138.994603	578.414000
38218.640977	580.041000
38411.273317	584.004000
38483.081231	585.387000
38667.993381	589.133000
38732.910485	590.322000
38917.565970	593.970000
38969.827053	594.976000
39212.445148	599.676000
39240.979960	600.215000
39459.521803	604.365000
39509.831797	605.275000
39743.452740	609.742000
39756.013454	609.946000
40046.466704	614.938000
40055.128071	615.047000
40430.357845	620.125000
40434.649035	620.156000
40787.777849	624.711000
40820.681248	625.251000
41177.201603	629.762000
41232.776068	630.487000
41623.007102	635.066000
41685.617345	635.831000
41940.657100	639.443000
42015.390783	640.576000
42270.823041	644.808000
42341.399674	645.863000
42566.203332	649.733000
42676.703584	651.291000
42880.164747	654.497000
42995.661741	655.922000
43267.706982	659.955000
43418.458529	661.171000
43671.453190	665.158000
43866.739650	666.365000
44157.548983	670.252000
44433.867264	671.262000
44809.039259	675.264000
45278.894841	670.252000
46342.309848	666.365000
46432.612617	665.158000
47077.688936	661.171000
47154.850087	659.955000
47654.834451	655.922000
47750.957553	654.497000
48010.805527	651.291000
48109.680291	649.733000
48384.157810	645.863000
48445.441494	644.808000
48728.550794	640.576000
48796.935659	639.443000
49035.186377	635.831000
49089.202272	635.066000
49463.963448	630.487000
49525.749318	629.762000
49871.537471	625.251000
49914.215589	624.711000
50191.761858	620.156000
50194.165149	620.125000
50897.089611	615.047000
50905.143973	614.938000
51301.818657	609.946000
51313.688141	609.742000
51588.730825	605.275000
51636.323182	604.365000
51865.758866	600.215000
51894.142975	599.676000
52142.962303	594.976000
52194.892900	593.970000
52384.404260	590.322000
52444.589395	589.133000
52649.113762	585.387000
52717.382182	584.004000
52923.148461	580.041000
53002.233199	578.414000
53140.818869	575.583000
53233.034626	573.708000
53385.729165	570.435000
53527.723481	567.944000
53667.696223	565.259000
53781.786289	563.398000
53927.954645	560.510000
54103.479594	557.222000
54201.189961	555.319000
54350.235878	552.740000
54465.442221	550.396000
54737.134431	547.207000
54843.904577	545.240000
55225.473255	541.860000
55310.898423	540.271000
55624.110243	536.643000
55692.536411	535.482000
56025.030659	531.621000
56104.836321	530.132000
56406.998719	526.200000
56445.641828	525.407000
56797.337070	521.262000
56839.479948	520.310000
57198.384631	515.951000
57241.408386	515.009000
57593.424699	510.905000
57606.632290	510.628000
58085.148042	505.892000
58124.886749	504.993000
58479.070955	500.816000
58503.320485	500.264000
58837.976550	495.899000
58854.537319	495.543000
59228.316290	490.828000
59265.520405	490.016000
59542.924371	485.881000
59578.181302	485.093000
59896.580382	481.018000
59914.549059	480.636000
60317.159261	475.799000
60364.225746	474.886000
60724.239109	471.035000
60763.490776	470.271000
61114.411217	465.863000
61138.564412	465.384000
61439.839149	460.935000
61477.470991	460.219000
61719.583423	455.775000
61752.370871	455.120000
61970.842445	450.952000
61997.921723	450.473000
62253.788877	445.844000
62306.882731	445.054000
62529.319543	440.736000
62565.268034	440.307000
62819.138771	435.603000
62840.657139	435.436000
63120.518362	430.860000
63410.593052	435.603000
64016.715215	440.307000
64039.867967	440.736000
64401.699168	445.054000
64442.395111	445.844000
64753.498214	450.473000
64779.974854	450.952000
65015.604145	455.120000
65049.936890	455.775000
65272.390963	460.219000
65311.399176	460.935000
65545.231674	465.384000
65577.668311	465.863000
65799.938217	470.271000
65860.760181	471.035000
66058.611186	474.886000
66143.963614	475.799000
66393.318038	480.636000
66425.114006	481.018000
66616.795579	485.093000
66678.365757	485.881000
66863.375161	490.016000
66917.849652	490.828000
67133.880931	495.543000
67162.102631	495.899000
67365.158130	500.264000
67407.478897	500.816000
67590.975790	504.993000
67667.205524	505.892000
67876.552042	510.628000
67904.539555	510.905000
68100.221699	515.009000
68181.020765	515.951000
68380.108394	520.310000
68458.492716	521.262000
68641.982450	525.407000
68709.266968	526.200000
68900.874415	530.132000
69015.299595	531.621000
69222.236908	535.482000
69322.217696	536.643000
69536.042104	540.271000
69673.223356	541.860000
69854.933280	545.240000
70076.988188	547.207000
70250.089355	550.396000
70449.790371	552.740000
70576.546838	555.319000
70686.525271	557.222000
70855.349069	560.510000
71009.520618	563.398000
71103.710130	565.259000
71268.316162	567.944000
71398.175418	570.435000
71584.746030	573.708000
71672.219987	575.583000
71811.453485	578.414000
71891.099859	580.041000
72083.732198	584.004000
72155.540112	585.387000
72340.452262	589.133000
72405.369366	590.322000
72590.024852	593.970000
72642.285934	594.976000
72884.904029	599.676000
72913.438842	600.215000
73131.980685	604.365000
73182.290678	605.275000
73415.911621	609.742000
73428.472335	609.946000
73718.925586	614.938000
73727.586952	615.047000
74102.816727	620.125000
74107.107916	620.156000
74460.236730	624.711000
74493.140130	625.251000
74849.660484	629.762000
74905.234949	630.487000
75295.465984	635.066000
75358.076226	635.831000
75613.115981	639.443000
75687.849665	640.576000
75943.281922	644.808000
76013.858555	645.863000
76238.662213	649.733000
76349.162465	651.291000
76552.623629	654.497000
76668.120623	655.922000
76940.165864	659.955000
77090.917410	661.171000
77343.912071	665.158000
77539.198532	666.365000
77830.007864	670.252000
78106.326145	671.262000
78481.498140	675.264000
78951.353723	670.252000
80014.768729	666.365000
80105.071499	665.158000
80750.147818	661.171000
80827.308968	659.955000
81327.293333	655.922000
81423.416434	654.497000
81683.264409	651.291000
81782.139172	649.733000
82056.616691	645.863000
82117.900376	644.808000
82401.009675	640.576000
82469.394540	639.443000
82707.645258	635.831000
82761.661153	635.066000
83136.422330	630.487000
83198.208200	629.762000
83543.996352	625.251000
83586.674471	624.711000
83864.220739	620.156000
83866.624031	620.125000
84569.548493	615.047000
84577.602854	614.938000
84974.277539	609.946000
84986.147022	609.742000
85261.189707	605.275000
85308.782063	604.365000
85538.217747	600.215000
85566.601856	599.676000
85815.421184	594.976000
85867.351781	593.970000
86056.863142	590.322000
86117.048277	589.133000
86321.572643	585.387000
86389.841064	584.004000
86595.607343	580.041000
86674.692081	578.414000
86813.277750	575.583000
86905.493507	573.708000
87058.188047	570.435000
87200.182362	567.944000
87340.155105	565.259000
87454.245170	563.398000
87600.413527	560.510000
87775.938476	557.222000
87873.648843	555.319000
88022.694760	552.740000
88137.901102	550.396000
88409.593312	547.207000
88516.363459	545.240000
88897.932136	541.860000
88983.357305	540.271000
89296.569124	536.643000
89364.995292	535.482000
89697.489541	531.621000
89777.295202	530.132000
90079.457601	526.200000
90118.100710	525.407000
90469.795952	521.262000
90511.938829	520.310000
90870.843513	515.951000
90913.867268	515.009000
91265.883580	510.905000
91279.091172	510.628000
91757.606923	505.892000
91797.345631	504.993000
92151.529837	500.816000
92175.779366	500.264000
92510.435431	495.899000
92526.996201	495.543000
92900.775172	490.828000
92937.979286	490.016000
93215.383252	485.881000
93250.640184	485.093000
93569.039263	481.018000
93587.007941	480.636000
93989.618142	475.799000
94036.684627	474.886000
94396.697991	471.035000
94435.949657	470.271000
94786.870098	465.863000
94811.023293	465.384000
95112.298030	460.935000
95149.929873	460.219000
95392.042304	455.775000
95424.829752	455.120000
95643.301326	450.952000
95670.380604	450.473000
95926.247759	445.844000
95979.341613	445.054000
96201.778424	440.736000
96237.726915	440.307000
96491.597652	435.603000
96513.116020	435.436000
96792.977243	430.860000
97083.051933	435.603000
97689.174097	440.307000
97712.326849	440.736000
98074.158049	445.054000
98114.853992	445.844000
98425.957095	450.473000
98452.433735	450.952000
98688.063026	455.120000
98722.395771	455.775000
98944.849844	460.219000
98983.858058	460.935000
99217.690555	465.384000
99250.127192	465.863000
99472.397099	470.271000
99533.219062	471.035000
99731.070068	474.886000
99816.422496	475.799000
100065.776920	480.636000
100097.572888	481.018000
100289.254461	485.093000
100350.824639	485.881000
100535.834042	490.016000
100590.308533	490.828000
100806.339812	495.543000
100834.561512	495.899000
101037.617011	500.264000
101079.937778	500.816000
101263.434671	504.993000
101339.664405	505.892000
101549.010924	510.628000
101576.998437	510.905000
101772.680580	515.009000
101853.479646	515.951000
102052.567275	520.310000
102130.951597	521.262000
102314.441331	525.407000
102381.725849	526.200000
102573.333296	530.132000
102687.758477	531.621000
102894.695790	535.482000
102994.676578	536.643000
103208.500985	540.271000
103345.682237	541.860000
103527.392161	545.240000
103749.447069	547.207000
103922.548237	550.396000
104122.249253	552.740000
104249.005719	555.319000
104358.984153	557.222000
104527.807950	560.510000
104681.979499	563.398000
104776.169011	565.259000
104940.775044	567.944000
105070.634299	570.435000
105257.204911	573.708000
105344.678868	575.583000
105483.912366	578.414000
105563.558740	580.041000
105756.191079	584.004000
105827.998994	585.387000
106012.911143	589.133000
106077.828247	590.322000
106262.483733	593.970000
106314.744815	594.976000
106557.362911	599.676000
106585.897723	600.215000
106804.439566	604.365000
106854.749559	605.275000
107088.370503	609.742000
107100.931216	609.946000
107391.384467	614.938000
107400.045833	615.047000
107775.275608	620.125000
107779.566797	620.156000
108132.695611	624.711000
108165.599011	625.251000
108522.119366	629.762000
108577.693831	630.487000
108967.924865	635.066000
109030.535108	635.831000
109285.574863	639.443000
109360.308546	640.576000
109615.740804	644.808000
109686.317437	645.863000
109911.121095	649.733000
110021.621347	651.291000
110225.082510	654.497000
110340.579504	655.922000
110612.624745	659.955000
110763.376292	661.171000
111016.370953	665.158000
111211.657413	666.365000
111502.466746	670.252000
111778.785026	671.262000
112153.957022	675.264000
112623.812604	670.252000
113687.227611	666.365000
113777.530380	665.158000
114422.606699	661.171000
114499.767850	659.955000
114999.752214	655.922000
115095.875316	654.497000
115355.723290	651.291000
115454.598054	649.733000
115729.075573	645.863000
115790.359257	644.808000
116073.468557	640.576000
116141.853421	639.443000
116380.104140	635.831000
116434.120035	635.066000
116808.881211	630.487000
116870.667081	629.762000
117216.455234	625.251000
117259.133352	624.711000
117536.679620	620.156000
117539.082912	620.125000
118242.007374	615.047000
118250.061735	614.938000
118646.736420	609.946000
118658.605904	609.742000
118933.648588	605.275000
118981.240945	604.365000
119210.676629	600.215000
119239.060738	599.676000
119487.880066	594.976000
119539.810662	593.970000
119729.322023	590.322000
119789.507158	589.133000
119994.031525	585.387000
120062.299945	584.004000
120268.066224	580.041000
120347.150962	578.414000
120485.736632	575.583000
120577.952389	573.708000
120730.646928	570.435000
120872.641244	567.944000
121012.613986	565.259000
121126.704052	563.398000
121272.872408	560.510000
121448.397357	557.222000
121546.107724	555.319000
121695.153641	552.740000
121810.359984	550.396000
122082.052194	547.207000
122188.822340	545.240000
122570.391017	541.860000
122655.816186	540.271000
122969.028006	536.643000
123037.454174	535.482000
123369.948422	531.621000
123449.754084	530.132000
123751.916482	526.200000
123790.559591	525.407000
124142.254833	521.262000
124184.397711	520.310000
124543.302394	515.951000
124586.326149	515.009000
124938.342462	510.905000
124951.550053	510.628000
125430.065804	505.892000
125469.804512	504.993000
125823.988718	500.816000
125848.238248	500.264000
126182.894313	495.899000
126199.455082	495.543000
126573.234053	490.828000
126610.438168	490.016000
126887.842134	485.881000
126923.099065	485.093000
127241.498145	481.018000
127259.466822	480.636000
127662.077024	475.799000
127709.143509	474.886000
128069.156872	471.035000
128108.408539	470.271000
128459.328979	465.863000
128483.482175	465.384000
128784.756912	460.935000
128822.388754	460.219000
129064.501186	455.775000
129097.288634	455.120000
129315.760207	450.952000
129342.839485	450.473000
129598.706640	445.844000
129651.800494	445.054000
129874.237306	440.736000
129910.185797	440.307000
130164.056534	435.603000
130185.574902	435.436000
130465.436125	430.860000
130755.510815	435.603000
131361.632978	440.307000
131384.785730	440.736000
131746.616931	445.054000
131787.312874	445.844000
132098.415976	450.473000
132124.892617	450.952000
132360.521908	455.120000
132394.854652	455.775000
132617.308726	460.219000
132656.316939	460.935000
132890.149437	465.384000
132922.586074	465.863000
133144.855980	470.271000
133205.677944	471.035000
133403.528949	474.886000
133488.881377	475.799000
133738.235801	480.636000
133770.031769	481.018000
133961.713342	485.093000
134023.283520	485.881000
134208.292923	490.016000
134262.767415	490.828000
134478.798694	495.543000
134507.020394	495.899000
134710.075893	500.264000
134752.396660	500.816000
134935.893552	504.993000
135012.123287	505.892000
135221.469805	510.628000
135249.457318	510.905000
135445.139462	515.009000
135525.938528	515.951000
135725.026157	520.310000
135803.410479	521.262000
135986.900213	525.407000
136054.184731	526.200000
136245.792177	530.132000
136360.217358	531.621000
136567.154671	535.482000
136667.135459	536.643000
136880.959867	540.271000
137018.141119	541.860000
137199.851043	545.240000
137421.905951	547.207000
137595.007118	550.396000
137794.708134	552.740000
137921.464601	555.319000
138031.443034	557.222000
138200.266832	560.510000
138354.438380	563.398000
138448.627893	565.259000
138613.233925	567.944000
138743.093181	570.435000
138929.663793	573.708000
139017.137750	575.583000
139156.371248	578.414000
139236.017622	580.041000
139428.649961	584.004000
139500.457875	585.387000
139685.370025	589.133000
139750.287129	590.322000
139934.942614	593.970000
139987.203697	594.976000
140229.821792	599.676000
140258.356605	600.215000
140476.898448	604.365000
140527.208441	605.275000
140760.829384	609.742000
140773.390098	609.946000
141063.843349	614.938000
141072.504715	615.047000
141447.734490	620.125000
141452.025679	620.156000
141805.154493	624.711000
141838.057892	625.251000
142194.578247	629.762000
142250.152712	630.487000
142640.383747	635.066000
142702.993989	635.831000
142958.033744	639.443000
143032.767427	640.576000
143288.199685	644.808000
143358.776318	645.863000
143583.579976	649.733000
143694.080228	651.291000
143897.541391	654.497000
144013.038386	655.922000
144285.083627	659.955000
144435.835173	661.171000
144688.829834	665.158000
144884.116295	666.365000
145174.925627	670.252000
145451.243908	671.262000
145826.415903	675.264000
146296.271485	670.252000
147359.686492	666.365000
147449.989261	665.158000
148095.065580	661.171000
148172.226731	659.955000
148672.211096	655.922000
148768.334197	654.497000
149028.182171	651.291000
149127.056935	649.733000
149401.534454	645.863000
149462.818139	644.808000
149745.927438	640.576000
149814.312303	639.443000
150052.563021	635.831000
150106.578916	635.066000
150481.340092	630.487000
150543.125963	629.762000
150888.914115	625.251000
150931.592234	624.711000
151209.138502	620.156000
151211.541793	620.125000
151914.466256	615.047000
151922.520617	614.938000
152319.195302	609.946000
152331.064785	609.742000
152606.107469	605.275000
152653.699826	604.365000
152883.135510	600.215000
152911.519619	599.676000
153160.338947	594.976000
153212.269544	593.970000
153401.780905	590.322000
153461.966039	589.133000
153666.490406	585.387000
153734.758826	584.004000
153940.525106	580.041000
154019.609843	578.414000
154158.195513	575.583000
154250.411270	573.708000
154403.105810	570.435000
154545.100125	567.944000
154685.072868	565.259000
154799.162933	563.398000
154945.331290	560.510000
155120.856239	557.222000
155218.566606	555.319000
155367.612523	552.740000
155482.818865	550.396000
155754.511075	547.207000
155861.281221	545.240000
156242.849899	541.860000
156328.275067	540.271000
156641.486887	536.643000
156709.913055	535.482000
157042.407304	531.621000
157122.212965	530.132000
157424.375364	526.200000
157463.018473	525.407000
157814.713715	521.262000
157856.856592	520.310000
158215.761276	515.951000
158258.785030	515.009000
158610.801343	510.905000
158624.008934	510.628000
159102.524686	505.892000
159142.263394	504.993000
159496.447599	500.816000
159520.697129	500.264000
159855.353194	495.899000
159871.913963	495.543000
160245.692935	490.828000
160282.897049	490.016000
160560.301015	485.881000
160595.557946	485.093000
160913.957026	481.018000
160931.925704	480.636000
161334.535905	475.799000
161381.602390	474.886000
161741.615753	471.035000
161780.867420	470.271000
162131.787861	465.863000
162155.941056	465.384000
162457.215793	460.935000
162494.847636	460.219000
162736.960067	455.775000
162769.747515	455.120000
162988.219089	450.952000
163015.298367	450.473000
163271.165521	445.844000
163324.259376	445.054000
163546.696187	440.736000
163582.644678	440.307000
163836.515415	435.603000
163858.033783	435.436000
164137.895006	430.860000
164427.969696	435.603000
165034.091860	440.307000
165057.244612	440.736000
165419.075812	445.054000
165459.771755	445.844000
165770.874858	450.473000
165797.351498	450.952000
166032.980789	455.120000
166067.313534	455.775000
166289.767607	460.219000
166328.775821	460.935000
166562.608318	465.384000
166595.044955	465.863000
166817.314861	470.271000
166878.136825	471.035000
167075.987830	474.886000
167161.340259	475.799000
167410.694683	480.636000
167442.490651	481.018000
167634.172224	485.093000
167695.742402	485.881000
167880.751805	490.016000
167935.226296	490.828000
168151.257575	495.543000
168179.479275	495.899000
168382.534774	500.264000
168424.855541	500.816000
168608.352434	504.993000
168684.582168	505.892000
168893.928686	510.628000
168921.916200	510.905000
169117.598343	515.009000
169198.397409	515.951000
169397.485038	520.310000
169475.869360	521.262000
169659.359094	525.407000
169726.643612	526.200000
169918.251059	530.132000
170032.676240	531.621000
170239.613553	535.482000
170339.594341	536.643000
170553.418748	540.271000
170690.600000	541.860000
170872.309924	545.240000
171094.364832	547.207000
171267.465999	550.396000
171467.167016	552.740000
171593.923482	555.319000
171703.901915	557.222000
171872.725713	560.510000
172026.897262	563.398000
172121.086774	565.259000
172285.692806	567.944000
172415.552062	570.435000
172602.122674	573.708000
172689.596631	575.583000
172828.830129	578.414000
172908.476503	580.041000
173101.108842	584.004000
173172.916757	585.387000
173357.828906	589.133000
173422.746010	590.322000
173607.401496	593.970000
173659.662578	594.976000
173902.280674	599.676000
173930.815486	600.215000
174149.357329	604.365000
174199.667322	605.275000
174433.288266	609.742000
174445.848979	609.946000
174736.302230	614.938000
174744.963596	615.047000
175120.193371	620.125000
175124.484560	620.156000
175477.613374	624.711000
175510.516774	625.251000
175867.037129	629.762000
175922.611593	630.487000
176312.842628	635.066000
176375.452870	635.831000
176630.492626	639.443000
176705.226309	640.576000
176960.658566	644.808000
177031.235199	645.863000
177256.038858	649.733000
177366.539109	651.291000
177570.000273	654.497000
177685.497267	655.922000
177957.542508	659.955000
178108.294055	661.171000
178361.288716	665.158000
178556.575176	666.365000
178847.384509	670.252000
179123.702789	671.262000
179498.874785	675.264000
179968.730367	670.252000
181032.145373	666.365000
181122.448143	665.158000
181767.524462	661.171000
181844.685613	659.955000
182344.669977	655.922000
182440.793079	654.497000
182700.641053	651.291000
182799.515817	649.733000
183073.993336	645.863000
183135.277020	644.808000
183418.386319	640.576000
183486.771184	639.443000
183725.021903	635.831000
183779.037798	635.066000
184153.798974	630.487000
184215.584844	629.762000
184561.372997	625.251000
184604.051115	624.711000
184881.597383	620.156000
184884.000675	620.125000
185586.925137	615.047000
185594.979498	614.938000
185991.654183	609.946000
186003.523667	609.742000
186278.566351	605.275000
186326.158708	604.365000
186555.594391	600.215000
186583.978501	599.676000
186832.797829	594.976000
186884.728425	593.970000
187074.239786	590.322000
187134.424921	589.133000
187338.949287	585.387000
187407.217708	584.004000
187612.983987	580.041000
187692.068725	578.414000
187830.654394	575.583000
187922.870152	573.708000
188075.564691	570.435000
188217.559007	567.944000
188357.531749	565.259000
188471.621815	563.398000
188617.790171	560.510000
188793.315120	557.222000
188891.025487	555.319000
189040.071404	552.740000
189155.277747	550.396000
189426.969957	547.207000
189533.740103	545.240000
189915.308780	541.860000
190000.733949	540.271000
190313.945769	536.643000
190382.371936	535.482000
190714.866185	531.621000
190794.671847	530.132000
191096.834245	526.200000
191135.477354	525.407000
191487.172596	521.262000
191529.315473	520.310000
191888.220157	515.951000
191931.243912	515.009000
192283.260225	510.905000
192296.467816	510.628000
192774.983567	505.892000
192814.722275	504.993000
193168.906481	500.816000
193193.156010	500.264000
193527.812076	495.899000
193544.372845	495.543000
193918.151816	490.828000
193955.355930	490.016000
194232.759897	485.881000
194268.016828	485.093000
194586.415908	481.018000
194604.384585	480.636000
195006.994786	475.799000
195054.061272	474.886000
195414.074635	471.035000
195453.326301	470.271000
195804.246742	465.863000
195828.399938	465.384000
196129.674674	460.935000
196167.306517	460.219000
196409.418949	455.775000
196442.206396	455.120000
196660.677970	450.952000
196687.757248	450.473000
196943.624403	445.844000
196996.718257	445.054000
197219.155068	440.736000
197255.103560	440.307000
197508.974297	435.603000
197530.492664	435.436000
197810.353887	430.860000
198100.428577	435.603000
198706.550741	440.307000
198729.703493	440.736000
199091.534694	445.054000
199132.230636	445.844000
199443.333739	450.473000
199469.810379	450.952000
199705.439670	455.120000
199739.772415	455.775000
