0.000000	500.000000
169.817114	500.816000
386.652351	504.993000
632.142855	500.264000
1540.539549	495.899000
1560.597120	495.543000
2916.716130	490.828000
2961.464590	490.016000
3438.467784	485.881000
3480.441671	485.093000
4475.719706	481.018000
4497.597398	480.636000
4752.856229	485.093000
4945.317356	485.881000
5165.573730	490.016000
5259.244007	490.828000
5519.082664	495.543000
5621.474683	495.899000
5867.405288	500.264000
5982.281571	500.816000
6199.116808	504.993000
6444.607312	500.264000
7353.004006	495.899000
7373.061577	495.543000
8729.180587	490.828000
8773.929047	490.016000
9250.932241	485.881000
9292.906128	485.093000
10288.184163	481.018000
10310.061855	480.636000
10565.320686	485.093000
10757.781813	485.881000
10978.038187	490.016000
11071.708464	490.828000
11331.547121	495.543000
11433.939140	495.899000
11679.869745	500.264000
11794.746028	500.816000
12011.581265	504.993000
12257.071769	500.264000
13165.468463	495.899000
13185.526034	495.543000
14541.645043	490.828000
14586.393504	490.016000
15063.396698	485.881000
15105.370585	485.093000
16100.648620	481.018000
16122.526312	480.636000
16377.785143	485.093000
16570.246270	485.881000
16790.502644	490.016000
16884.172921	490.828000
17144.011578	495.543000
17246.403597	495.899000
17492.334202	500.264000
17607.210485	500.816000
17824.045722	504.993000
18069.536226	500.264000
18977.932920	495.899000
18997.990491	495.543000
20354.109500	490.828000
20398.857961	490.016000
20875.861154	485.881000
20917.835042	485.093000
21913.113076	481.018000
21934.990769	480.636000
22190.249600	485.093000
22382.710727	485.881000
22602.967101	490.016000
22696.637378	490.828000
22956.476035	495.543000
23058.868054	495.899000
23304.798659	500.264000
23419.674942	500.816000
23636.510179	504.993000
23882.000682	500.264000
24790.397377	495.899000
24810.454948	495.543000
26166.573957	490.828000
26211.322417	490.016000
26688.325611	485.881000
26730.299498	485.093000
27725.577533	481.018000
27747.455225	480.636000
28002.714057	485.093000
28195.175184	485.881000
28415.431558	490.016000
28509.101835	490.828000
28768.940492	495.543000
28871.332511	495.899000
29117.263116	500.264000
29232.139399	500.816000
29448.974635	504.993000
29694.465139	500.264000
30602.861834	495.899000
30622.919404	495.543000
31979.038414	490.828000
32023.786874	490.016000
32500.790068	485.881000
32542.763955	485.093000
33538.041990	481.018000
33559.919682	480.636000
33815.178514	485.093000
34007.639641	485.881000
34227.896015	490.016000
34321.566291	490.828000
34581.404949	495.543000
34683.796967	495.899000
34929.727573	500.264000
35044.603856	500.816000
35261.439092	504.993000
35506.929596	500.264000
36415.326291	495.899000
36435.383861	495.543000
37791.502871	490.828000
37836.251331	490.016000
38313.254525	485.881000
38355.228412	485.093000
39350.506447	481.018000
39372.384139	480.636000
39627.642971	485.093000
39820.104098	485.881000
40040.360472	490.016000
40134.030748	490.828000
40393.869406	495.543000
40496.261424	495.899000
40742.192029	500.264000
40857.068312	500.816000
41073.903549	504.993000
41319.394053	500.264000
42227.790748	495.899000
42247.848318	495.543000
43603.967328	490.828000
43648.715788	490.016000
44125.718982	485.881000
44167.692869	485.093000
45162.970904	481.018000
45184.848596	480.636000
45440.107428	485.093000
45632.568554	485.881000
45852.824929	490.016000
45946.495205	490.828000
46206.333863	495.543000
46308.725881	495.899000
46554.656486	500.264000
46669.532769	500.816000
46886.368006	504.993000
47131.858510	500.264000
48040.255205	495.899000
48060.312775	495.543000
49416.431785	490.828000
49461.180245	490.016000
49938.183439	485.881000
49980.157326	485.093000
50975.435361	481.018000
50997.313053	480.636000
51252.571885	485.093000
51445.033011	485.881000
51665.289386	490.016000
51758.959662	490.828000
52018.798320	495.543000
52121.190338	495.899000
52367.120943	500.264000
52481.997226	500.816000
52698.832463	504.993000
52944.322967	500.264000
53852.719662	495.899000
53872.777232	495.543000
55228.896242	490.828000
55273.644702	490.016000
55750.647896	485.881000
55792.621783	485.093000
56787.899818	481.018000
56809.777510	480.636000
57065.036342	485.093000
57257.497468	485.881000
57477.753843	490.016000
57571.424119	490.828000
57831.262777	495.543000
57933.654795	495.899000
58179.585400	500.264000
58294.461683	500.816000
58511.296920	504.993000
58756.787424	500.264000
59665.184118	495.899000
59685.241689	495.543000
61041.360699	490.828000
61086.109159	490.016000
61563.112353	485.881000
61605.086240	485.093000
62600.364275	481.018000
62622.241967	480.636000
62877.500798	485.093000
63069.961925	485.881000
63290.218299	490.016000
63383.888576	490.828000
63643.727234	495.543000
63746.119252	495.899000
63992.049857	500.264000
64106.926140	500.816000
64323.761377	504.993000
64569.251881	500.264000
65477.648575	495.899000
65497.706146	495.543000
66853.825156	490.828000
66898.573616	490.016000
67375.576810	485.881000
67417.550697	485.093000
68412.828732	481.018000
68434.706424	480.636000
68689.965255	485.093000
68882.426382	485.881000
69102.682756	490.016000
69196.353033	490.828000
69456.191690	495.543000
69558.583709	495.899000
69804.514314	500.264000
69919.390597	500.816000
70136.225834	504.993000
70381.716338	500.264000
71290.113032	495.899000
71310.170603	495.543000
72666.289613	490.828000
72711.038073	490.016000
73188.041267	485.881000
73230.015154	485.093000
74225.293189	481.018000
74247.170881	480.636000
74502.429712	485.093000
74694.890839	485.881000
74915.147213	490.016000
75008.817490	490.828000
75268.656147	495.543000
75371.048166	495.899000
75616.978771	500.264000
75731.855054	500.816000
75948.690291	504.993000
76194.180795	500.264000
77102.577489	495.899000
77122.635060	495.543000
78478.754070	490.828000
78523.502530	490.016000
79000.505724	485.881000
79042.479611	485.093000
80037.757646	481.018000
80059.635338	480.636000
80314.894169	485.093000
80507.355296	485.881000
80727.611670	490.016000
80821.281947	490.828000
81081.120604	495.543000
81183.512623	495.899000
81429.443228	500.264000
81544.319511	500.816000
81761.154748	504.993000
82006.645252	500.264000
82915.041946	495.899000
82935.099517	495.543000
84291.218526	490.828000
84335.966987	490.016000
84812.970181	485.881000
84854.944068	485.093000
85850.222103	481.018000
85872.099795	480.636000
86127.358626	485.093000
86319.819753	485.881000
86540.076127	490.016000
86633.746404	490.828000
86893.585061	495.543000
86995.977080	495.899000
87241.907685	500.264000
87356.783968	500.816000
87573.619205	504.993000
87819.109709	500.264000
88727.506403	495.899000
88747.563974	495.543000
90103.682983	490.828000
90148.431444	490.016000
90625.434637	485.881000
90667.408525	485.093000
91662.686560	481.018000
91684.564252	480.636000
91939.823083	485.093000
92132.284210	485.881000
92352.540584	490.016000
92446.210861	490.828000
92706.049518	495.543000
92808.441537	495.899000
93054.372142	500.264000
93169.248425	500.816000
93386.083662	504.993000
93631.574165	500.264000
94539.970860	495.899000
94560.028431	495.543000
95916.147440	490.828000
95960.895901	490.016000
96437.899094	485.881000
96479.872981	485.093000
97475.151016	481.018000
97497.028709	480.636000
97752.287540	485.093000
97944.748667	485.881000
98165.005041	490.016000
98258.675318	490.828000
98518.513975	495.543000
98620.905994	495.899000
98866.836599	500.264000
98981.712882	500.816000
99198.548118	504.993000
99444.038622	500.264000
100352.435317	495.899000
100372.492887	495.543000
101728.611897	490.828000
101773.360357	490.016000
102250.363551	485.881000
102292.337438	485.093000
103287.615473	481.018000
103309.493165	480.636000
103564.751997	485.093000
103757.213124	485.881000
103977.469498	490.016000
104071.139774	490.828000
104330.978432	495.543000
104433.370451	495.899000
104679.301056	500.264000
104794.177339	500.816000
105011.012575	504.993000
105256.503079	500.264000
106164.899774	495.899000
106184.957344	495.543000
107541.076354	490.828000
107585.824814	490.016000
108062.828008	485.881000
108104.801895	485.093000
109100.079930	481.018000
109121.957622	480.636000
109377.216454	485.093000
109569.677581	485.881000
109789.933955	490.016000
109883.604231	490.828000
110143.442889	495.543000
110245.834907	495.899000
110491.765512	500.264000
110606.641795	500.816000
110823.477032	504.993000
111068.967536	500.264000
111977.364231	495.899000
111997.421801	495.543000
113353.540811	490.828000
113398.289271	490.016000
113875.292465	485.881000
113917.266352	485.093000
114912.544387	481.018000
114934.422079	480.636000
115189.680911	485.093000
115382.142037	485.881000
115602.398412	490.016000
115696.068688	490.828000
115955.907346	495.543000
116058.299364	495.899000
116304.229969	500.264000
116419.106252	500.816000
116635.941489	504.993000
116881.431993	500.264000
117789.828688	495.899000
117809.886258	495.543000
119166.005268	490.828000
119210.753728	490.016000
119687.756922	485.881000
119729.730809	485.093000
120725.008844	481.018000
120746.886536	480.636000
121002.145368	485.093000
121194.606494	485.881000
121414.862869	490.016000
121508.533145	490.828000
121768.371803	495.543000
121870.763821	495.899000
122116.694426	500.264000
122231.570709	500.816000
122448.405946	504.993000
122693.896450	500.264000
123602.293145	495.899000
123622.350715	495.543000
124978.469725	490.828000
125023.218185	490.016000
125500.221379	485.881000
125542.195266	485.093000
126537.473301	481.018000
126559.350993	480.636000
126814.609825	485.093000
127007.070951	485.881000
127227.327326	490.016000
127320.997602	490.828000
127580.836260	495.543000
127683.228278	495.899000
127929.158883	500.264000
128044.035166	500.816000
128260.870403	504.993000
128506.360907	500.264000
129414.757602	495.899000
129434.815172	495.543000
130790.934182	490.828000
130835.682642	490.016000
131312.685836	485.881000
131354.659723	485.093000
132349.937758	481.018000
132371.815450	480.636000
132627.074281	485.093000
132819.535408	485.881000
133039.791783	490.016000
133133.462059	490.828000
133393.300717	495.543000
133495.692735	495.899000
133741.623340	500.264000
133856.499623	500.816000
134073.334860	504.993000
134318.825364	500.264000
135227.222058	495.899000
135247.279629	495.543000
136603.398639	490.828000
136648.147099	490.016000
137125.150293	485.881000
137167.124180	485.093000
138162.402215	481.018000
138184.279907	480.636000
138439.538738	485.093000
138631.999865	485.881000
138852.256239	490.016000
138945.926516	490.828000
139205.765173	495.543000
139308.157192	495.899000
139554.087797	500.264000
139668.964080	500.816000
139885.799317	504.993000
140131.289821	500.264000
141039.686515	495.899000
141059.744086	495.543000
142415.863096	490.828000
142460.611556	490.016000
142937.614750	485.881000
142979.588637	485.093000
143974.866672	481.018000
143996.744364	480.636000
144252.003195	485.093000
144444.464322	485.881000
144664.720696	490.016000
144758.390973	490.828000
145018.229630	495.543000
145120.621649	495.899000
145366.552254	500.264000
145481.428537	500.816000
145698.263774	504.993000
145943.754278	500.264000
146852.150972	495.899000
146872.208543	495.543000
148228.327553	490.828000
148273.076013	490.016000
148750.079207	485.881000
148792.053094	485.093000
149787.331129	481.018000
149809.208821	480.636000
150064.467652	485.093000
150256.928779	485.881000
150477.185153	490.016000
150570.855430	490.828000
150830.694087	495.543000
150933.086106	495.899000
151179.016711	500.264000
151293.892994	500.816000
151510.728231	504.993000
151756.218735	500.264000
152664.615429	495.899000
152684.673000	495.543000
154040.792009	490.828000
154085.540470	490.016000
154562.543664	485.881000
154604.517551	485.093000
155599.795586	481.018000
155621.673278	480.636000
155876.932109	485.093000
156069.393236	485.881000
156289.649610	490.016000
156383.319887	490.828000
156643.158544	495.543000
156745.550563	495.899000
156991.481168	500.264000
157106.357451	500.816000
157323.192688	504.993000
157568.683192	500.264000
158477.079886	495.899000
158497.137457	495.543000
159853.256466	490.828000
159898.004927	490.016000
160375.008120	485.881000
160416.982008	485.093000
161412.260043	481.018000
161434.137735	480.636000
161689.396566	485.093000
161881.857693	485.881000
162102.114067	490.016000
162195.784344	490.828000
162455.623001	495.543000
162558.015020	495.899000
162803.945625	500.264000
162918.821908	500.816000
163135.657145	504.993000
163381.147648	500.264000
164289.544343	495.899000
164309.601914	495.543000
165665.720923	490.828000
165710.469384	490.016000
166187.472577	485.881000
166229.446464	485.093000
167224.724499	481.018000
167246.602192	480.636000
167501.861023	485.093000
167694.322150	485.881000
167914.578524	490.016000
168008.248801	490.828000
168268.087458	495.543000
168370.479477	495.899000
168616.410082	500.264000
168731.286365	500.816000
168948.121601	504.993000
169193.612105	500.264000
170102.008800	495.899000
170122.066370	495.543000
171478.185380	490.828000
171522.933840	490.016000
171999.937034	485.881000
172041.910921	485.093000
173037.188956	481.018000
173059.066648	480.636000
173314.325480	485.093000
173506.786607	485.881000
173727.042981	490.016000
173820.713257	490.828000
174080.551915	495.543000
174182.943934	495.899000
174428.874539	500.264000
174543.750822	500.816000
174760.586058	504.993000
175006.076562	500.264000
175914.473257	495.899000
175934.530827	495.543000
177290.649837	490.828000
177335.398297	490.016000
177812.401491	485.881000
177854.375378	485.093000
178849.653413	481.018000
178871.531105	480.636000
179126.789937	485.093000
179319.251064	485.881000
179539.507438	490.016000
179633.177714	490.828000
179893.016372	495.543000
179995.408390	495.899000
180241.338995	500.264000
180356.215278	500.816000
180573.050515	504.993000
180818.541019	500.264000
181726.937714	495.899000
181746.995284	495.543000
183103.114294	490.828000
183147.862754	490.016000
183624.865948	485.881000
183666.839835	485.093000
184662.117870	481.018000
184683.995562	480.636000
184939.254394	485.093000
185131.715520	485.881000
185351.971895	490.016000
185445.642171	490.828000
185705.480829	495.543000
185807.872847	495.899000
186053.803452	500.264000
186168.679735	500.816000
186385.514972	504.993000
186631.005476	500.264000
187539.402171	495.899000
187559.459741	495.543000
188915.578751	490.828000
188960.327211	490.016000
189437.330405	485.881000
189479.304292	485.093000
190474.582327	481.018000
190496.460019	480.636000
190751.718851	485.093000
190944.179977	485.881000
191164.436352	490.016000
191258.106628	490.828000
191517.945286	495.543000
191620.337304	495.899000
191866.267909	500.264000
191981.144192	500.816000
192197.979429	504.993000
192443.469933	500.264000
193351.866628	495.899000
193371.924198	495.543000
194728.043208	490.828000
194772.791668	490.016000
195249.794862	485.881000
195291.768749	485.093000
196287.046784	481.018000
196308.924476	480.636000
196564.183308	485.093000
196756.644434	485.881000
196976.900809	490.016000
197070.571085	490.828000
197330.409743	495.543000
197432.801761	495.899000
197678.732366	500.264000
197793.608649	500.816000
198010.443886	504.993000
198255.934390	500.264000
199164.331085	495.899000
