0.000000	500.000000
181.006518	495.899000
193.550748	495.543000
403.925130	490.828000
432.287338	490.016000
606.185661	485.881000
633.328359	485.093000
814.306486	481.018000
827.852515	480.636000
1046.919388	475.799000
1080.955432	474.886000
1260.979426	471.035000
1289.410165	470.271000
1486.349384	465.863000
1503.998702	465.384000
1691.787853	460.935000
1718.748839	460.219000
1889.147844	455.775000
1913.187776	455.120000
2069.915640	450.952000
2088.615452	450.473000
2267.375876	445.844000
2300.622938	445.054000
2461.533692	440.736000
2481.001501	440.307000
2660.524549	435.603000
2668.839391	435.436000
2854.027500	430.860000
2889.452463	430.208000
3085.528691	425.527000
3102.403072	425.214000
3297.786054	420.606000
3304.994258	420.465000
3537.380607	415.453000
3552.727235	415.167000
3788.335602	410.461000
3791.547302	410.396000
4065.592035	405.327000
4076.295960	405.127000
4301.911659	400.448000
4302.469876	400.437000
4593.634813	395.342000
4615.073965	394.906000
4844.870466	390.217000
4851.584765	390.076000
5059.962345	385.599000
5088.539628	384.951000
5307.247459	380.081000
5311.843204	379.967000
5505.093346	375.273000
5523.438622	374.776000
5699.879467	370.228000
5723.481416	369.562000
5890.213374	365.127000
5909.190290	364.580000
6082.455538	360.144000
6103.720455	359.503000
6323.257340	355.093000
6349.487105	354.326000
6590.487865	349.919000
6616.768245	349.213000
6916.941517	344.932000
6951.051589	344.079000
7349.027174	339.886000
7395.341832	338.969000
7731.764662	334.400000
7769.004099	333.681000
8013.224732	329.779000
8071.329102	328.662000
8324.485555	324.327000
8377.740516	323.373000
8632.269601	319.214000
8695.061893	318.264000
8941.503576	314.026000
9168.699337	312.979000
9655.104279	309.113000
10273.238652	314.026000
11192.871539	318.264000
11248.114484	319.214000
11523.012528	323.373000
11581.396934	324.327000
11823.388820	328.662000
11888.619675	329.779000
12091.594831	333.681000
12136.596019	334.400000
12373.239953	338.969000
12440.760140	339.886000
12652.534798	344.079000
12733.496680	344.932000
12904.686857	349.213000
12954.189854	349.919000
13118.237499	354.326000
13160.181584	355.093000
13310.994188	359.503000
13342.904198	360.144000
13490.066707	364.580000
13511.431921	365.127000
13665.294115	369.562000
13690.332105	370.228000
13851.505775	374.776000
13870.787019	375.273000
14044.052058	379.967000
14048.745394	380.081000
14245.072404	384.951000
14274.173569	385.599000
14471.612609	390.076000
14478.175316	390.217000
14701.461453	394.906000
14722.828754	395.342000
14973.361966	400.437000
14973.990585	400.448000
15211.435858	405.127000
15221.079615	405.327000
15492.370597	410.396000
15495.884684	410.461000
15728.411756	415.167000
15742.730497	415.453000
16011.672105	420.465000
16018.209710	420.606000
16253.779930	425.214000
16267.051387	425.527000
16519.412338	430.208000
16546.723105	430.860000
16795.349845	435.436000
16802.108240	435.603000
17036.317932	440.307000
17052.690251	440.736000
17248.638964	445.054000
17278.078403	445.844000
17472.889350	450.473000
17491.387135	450.952000
17654.102830	455.120000
17678.732568	455.775000
17841.837084	460.219000
17869.291110	460.935000
18036.818238	465.384000
18057.036490	465.863000
18219.454428	470.271000
18253.588176	471.035000
18396.895475	474.886000
18439.575794	475.799000
18619.895998	480.636000
18637.196710	481.018000
18781.699505	485.093000
18816.696011	485.881000
18959.126286	490.016000
18993.275122	490.828000
19157.964542	495.543000
19173.848588	495.899000
19327.656348	500.264000
19352.020064	500.816000
19494.331698	504.993000
19535.268624	505.892000
19697.226494	510.628000
19710.415049	510.905000
19857.066216	515.009000
19900.102472	515.951000
20052.076355	520.310000
20095.052754	521.262000
20236.923801	525.407000
20273.040552	526.200000
20415.258102	530.132000
20481.029078	531.621000
20627.868838	535.482000
20680.970125	536.643000
20825.384411	540.271000
20898.112600	541.860000
21026.856276	545.240000
21122.649999	547.207000
21244.704684	550.396000
21351.586752	552.740000
21445.306946	555.319000
21520.374429	557.222000
21642.691929	560.510000
21752.306166	563.398000
21821.013174	565.259000
21929.787992	567.944000
22023.192943	570.435000
22151.471945	573.708000
22217.649407	575.583000
22320.564143	578.414000
22379.559244	580.041000
22522.699013	584.004000
22574.449137	585.387000
22710.899623	589.133000
22756.538745	590.322000
22891.229178	593.970000
22928.882804	594.976000
23104.219027	599.676000
23124.590388	600.215000
23281.014540	604.365000
23316.159846	605.275000
23483.937385	609.742000
23492.217467	609.946000
23689.754997	614.938000
23694.622010	615.047000
23915.960763	620.125000
23917.519862	620.156000
24119.301838	624.711000
24141.119806	625.251000
24342.197684	629.762000
24374.195244	630.487000
24583.006878	635.066000
24617.478909	635.831000
24772.372872	639.443000
24819.702208	640.576000
24989.975204	644.808000
25034.294056	645.863000
25187.317351	649.733000
25254.238968	651.291000
25386.058559	654.497000
25450.080585	655.922000
25620.053194	659.955000
25680.237523	661.171000
25844.160741	665.158000
25905.968627	666.365000
26076.121779	670.252000
26129.613818	671.262000
26316.826621	675.264000
26373.715348	676.219000
26587.232983	680.725000
26636.375331	681.456000
26834.756653	685.713000
26899.774463	686.579000
27116.589742	690.946000
27150.143251	691.321000
27416.365896	695.965000
27490.741915	696.486000
27814.042870	701.538000
27829.114800	701.679000
28077.395443	706.200000
28113.136763	706.510000
28433.206617	711.622000
28445.157625	711.800000
28990.210535	716.654000
28994.046450	716.712000
29829.150484	721.468000
29863.058836	722.031000
30688.400803	726.860000
30694.107308	726.956000
32667.994045	731.529000
32737.992777	732.597000
33180.364350	736.508000
33237.483534	737.234000
33790.902720	741.883000
33858.223484	742.696000
34698.355032	746.330000
34870.185836	747.857000
35450.944697	742.696000
35638.899278	741.883000
36023.861430	737.234000
36110.284818	736.508000
36417.988850	732.597000
36538.789883	731.529000
36838.512919	726.956000
36879.950296	726.860000
37166.999397	722.031000
37263.223776	721.468000
37549.668041	716.712000
37559.852237	716.654000
37880.878664	711.800000
37900.866183	711.622000
38244.088399	706.510000
38263.497956	706.200000
38784.744753	701.679000
38792.488078	701.538000
39332.512124	696.486000
39365.853335	695.965000
40028.813474	691.321000
40050.310781	690.946000
40441.052578	686.579000
40484.048235	685.713000
40803.656568	681.456000
40837.722048	680.725000
41140.643275	676.219000
41185.896125	675.264000
41424.292654	671.262000
41471.540263	670.252000
41677.405169	666.365000
41730.241509	665.158000
41934.407246	661.171000
41984.402388	659.955000
42184.010444	655.922000
42244.067714	654.497000
42388.106041	651.291000
42452.165593	649.733000
42618.395795	645.863000
42660.111448	644.808000
42837.890958	640.576000
42883.476805	639.443000
43034.362562	635.831000
43067.168177	635.066000
43273.504681	630.487000
43306.566144	629.762000
43505.657170	625.251000
43529.727676	624.711000
43713.766274	620.156000
43715.139544	620.125000
43970.530101	615.047000
43975.281169	614.938000
44198.181426	609.946000
44206.253873	609.742000
44387.563323	605.275000
44421.742315	604.365000
44582.020361	600.215000
44602.336654	599.676000
44779.971897	594.976000
44817.501309	593.970000
44954.042491	590.322000
44997.942416	589.133000
45141.730600	585.387000
45192.107275	584.004000
45340.397759	580.041000
45399.163443	578.414000
45501.815644	575.583000
45569.977117	573.708000
45685.496496	570.435000
45783.126496	567.944000
45883.805860	565.259000
45959.198760	563.398000
46065.821994	560.510000
46190.618259	557.222000
46261.412116	555.319000
46363.145714	552.740000
46448.326069	550.396000
46593.738575	547.207000
46669.022854	545.240000
46833.630269	541.860000
46894.155033	540.271000
47060.207815	536.643000
47106.421979	535.482000
47283.014633	531.621000
47339.643590	530.132000
47513.324904	526.200000
47542.007132	525.407000
47730.788886	521.262000
47763.373021	520.310000
47960.152562	515.951000
47992.994819	515.009000
48180.490353	510.905000
48190.388593	510.628000
48415.879551	505.892000
48446.622821	504.993000
48636.826982	500.816000
48655.633786	500.264000
48848.292516	495.899000
48860.836746	495.543000
49071.211128	490.828000
49099.573336	490.016000
49273.471660	485.881000
49300.614358	485.093000
49481.592485	481.018000
49495.138513	480.636000
49714.205386	475.799000
49748.241431	474.886000
49928.265424	471.035000
49956.696163	470.271000
50153.635382	465.863000
50171.284700	465.384000
50359.073852	460.935000
50386.034837	460.219000
50556.433843	455.775000
50580.473775	455.120000
50737.201638	450.952000
50755.901450	450.473000
50934.661874	445.844000
50967.908936	445.054000
51128.819690	440.736000
51148.287499	440.307000
51327.810547	435.603000
51336.125390	435.436000
51521.313498	430.860000
51556.738462	430.208000
51752.814689	425.527000
51769.689070	425.214000
51965.072053	420.606000
51972.280256	420.465000
52204.666605	415.453000
52220.013234	415.167000
52455.621600	410.461000
52458.833300	410.396000
52732.878033	405.327000
52743.581959	405.127000
52969.197657	400.448000
52969.755874	400.437000
53260.920811	395.342000
53282.359963	394.906000
53512.156465	390.217000
53518.870763	390.076000
53727.248343	385.599000
53755.825626	384.951000
53974.533457	380.081000
53979.129203	379.967000
54172.379345	375.273000
54190.724620	374.776000
54367.165465	370.228000
54390.767414	369.562000
54557.499373	365.127000
54576.476288	364.580000
54749.741537	360.144000
54771.006453	359.503000
54990.543338	355.093000
55016.773104	354.326000
55257.773863	349.919000
55284.054243	349.213000
55584.227515	344.932000
55618.337587	344.079000
56016.313172	339.886000
56062.627830	338.969000
56399.050660	334.400000
56436.290098	333.681000
56680.510731	329.779000
56738.615100	328.662000
56991.771553	324.327000
57045.026515	323.373000
57299.555599	319.214000
57362.347891	318.264000
57608.789575	314.026000
57835.985335	312.979000
58322.390278	309.113000
58940.524650	314.026000
59860.157537	318.264000
59915.400482	319.214000
60190.298526	323.373000
60248.682933	324.327000
60490.674818	328.662000
60555.905674	329.779000
60758.880829	333.681000
60803.882017	334.400000
61040.525952	338.969000
61108.046139	339.886000
61319.820796	344.079000
61400.782679	344.932000
61571.972855	349.213000
61621.475852	349.919000
61785.523497	354.326000
61827.467582	355.093000
61978.280186	359.503000
62010.190196	360.144000
62157.352705	364.580000
62178.717920	365.127000
62332.580114	369.562000
62357.618103	370.228000
62518.791773	374.776000
62538.073017	375.273000
62711.338057	379.967000
62716.031392	380.081000
62912.358402	384.951000
62941.459567	385.599000
63138.898608	390.076000
63145.461315	390.217000
63368.747452	394.906000
63390.114753	395.342000
63640.647965	400.437000
63641.276584	400.448000
63878.721856	405.127000
63888.365613	405.327000
64159.656595	410.396000
64163.170682	410.461000
64395.697755	415.167000
64410.016495	415.453000
64678.958103	420.465000
64685.495708	420.606000
64921.065928	425.214000
64934.337385	425.527000
65186.698336	430.208000
65214.009103	430.860000
65462.635843	435.436000
65469.394238	435.603000
65703.603931	440.307000
65719.976249	440.736000
65915.924963	445.054000
65945.364401	445.844000
66140.175349	450.473000
66158.673133	450.952000
66321.388828	455.120000
66346.018567	455.775000
66509.123083	460.219000
66536.577108	460.935000
66704.104236	465.384000
66724.322488	465.863000
66886.740426	470.271000
66920.874175	471.035000
67064.181474	474.886000
67106.861792	475.799000
67287.181997	480.636000
67304.482709	481.018000
67448.985503	485.093000
67483.982010	485.881000
67626.412284	490.016000
67660.561121	490.828000
67825.250540	495.543000
67841.134587	495.899000
67994.942347	500.264000
68019.306063	500.816000
68161.617696	504.993000
68202.554623	505.892000
68364.512493	510.628000
68377.701047	510.905000
68524.352214	515.009000
68567.388470	515.951000
68719.362353	520.310000
68762.338752	521.262000
68904.209800	525.407000
68940.326550	526.200000
69082.544101	530.132000
69148.315077	531.621000
69295.154836	535.482000
69348.256124	536.643000
69492.670409	540.271000
69565.398599	541.860000
69694.142274	545.240000
69789.935998	547.207000
69911.990683	550.396000
70018.872750	552.740000
70112.592945	555.319000
70187.660428	557.222000
70309.977927	560.510000
70419.592164	563.398000
70488.299172	565.259000
70597.073990	567.944000
70690.478942	570.435000
70818.757943	573.708000
70884.935406	575.583000
70987.850141	578.414000
71046.845243	580.041000
71189.985011	584.004000
71241.735135	585.387000
71378.185621	589.133000
71423.824743	590.322000
71558.515176	593.970000
71596.168803	594.976000
71771.505026	599.676000
71791.876386	600.215000
71948.300538	604.365000
71983.445845	605.275000
72151.223383	609.742000
72159.503465	609.946000
72357.040996	614.938000
72361.908008	615.047000
72583.246761	620.125000
72584.805861	620.156000
72786.587836	624.711000
72808.405804	625.251000
73009.483682	629.762000
73041.481242	630.487000
73250.292877	635.066000
73284.764907	635.831000
73439.658870	639.443000
73486.988206	640.576000
73657.261202	644.808000
73701.580055	645.863000
73854.603350	649.733000
73921.524966	651.291000
74053.344557	654.497000
74117.366584	655.922000
74287.339193	659.955000
74347.523521	661.171000
74511.446739	665.158000
74573.254626	666.365000
74743.407777	670.252000
74796.899816	671.262000
74984.112619	675.264000
75041.001346	676.219000
75254.518982	680.725000
75303.661329	681.456000
75502.042651	685.713000
75567.060461	686.579000
75783.875741	690.946000
75817.429250	691.321000
76083.651894	695.965000
76158.027913	696.486000
76481.328868	701.538000
76496.400798	701.679000
76744.681441	706.200000
76780.422761	706.510000
77100.492616	711.622000
77112.443624	711.800000
77657.496534	716.654000
77661.332449	716.712000
78496.436482	721.468000
78530.344834	722.031000
79355.686801	726.860000
79361.393307	726.956000
81335.280044	731.529000
81405.278776	732.597000
81847.650349	736.508000
81904.769533	737.234000
82458.188719	741.883000
82525.509482	742.696000
83365.641031	746.330000
83537.471835	747.857000
84118.230695	742.696000
84306.185277	741.883000
84691.147429	737.234000
84777.570817	736.508000
85085.274849	732.597000
85206.075882	731.529000
85505.798917	726.956000
85547.236295	726.860000
85834.285395	722.031000
85930.509775	721.468000
86216.954040	716.712000
86227.138236	716.654000
86548.164663	711.800000
86568.152182	711.622000
86911.374398	706.510000
86930.783955	706.200000
87452.030752	701.679000
87459.774077	701.538000
87999.798123	696.486000
88033.139334	695.965000
88696.099473	691.321000
88717.596780	690.946000
89108.338577	686.579000
89151.334233	685.713000
89470.942567	681.456000
89505.008046	680.725000
89807.929274	676.219000
89853.182123	675.264000
90091.578653	671.262000
90138.826262	670.252000
90344.691168	666.365000
90397.527508	665.158000
90601.693244	661.171000
90651.688387	659.955000
90851.296443	655.922000
90911.353713	654.497000
91055.392040	651.291000
91119.451592	649.733000
91285.681793	645.863000
91327.397446	644.808000
91505.176957	640.576000
91550.762804	639.443000
91701.648560	635.831000
91734.454175	635.066000
91940.790680	630.487000
91973.852142	629.762000
92172.943168	625.251000
92197.013675	624.711000
92381.052273	620.156000
92382.425542	620.125000
92637.816099	615.047000
92642.567168	614.938000
92865.467425	609.946000
92873.539872	609.742000
93054.849321	605.275000
93089.028314	604.365000
93249.306360	600.215000
93269.622653	599.676000
93447.257895	594.976000
93484.787308	593.970000
93621.328490	590.322000
93665.228414	589.133000
93809.016599	585.387000
93859.393273	584.004000
94007.683758	580.041000
94066.449441	578.414000
94169.101643	575.583000
94237.263116	573.708000
94352.782494	570.435000
94450.412495	567.944000
94551.091859	565.259000
94626.484759	563.398000
94733.107993	560.510000
94857.904257	557.222000
94928.698114	555.319000
95030.431713	552.740000
95115.612068	550.396000
95261.024573	547.207000
95336.308852	545.240000
95500.916268	541.860000
95561.441031	540.271000
95727.493814	536.643000
95773.707978	535.482000
95950.300632	531.621000
96006.929589	530.132000
96180.610903	526.200000
96209.293130	525.407000
96398.074885	521.262000
96430.659019	520.310000
96627.438560	515.951000
96660.280817	515.009000
96847.776352	510.905000
96857.674591	510.628000
97083.165550	505.892000
97113.908820	504.993000
97304.112981	500.816000
97322.919785	500.264000
97515.578515	495.899000
97528.122745	495.543000
97738.497127	490.828000
97766.859335	490.016000
97940.757658	485.881000
97967.900356	485.093000
98148.878483	481.018000
98162.424512	480.636000
98381.491385	475.799000
98415.527429	474.886000
98595.551423	471.035000
98623.982162	470.271000
98820.921381	465.863000
98838.570699	465.384000
99026.359850	460.935000
99053.320836	460.219000
99223.719841	455.775000
99247.759773	455.120000
99404.487637	450.952000
99423.187449	450.473000
99601.947873	445.844000
99635.194935	445.054000
99796.105689	440.736000
99815.573497	440.307000
99995.096546	435.603000
100003.411388	435.436000
100188.599497	430.860000
100224.024460	430.208000
100420.100687	425.527000
100436.975069	425.214000
100632.358051	420.606000
100639.566255	420.465000
100871.952604	415.453000
100887.299232	415.167000
101122.907599	410.461000
101126.119299	410.396000
101400.164032	405.327000
101410.867957	405.127000
101636.483656	400.448000
101637.041873	400.437000
101928.206810	395.342000
101949.645962	394.906000
102179.442463	390.217000
102186.156762	390.076000
102394.534341	385.599000
102423.111625	384.951000
102641.819456	380.081000
102646.415201	379.967000
102839.665343	375.273000
102858.010619	374.776000
103034.451464	370.228000
103058.053413	369.562000
103224.785371	365.127000
103243.762287	364.580000
103417.027535	360.144000
103438.292452	359.503000
103657.829337	355.093000
103684.059102	354.326000
103925.059861	349.919000
103951.340242	349.213000
104251.513514	344.932000
104285.623586	344.079000
104683.599171	339.886000
104729.913829	338.969000
105066.336659	334.400000
105103.576096	333.681000
105347.796729	329.779000
105405.901099	328.662000
105659.057552	324.327000
105712.312513	323.373000
105966.841598	319.214000
106029.633890	318.264000
106276.075573	314.026000
106503.271334	312.979000
106989.676276	309.113000
107607.810649	314.026000
108527.443536	318.264000
108582.686481	319.214000
108857.584525	323.373000
108915.968932	324.327000
109157.960817	328.662000
109223.191672	329.779000
109426.166828	333.681000
109471.168016	334.400000
109707.811950	338.969000
109775.332138	339.886000
109987.106795	344.079000
110068.068677	344.932000
110239.258854	349.213000
110288.761851	349.919000
110452.809496	354.326000
110494.753581	355.093000
110645.566185	359.503000
110677.476195	360.144000
110824.638704	364.580000
110846.003918	365.127000
110999.866113	369.562000
111024.904102	370.228000
111186.077772	374.776000
111205.359016	375.273000
111378.624055	379.967000
111383.317391	380.081000
111579.644401	384.951000
111608.745566	385.599000
111806.184606	390.076000
111812.747313	390.217000
112036.033450	394.906000
112057.400751	395.342000
112307.933963	400.437000
112308.562582	400.448000
112546.007855	405.127000
112555.651612	405.327000
112826.942594	410.396000
112830.456681	410.461000
113062.983753	415.167000
113077.302494	415.453000
113346.244102	420.465000
113352.781707	420.606000
113588.351927	425.214000
113601.623384	425.527000
113853.984335	430.208000
113881.295102	430.860000
114129.921842	435.436000
114136.680237	435.603000
114370.889929	440.307000
114387.262248	440.736000
114583.210962	445.054000
114612.650400	445.844000
114807.461348	450.473000
114825.959132	450.952000
114988.674827	455.120000
115013.304565	455.775000
115176.409082	460.219000
115203.863107	460.935000
115371.390235	465.384000
115391.608487	465.863000
115554.026425	470.271000
115588.160174	471.035000
115731.467473	474.886000
115774.147791	475.799000
115954.467995	480.636000
115971.768708	481.018000
116116.271502	485.093000
116151.268008	485.881000
116293.698283	490.016000
116327.847120	490.828000
116492.536539	495.543000
116508.420586	495.899000
116662.228346	500.264000
116686.592061	500.816000
116828.903695	504.993000
116869.840621	505.892000
117031.798491	510.628000
117044.987046	510.905000
117191.638213	515.009000
117234.674469	515.951000
117386.648352	520.310000
117429.624751	521.262000
117571.495799	525.407000
117607.612549	526.200000
117749.830100	530.132000
117815.601075	531.621000
117962.440835	535.482000
118015.542123	536.643000
118159.956408	540.271000
118232.684598	541.860000
118361.428273	545.240000
118457.221997	547.207000
118579.276682	550.396000
118686.158749	552.740000
118779.878943	555.319000
118854.946426	557.222000
118977.263926	560.510000
119086.878163	563.398000
119155.585171	565.259000
119264.359989	567.944000
119357.764940	570.435000
119486.043942	573.708000
119552.221404	575.583000
119655.136140	578.414000
119714.131241	580.041000
119857.271010	584.004000
119909.021134	585.387000
120045.471620	589.133000
120091.110742	590.322000
120225.801175	593.970000
120263.454801	594.976000
120438.791024	599.676000
120459.162385	600.215000
120615.586537	604.365000
120650.731844	605.275000
120818.509382	609.742000
120826.789464	609.946000
121024.326994	614.938000
121029.194007	615.047000
121250.532760	620.125000
121252.091860	620.156000
121453.873835	624.711000
121475.691803	625.251000
121676.769681	629.762000
121708.767241	630.487000
121917.578876	635.066000
121952.050906	635.831000
122106.944869	639.443000
122154.274205	640.576000
122324.547201	644.808000
122368.866053	645.863000
122521.889349	649.733000
122588.810965	651.291000
122720.630556	654.497000
122784.652582	655.922000
122954.625192	659.955000
123014.809520	661.171000
123178.732738	665.158000
123240.540624	666.365000
123410.693776	670.252000
123464.185815	671.262000
123651.398618	675.264000
123708.287345	676.219000
123921.804980	680.725000
123970.947328	681.456000
124169.328650	685.713000
124234.346460	686.579000
124451.161739	690.946000
124484.715248	691.321000
124750.937893	695.965000
124825.313912	696.486000
125148.614867	701.538000
125163.686797	701.679000
125411.967440	706.200000
125447.708760	706.510000
125767.778614	711.622000
125779.729623	711.800000
126324.782532	716.654000
126328.618448	716.712000
127163.722481	721.468000
127197.630833	722.031000
128022.972800	726.860000
128028.679305	726.956000
130002.566042	731.529000
130072.564775	732.597000
130514.936348	736.508000
130572.055531	737.234000
131125.474718	741.883000
131192.795481	742.696000
132032.927030	746.330000
132204.757834	747.857000
132785.516694	742.696000
132973.471275	741.883000
133358.433428	737.234000
133444.856815	736.508000
133752.560848	732.597000
133873.361881	731.529000
134173.084916	726.956000
134214.522294	726.860000
134501.571394	722.031000
134597.795773	721.468000
134884.240039	716.712000
134894.424234	716.654000
135215.450662	711.800000
135235.438181	711.622000
135578.660397	706.510000
135598.069954	706.200000
136119.316751	701.679000
136127.060076	701.538000
136667.084122	696.486000
136700.425333	695.965000
137363.385472	691.321000
137384.882778	690.946000
137775.624576	686.579000
137818.620232	685.713000
138138.228565	681.456000
138172.294045	680.725000
138475.215272	676.219000
138520.468122	675.264000
138758.864651	671.262000
138806.112260	670.252000
139011.977167	666.365000
139064.813507	665.158000
139268.979243	661.171000
139318.974385	659.955000
139518.582442	655.922000
139578.639711	654.497000
139722.678039	651.291000
139786.737591	649.733000
139952.967792	645.863000
139994.683445	644.808000
140172.462955	640.576000
140218.048802	639.443000
140368.934559	635.831000
140401.740174	635.066000
140608.076679	630.487000
140641.138141	629.762000
140840.229167	625.251000
140864.299673	624.711000
141048.338272	620.156000
141049.711541	620.125000
141305.102098	615.047000
141309.853166	614.938000
141532.753423	609.946000
141540.825871	609.742000
141722.135320	605.275000
141756.314312	604.365000
141916.592358	600.215000
141936.908652	599.676000
142114.543894	594.976000
142152.073307	593.970000
142288.614488	590.322000
142332.514413	589.133000
142476.302598	585.387000
142526.679272	584.004000
142674.969756	580.041000
142733.735440	578.414000
142836.387642	575.583000
142904.549114	573.708000
143020.068493	570.435000
143117.698494	567.944000
143218.377857	565.259000
143293.770757	563.398000
143400.393992	560.510000
143525.190256	557.222000
143595.984113	555.319000
143697.717712	552.740000
143782.898067	550.396000
143928.310572	547.207000
144003.594851	545.240000
144168.202267	541.860000
144228.727030	540.271000
144394.779813	536.643000
144440.993976	535.482000
144617.586631	531.621000
144674.215588	530.132000
144847.896902	526.200000
144876.579129	525.407000
145065.360884	521.262000
145097.945018	520.310000
145294.724559	515.951000
145327.566816	515.009000
145515.062351	510.905000
145524.960590	510.628000
145750.451549	505.892000
145781.194818	504.993000
145971.398979	500.816000
145990.205784	500.264000
146182.864514	495.899000
146195.408744	495.543000
146405.783126	490.828000
146434.145333	490.016000
146608.043657	485.881000
146635.186355	485.093000
146816.164482	481.018000
146829.710511	480.636000
147048.777384	475.799000
147082.813428	474.886000
147262.837421	471.035000
147291.268161	470.271000
147488.207380	465.863000
147505.856697	465.384000
147693.645849	460.935000
147720.606834	460.219000
147891.005840	455.775000
147915.045772	455.120000
148071.773635	450.952000
148090.473448	450.473000
148269.233872	445.844000
148302.480933	445.054000
148463.391687	440.736000
148482.859496	440.307000
148662.382545	435.603000
148670.697387	435.436000
148855.885495	430.860000
148891.310459	430.208000
149087.386686	425.527000
149104.261067	425.214000
149299.644050	420.606000
149306.852253	420.465000
149539.238603	415.453000
149554.585231	415.167000
149790.193598	410.461000
149793.405298	410.396000
150067.450031	405.327000
150078.153956	405.127000
150303.769654	400.448000
150304.327872	400.437000
150595.492808	395.342000
150616.931960	394.906000
150846.728462	390.217000
150853.442760	390.076000
151061.820340	385.599000
151090.397624	384.951000
151309.105455	380.081000
151313.701200	379.967000
151506.951342	375.273000
151525.296618	374.776000
151701.737463	370.228000
151725.339412	369.562000
151892.071370	365.127000
151911.048286	364.580000
152084.313534	360.144000
152105.578450	359.503000
152325.115335	355.093000
152351.345101	354.326000
152592.345860	349.919000
152618.626241	349.213000
152918.799512	344.932000
152952.909585	344.079000
153350.885170	339.886000
153397.199828	338.969000
153733.622658	334.400000
153770.862095	333.681000
154015.082728	329.779000
154073.187097	328.662000
154326.343550	324.327000
154379.598512	323.373000
154634.127596	319.214000
154696.919888	318.264000
154943.361572	314.026000
155170.557333	312.979000
155656.962275	309.113000
156275.096647	314.026000
157194.729535	318.264000
157249.972480	319.214000
157524.870524	323.373000
157583.254930	324.327000
157825.246816	328.662000
157890.477671	329.779000
158093.452827	333.681000
158138.454015	334.400000
158375.097949	338.969000
158442.618136	339.886000
158654.392793	344.079000
158735.354676	344.932000
158906.544853	349.213000
158956.047849	349.919000
159120.095495	354.326000
159162.039579	355.093000
159312.852184	359.503000
159344.762193	360.144000
159491.924703	364.580000
159513.289917	365.127000
159667.152111	369.562000
159692.190101	370.228000
159853.363770	374.776000
159872.645015	375.273000
160045.910054	379.967000
160050.603390	380.081000
160246.930400	384.951000
160276.031565	385.599000
160473.470605	390.076000
160480.033312	390.217000
160703.319449	394.906000
160724.686750	395.342000
160975.219962	400.437000
160975.848581	400.448000
161213.293853	405.127000
161222.937611	405.327000
161494.228592	410.396000
161497.742680	410.461000
161730.269752	415.167000
161744.588493	415.453000
162013.530101	420.465000
162020.067705	420.606000
162255.637926	425.214000
162268.909383	425.527000
162521.270334	430.208000
162548.581101	430.860000
162797.207841	435.436000
162803.966236	435.603000
163038.175928	440.307000
163054.548247	440.736000
163250.496960	445.054000
163279.936399	445.844000
163474.747346	450.473000
163493.245130	450.952000
163655.960826	455.120000
163680.590564	455.775000
163843.695080	460.219000
163871.149106	460.935000
164038.676234	465.384000
164058.894486	465.863000
164221.312424	470.271000
164255.446172	471.035000
164398.753471	474.886000
164441.433790	475.799000
164621.753994	480.636000
164639.054706	481.018000
164783.557500	485.093000
164818.554007	485.881000
164960.984282	490.016000
164995.133118	490.828000
165159.822538	495.543000
165175.706584	495.899000
165329.514344	500.264000
165353.878060	500.816000
165496.189694	504.993000
165537.126620	505.892000
165699.084490	510.628000
165712.273045	510.905000
165858.924212	515.009000
165901.960467	515.951000
166053.934350	520.310000
166096.910749	521.262000
166238.781797	525.407000
166274.898548	526.200000
166417.116098	530.132000
166482.887074	531.621000
166629.726834	535.482000
166682.828121	536.643000
166827.242407	540.271000
166899.970596	541.860000
167028.714271	545.240000
167124.507995	547.207000
167246.562680	550.396000
167353.444748	552.740000
167447.164942	555.319000
167522.232425	557.222000
167644.549924	560.510000
167754.164161	563.398000
167822.871169	565.259000
167931.645988	567.944000
168025.050939	570.435000
168153.329940	573.708000
168219.507403	575.583000
168322.422139	578.414000
168381.417240	580.041000
168524.557009	584.004000
168576.307132	585.387000
168712.757618	589.133000
168758.396740	590.322000
168893.087174	593.970000
168930.740800	594.976000
169106.077023	599.676000
169126.448384	600.215000
169282.872536	604.365000
169318.017842	605.275000
169485.795381	609.742000
169494.075463	609.946000
169691.612993	614.938000
169696.480006	615.047000
169917.818759	620.125000
169919.377858	620.156000
170121.159834	624.711000
170142.977802	625.251000
170344.055680	629.762000
170376.053240	630.487000
170584.864874	635.066000
170619.336905	635.831000
170774.230868	639.443000
170821.560204	640.576000
170991.833200	644.808000
171036.152052	645.863000
171189.175347	649.733000
171256.096963	651.291000
171387.916555	654.497000
171451.938581	655.922000
171621.911190	659.955000
171682.095519	661.171000
171846.018737	665.158000
171907.826623	666.365000
172077.979775	670.252000
172131.471814	671.262000
172318.684616	675.264000
172375.573343	676.219000
172589.090979	680.725000
172638.233326	681.456000
172836.614649	685.713000
172901.632458	686.579000
173118.447738	690.946000
173152.001247	691.321000
173418.223892	695.965000
173492.599911	696.486000
173815.900865	701.538000
173830.972795	701.679000
174079.253439	706.200000
174114.994759	706.510000
174435.064613	711.622000
174447.015621	711.800000
174992.068531	716.654000
174995.904446	716.712000
175831.008480	721.468000
175864.916832	722.031000
176690.258799	726.860000
176695.965304	726.956000
178669.852041	731.529000
178739.850773	732.597000
179182.222346	736.508000
179239.341530	737.234000
179792.760716	741.883000
179860.081480	742.696000
180700.213028	746.330000
180872.043832	747.857000
181452.802693	742.696000
181640.757274	741.883000
182025.719426	737.234000
182112.142814	736.508000
182419.846846	732.597000
182540.647879	731.529000
182840.370915	726.956000
182881.808292	726.860000
183168.857393	722.031000
183265.081772	721.468000
183551.526038	716.712000
183561.710233	716.654000
183882.736660	711.800000
183902.724180	711.622000
184245.946395	706.510000
184265.355952	706.200000
184786.602750	701.679000
184794.346074	701.538000
185334.370120	696.486000
185367.711331	695.965000
186030.671470	691.321000
186052.168777	690.946000
186442.910574	686.579000
186485.906231	685.713000
186805.514564	681.456000
186839.580044	680.725000
187142.501271	676.219000
187187.754121	675.264000
187426.150650	671.262000
187473.398259	670.252000
187679.263165	666.365000
187732.099506	665.158000
187936.265242	661.171000
187986.260384	659.955000
188185.868440	655.922000
188245.925710	654.497000
188389.964037	651.291000
188454.023589	649.733000
188620.253791	645.863000
188661.969444	644.808000
188839.748954	640.576000
188885.334801	639.443000
189036.220558	635.831000
189069.026173	635.066000
189275.362678	630.487000
189308.424140	629.762000
189507.515166	625.251000
189531.585672	624.711000
189715.624271	620.156000
189716.997540	620.125000
189972.388097	615.047000
189977.139165	614.938000
190200.039422	609.946000
190208.111869	609.742000
190389.421319	605.275000
190423.600311	604.365000
190583.878357	600.215000
190604.194650	599.676000
190781.829893	594.976000
190819.359305	593.970000
190955.900487	590.322000
190999.800412	589.133000
191143.588596	585.387000
191193.965271	584.004000
191342.255755	580.041000
191401.021439	578.414000
191503.673640	575.583000
191571.835113	573.708000
191687.354492	570.435000
191784.984493	567.944000
191885.663856	565.259000
191961.056756	563.398000
192067.679991	560.510000
192192.476255	557.222000
192263.270112	555.319000
192365.003710	552.740000
192450.184066	550.396000
192595.596571	547.207000
192670.880850	545.240000
192835.488266	541.860000
192896.013029	540.271000
193062.065811	536.643000
193108.279975	535.482000
193284.872630	531.621000
193341.501586	530.132000
193515.182900	526.200000
193543.865128	525.407000
193732.646882	521.262000
193765.231017	520.310000
193962.010558	515.951000
193994.852815	515.009000
194182.348350	510.905000
194192.246589	510.628000
194417.737548	505.892000
194448.480817	504.993000
194638.684978	500.816000
194657.491782	500.264000
194850.150513	495.899000
194862.694742	495.543000
195073.069124	490.828000
195101.431332	490.016000
195275.329656	485.881000
195302.472354	485.093000
195483.450481	481.018000
195496.996509	480.636000
195716.063382	475.799000
195750.099427	474.886000
195930.123420	471.035000
195958.554159	470.271000
196155.493378	465.863000
196173.142696	465.384000
196360.931848	460.935000
196387.892833	460.219000
196558.291839	455.775000
196582.331771	455.120000
196739.059634	450.952000
196757.759447	450.473000
196936.519870	445.844000
196969.766932	445.054000
197130.677686	440.736000
197150.145495	440.307000
197329.668543	435.603000
197337.983386	435.436000
197523.171494	430.860000
197558.596458	430.208000
197754.672685	425.527000
197771.547066	425.214000
197966.930049	420.606000
197974.138252	420.465000
198206.524602	415.453000
198221.871230	415.167000
198457.479597	410.461000
198460.691296	410.396000
198734.736030	405.327000
198745.439955	405.127000
198971.055653	400.448000
198971.613870	400.437000
199262.778807	395.342000
199284.217959	394.906000
199514.014461	390.217000
199520.728759	390.076000
199729.106339	385.599000
199757.683622	384.951000
199976.391453	380.081000
