0.000000	500.000000
153.148966	495.899000
164.355300	495.543000
341.801097	490.828000
367.182928	490.016000
516.280674	485.881000
540.637892	485.093000
693.492137	481.018000
705.577868	480.636000
889.552527	475.799000
919.598986	474.886000
1069.349431	471.035000
1094.457466	470.271000
1260.507051	465.863000
1276.127424	465.384000
1436.978727	460.935000
1460.726459	460.219000
1610.200416	455.775000
1631.494738	455.120000
1769.586508	450.952000
1785.921233	450.473000
1942.471511	445.844000
1970.971705	445.054000
2113.033029	440.736000
2129.372761	440.307000
2287.020215	435.603000
2293.797993	435.436000
2454.153798	430.860000
2482.148185	430.208000
2650.438154	425.527000
2663.811849	425.214000
2830.965454	420.606000
2836.788433	420.465000
3030.581161	415.453000
3042.765203	415.167000
3234.462370	410.461000
3237.087041	410.396000
3454.053359	405.327000
3462.559642	405.127000
3648.414195	400.448000
3648.866286	400.437000
3874.500757	395.342000
3892.049364	394.906000
4080.352825	390.217000
4085.905929	390.076000
4259.473996	385.599000
4283.658799	384.951000
4467.786405	380.081000
4471.769727	379.967000
4638.381051	375.273000
4654.611090	374.776000
4808.964223	370.228000
4830.024535	369.562000
4976.937892	365.127000
4993.943472	364.580000
5145.276719	360.144000
5164.495198	359.503000
5343.458449	355.093000
5367.029235	354.326000
5557.014326	349.919000
5580.221761	349.213000
5792.406228	344.932000
5822.030062	344.079000
6058.409680	339.886000
6095.980314	338.969000
6327.903354	334.400000
6357.849206	333.681000
6539.988267	329.779000
6586.640876	328.662000
6781.109923	324.327000
6822.761939	323.373000
7014.464786	319.214000
7060.141774	318.264000
7249.782013	314.026000
7319.602719	312.979000
7556.282052	309.113000
7644.467998	307.959000
7877.661968	303.864000
7974.088880	302.446000
8198.592243	298.680000
8248.584928	297.810000
8596.709398	293.920000
8708.766013	292.052000
9054.173928	297.810000
9132.032100	298.680000
9348.437216	302.446000
9432.968753	303.864000
9711.437162	307.959000
9777.152874	309.113000
10072.583434	312.979000
10136.681536	314.026000
10419.298685	318.264000
10461.808885	319.214000
10661.777926	323.373000
10705.751121	324.327000
10895.018927	328.662000
10945.127791	329.779000
11108.098677	333.681000
11141.660437	334.400000
11331.956120	338.969000
11378.503160	339.886000
11550.295602	344.079000
11598.383323	344.932000
11747.058157	349.213000
11782.050503	349.919000
11926.916179	354.326000
11959.981430	355.093000
12095.505771	359.503000
12121.518344	360.144000
12254.518613	364.580000
12273.179407	365.127000
12411.058288	369.562000
12433.120135	370.228000
12576.937403	374.776000
12593.804928	375.273000
12747.092259	379.967000
12751.138636	380.081000
12921.303352	384.951000
12945.803288	385.599000
13112.894895	390.076000
13118.361300	390.217000
13303.031531	394.906000
13320.540661	395.342000
13525.609818	400.437000
13526.096958	400.448000
13718.400280	405.127000
13726.344480	405.327000
13941.936225	410.396000
13944.718393	410.461000
14134.744568	415.167000
14146.394672	415.453000
14359.913623	420.465000
14365.365494	420.606000
14555.665394	425.214000
14567.019361	425.527000
14767.026604	430.208000
14790.467121	430.860000
14986.943067	435.436000
14992.795213	435.603000
15183.709401	440.307000
15198.086688	440.736000
15362.550471	445.054000
15388.541310	445.844000
15555.538018	450.473000
15571.737539	450.952000
15713.873516	455.120000
15735.574598	455.775000
15880.050880	460.219000
15904.133543	460.935000
16051.694521	465.384000
16069.012519	465.863000
16212.759081	470.271000
16241.539000	471.035000
16368.097955	474.886000
16403.600982	475.799000
16562.784686	480.636000
16577.314006	481.018000
16706.239012	485.093000
16735.797085	485.881000
16863.610662	490.016000
16892.889348	490.828000
17040.272766	495.543000
17053.670582	495.899000
17191.074081	500.264000
17211.688133	500.816000
17339.664938	504.993000
17373.989118	505.892000
17519.529460	510.628000
17530.437647	510.905000
17661.073881	515.009000
17697.122991	515.951000
17833.176955	520.310000
17869.303381	521.262000
17996.771683	525.407000
18027.052660	526.200000
18153.420125	530.132000
18209.056511	531.621000
18338.105501	535.482000
18382.570584	536.643000
18508.131941	540.271000
18569.019054	541.860000
18682.124968	545.240000
18760.783317	547.207000
18867.894637	550.396000
18957.475240	552.740000
19040.667737	555.319000
19106.078564	557.222000
19214.108347	560.510000
19310.486020	563.398000
19371.268372	565.259000
19465.432523	567.944000
19547.782617	570.435000
19659.732724	573.708000
19718.832417	575.583000
19810.179674	578.414000
19862.572112	580.041000
19989.796146	584.004000
20035.442606	585.387000
20156.504756	589.133000
20196.529554	590.322000
20315.683189	593.970000
20348.893732	594.976000
20503.653638	599.676000
20521.582184	600.215000
20659.332667	604.365000
20690.110644	605.275000
20837.976262	609.742000
20845.140766	609.946000
21017.137010	614.938000
21021.241334	615.047000
21209.176583	620.125000
21210.443156	620.156000
21380.992342	624.711000
21399.892365	625.251000
21569.544025	629.762000
21596.617499	630.487000
21771.623476	635.066000
21800.616432	635.831000
21932.726621	639.443000
21973.377989	640.576000
22121.032420	644.808000
22159.041922	645.863000
22292.303896	649.733000
22349.356307	651.291000
22463.042639	654.497000
22516.935572	655.922000
22662.584671	659.955000
22711.741207	661.171000
22853.116803	665.158000
22903.017743	666.365000
23047.319033	670.252000
23089.991632	671.262000
23245.688677	675.264000
23289.031047	676.219000
23465.896160	680.725000
23501.357350	681.456000
23666.536901	685.713000
23710.899435	686.579000
23887.802473	690.946000
23908.490805	691.321000
24114.538648	695.965000
24147.312782	696.486000
24386.035597	701.538000
24394.298868	701.679000
24589.709636	706.200000
24608.273208	706.510000
24846.941665	711.622000
24855.570800	711.800000
25144.136462	716.654000
25146.926040	716.712000
25456.471985	721.468000
25482.186444	722.031000
25795.292607	726.860000
25799.644154	726.956000
26115.969969	731.529000
26167.090845	732.597000
26400.068415	736.508000
26438.058117	737.234000
26718.807893	741.883000
26762.295825	742.696000
27006.007861	746.330000
27096.840579	747.857000
27428.260020	751.774000
27501.170071	752.874000
27953.428955	756.568000
28073.411300	758.249000
28457.055025	752.874000
28591.728759	751.774000
28851.354823	747.857000
28980.555100	746.330000
29196.721503	742.696000
29251.244862	741.883000
29499.923091	737.234000
29543.765710	736.508000
29748.418222	732.597000
29812.038791	731.529000
30030.929957	726.956000
30037.570516	726.860000
30256.462389	722.031000
30292.966586	721.468000
30510.192108	716.712000
30513.967059	716.654000
30747.425875	711.800000
30758.007805	711.622000
31005.828788	706.510000
31020.302032	706.200000
31291.030770	701.679000
31297.125200	701.538000
31593.196438	696.486000
31617.815319	695.965000
31909.951746	691.321000
31926.589976	690.946000
32167.512499	686.579000
32202.593339	685.713000
32420.666447	681.456000
32449.030612	680.725000
32667.619013	676.219000
32705.103741	675.264000
32886.733232	671.262000
32926.027089	670.252000
33090.253220	666.365000
33135.061982	665.158000
33299.896320	661.171000
33343.014636	659.955000
33506.047783	655.922000
33557.510706	654.497000
33678.760350	651.291000
33734.007794	649.733000
33875.723346	645.863000
33912.051868	644.808000
34064.522211	640.576000
34104.052567	639.443000
34233.648985	635.831000
34261.629133	635.066000
34435.169981	630.487000
34462.878942	629.762000
34631.331964	625.251000
34651.640520	624.711000
34811.065717	620.156000
34812.226425	620.125000
35019.699174	615.047000
35023.733232	614.938000
35211.703732	609.946000
35218.732425	609.742000
35375.613988	605.275000
35405.736601	604.365000
35546.097707	600.215000
35563.988673	599.676000
35720.322933	594.976000
35753.448139	593.970000
35873.877624	590.322000
35912.713608	589.133000
36038.813602	585.387000
36083.508998	584.004000
36214.309374	580.041000
36266.540892	578.414000
36357.704377	575.583000
36418.204591	573.708000
36521.369016	570.435000
36606.571496	567.944000
36695.335046	565.259000
36760.601148	563.398000
36854.926475	560.510000
36964.652856	557.222000
37027.177393	555.319000
37115.824015	552.740000
37191.435963	550.396000
37313.309915	547.207000
37379.377010	545.240000
37514.539805	541.860000
37567.712971	540.271000
37706.730242	536.643000
37746.911260	535.482000
37894.783514	531.621000
37944.551435	530.132000
38091.470355	526.200000
38116.955960	525.407000
38275.234206	521.262000
38304.510400	520.310000
38469.925412	515.951000
38499.327301	515.009000
38656.382024	510.905000
38665.199333	510.628000
38851.701767	505.892000
38879.328618	504.993000
39038.808151	500.816000
39055.720575	500.264000
39218.728436	495.899000
39229.934769	495.543000
39407.380566	490.828000
39432.762398	490.016000
39581.860144	485.881000
39606.217362	485.093000
39759.071607	481.018000
39771.157337	480.636000
39955.131996	475.799000
39985.178455	474.886000
40134.928901	471.035000
40160.036935	470.271000
40326.086521	465.863000
40341.706893	465.384000
40502.558197	460.935000
40526.305929	460.219000
40675.779886	455.775000
40697.074207	455.120000
40835.165978	450.952000
40851.500703	450.473000
41008.050980	445.844000
41036.551175	445.054000
41178.612498	440.736000
41194.952230	440.307000
41352.599684	435.603000
41359.377463	435.436000
41519.733268	430.860000
41547.727655	430.208000
41716.017624	425.527000
41729.391319	425.214000
41896.544924	420.606000
41902.367902	420.465000
42096.160630	415.453000
42108.344673	415.167000
42300.041839	410.461000
42302.666510	410.396000
42519.632829	405.327000
42528.139112	405.127000
42713.993664	400.448000
42714.445756	400.437000
42940.080227	395.342000
42957.628834	394.906000
43145.932295	390.217000
43151.485398	390.076000
43325.053466	385.599000
43349.238268	384.951000
43533.365875	380.081000
43537.349197	379.967000
43703.960521	375.273000
43720.190560	374.776000
43874.543693	370.228000
43895.604005	369.562000
44042.517361	365.127000
44059.522941	364.580000
44210.856188	360.144000
44230.074667	359.503000
44409.037918	355.093000
44432.608705	354.326000
44622.593796	349.919000
44645.801231	349.213000
44857.985698	344.932000
44887.609532	344.079000
45123.989150	339.886000
45161.559784	338.969000
45393.482824	334.400000
45423.428676	333.681000
45605.567737	329.779000
45652.220346	328.662000
45846.689393	324.327000
45888.341408	323.373000
46080.044256	319.214000
46125.721243	318.264000
46315.361482	314.026000
46385.182189	312.979000
46621.861522	309.113000
46710.047467	307.959000
46943.241438	303.864000
47039.668349	302.446000
47264.171713	298.680000
47314.164397	297.810000
47662.288868	293.920000
47774.345483	292.052000
48119.753398	297.810000
48197.611570	298.680000
48414.016686	302.446000
48498.548223	303.864000
48777.016632	307.959000
48842.732344	309.113000
49138.162904	312.979000
49202.261005	314.026000
49484.878154	318.264000
49527.388354	319.214000
49727.357396	323.373000
49771.330591	324.327000
49960.598396	328.662000
50010.707260	329.779000
50173.678147	333.681000
50207.239906	334.400000
50397.535589	338.969000
50444.082630	339.886000
50615.875071	344.079000
50663.962792	344.932000
50812.637627	349.213000
50847.629973	349.919000
50992.495648	354.326000
51025.560900	355.093000
51161.085241	359.503000
51187.097813	360.144000
51320.098082	364.580000
51338.758877	365.127000
51476.637757	369.562000
51498.699605	370.228000
51642.516872	374.776000
51659.384398	375.273000
51812.671729	379.967000
51816.718106	380.081000
51986.882822	384.951000
52011.382758	385.599000
52178.474365	390.076000
52183.940770	390.217000
52368.611000	394.906000
52386.120130	395.342000
52591.189287	400.437000
52591.676427	400.448000
52783.979750	405.127000
52791.923950	405.327000
53007.515694	410.396000
53010.297863	410.461000
53200.324038	415.167000
53211.974142	415.453000
53425.493093	420.465000
53430.944963	420.606000
53621.244864	425.214000
53632.598830	425.527000
53832.606073	430.208000
53856.046590	430.860000
54052.522536	435.436000
54058.374682	435.603000
54249.288871	440.307000
54263.666158	440.736000
54428.129940	445.054000
54454.120780	445.844000
54621.117488	450.473000
54637.317009	450.952000
54779.452986	455.120000
54801.154068	455.775000
54945.630350	460.219000
54969.713013	460.935000
55117.273990	465.384000
55134.591989	465.863000
55278.338551	470.271000
55307.118470	471.035000
55433.677424	474.886000
55469.180451	475.799000
55628.364156	480.636000
55642.893476	481.018000
55771.818482	485.093000
55801.376554	485.881000
55929.190131	490.016000
55958.468818	490.828000
56105.852236	495.543000
56119.250052	495.899000
56256.653550	500.264000
56277.267603	500.816000
56405.244407	504.993000
56439.568587	505.892000
56585.108930	510.628000
56596.017117	510.905000
56726.653351	515.009000
56762.702461	515.951000
56898.756424	520.310000
56934.882850	521.262000
57062.351153	525.407000
57092.632130	526.200000
57218.999594	530.132000
57274.635981	531.621000
57403.684971	535.482000
57448.150054	536.643000
57573.711411	540.271000
57634.598523	541.860000
57747.704438	545.240000
57826.362787	547.207000
57933.474106	550.396000
58023.054709	552.740000
58106.247207	555.319000
58171.658033	557.222000
58279.687816	560.510000
58376.065489	563.398000
58436.847842	565.259000
58531.011993	567.944000
58613.362087	570.435000
58725.312193	573.708000
58784.411887	575.583000
58875.759144	578.414000
58928.151581	580.041000
59055.375616	584.004000
59101.022076	585.387000
59222.084226	589.133000
59262.109023	590.322000
59381.262659	593.970000
59414.473202	594.976000
59569.233108	599.676000
59587.161654	600.215000
59724.912136	604.365000
59755.690114	605.275000
59903.555732	609.742000
59910.720236	609.946000
60082.716479	614.938000
60086.820803	615.047000
60274.756053	620.125000
60276.022625	620.156000
60446.571811	624.711000
60465.471835	625.251000
60635.123494	629.762000
60662.196968	630.487000
60837.202945	635.066000
60866.195902	635.831000
60998.306090	639.443000
61038.957458	640.576000
61186.611890	644.808000
61224.621391	645.863000
61357.883366	649.733000
61414.935776	651.291000
61528.622109	654.497000
61582.515042	655.922000
61728.164141	659.955000
61777.320676	661.171000
61918.696273	665.158000
61968.597212	666.365000
62112.898502	670.252000
62155.571101	671.262000
62311.268147	675.264000
62354.610517	676.219000
62531.475630	680.725000
62566.936819	681.456000
62732.116370	685.713000
62776.478905	686.579000
62953.381942	690.946000
62974.070274	691.321000
63180.118117	695.965000
63212.892251	696.486000
63451.615066	701.538000
63459.878337	701.679000
63655.289105	706.200000
63673.852677	706.510000
63912.521135	711.622000
63921.150269	711.800000
64209.715931	716.654000
64212.505509	716.712000
64522.051455	721.468000
64547.765914	722.031000
64860.872077	726.860000
64865.223624	726.956000
65181.549439	731.529000
65232.670314	732.597000
65465.647885	736.508000
65503.637587	737.234000
65784.387362	741.883000
65827.875295	742.696000
66071.587331	746.330000
66162.420049	747.857000
66493.839489	751.774000
66566.749540	752.874000
67019.008425	756.568000
67138.990770	758.249000
67522.634495	752.874000
67657.308229	751.774000
67916.934293	747.857000
68046.134570	746.330000
68262.300973	742.696000
68316.824331	741.883000
68565.502560	737.234000
68609.345180	736.508000
68813.997692	732.597000
68877.618261	731.529000
69096.509426	726.956000
69103.149986	726.860000
69322.041858	722.031000
69358.546056	721.468000
69575.771578	716.712000
69579.546528	716.654000
69813.005344	711.800000
69823.587274	711.622000
70071.408258	706.510000
70085.881502	706.200000
70356.610239	701.679000
70362.704669	701.538000
70658.775908	696.486000
70683.394789	695.965000
70975.531216	691.321000
70992.169446	690.946000
71233.091969	686.579000
71268.172809	685.713000
71486.245916	681.456000
71514.610082	680.725000
71733.198483	676.219000
71770.683210	675.264000
71952.312702	671.262000
71991.606559	670.252000
72155.832690	666.365000
72200.641452	665.158000
72365.475790	661.171000
72408.594105	659.955000
72571.627253	655.922000
72623.090175	654.497000
72744.339820	651.291000
72799.587264	649.733000
72941.302815	645.863000
72977.631338	644.808000
73130.101680	640.576000
73169.632037	639.443000
73299.228455	635.831000
73327.208603	635.066000
73500.749450	630.487000
73528.458411	629.762000
73696.911433	625.251000
73717.219989	624.711000
73876.645187	620.156000
73877.805895	620.125000
74085.278644	615.047000
74089.312701	614.938000
74277.283202	609.946000
74284.311895	609.742000
74441.193457	605.275000
74471.316071	604.365000
74611.677177	600.215000
74629.568143	599.676000
74785.902403	594.976000
74819.027609	593.970000
74939.457093	590.322000
74978.293078	589.133000
75104.393072	585.387000
75149.088467	584.004000
75279.888844	580.041000
75332.120362	578.414000
75423.283846	575.583000
75483.784061	573.708000
75586.948486	570.435000
75672.150965	567.944000
75760.914515	565.259000
75826.180617	563.398000
75920.505945	560.510000
76030.232326	557.222000
76092.756863	555.319000
76181.403485	552.740000
76257.015433	550.396000
76378.889385	547.207000
76444.956480	545.240000
76580.119275	541.860000
76633.292440	540.271000
76772.309711	536.643000
76812.490730	535.482000
76960.362983	531.621000
77010.130905	530.132000
77157.049825	526.200000
77182.535430	525.407000
77340.813675	521.262000
77370.089869	520.310000
77535.504882	515.951000
77564.906770	515.009000
77721.961493	510.905000
77730.778802	510.628000
77917.281236	505.892000
77944.908087	504.993000
78104.387620	500.816000
78121.300045	500.264000
78284.307906	495.899000
78295.514239	495.543000
78472.960036	490.828000
78498.341867	490.016000
78647.439613	485.881000
78671.796832	485.093000
78824.651076	481.018000
78836.736807	480.636000
79020.711466	475.799000
79050.757925	474.886000
79200.508370	471.035000
79225.616405	470.271000
79391.665990	465.863000
79407.286363	465.384000
79568.137666	460.935000
79591.885398	460.219000
79741.359356	455.775000
79762.653677	455.120000
79900.745448	450.952000
79917.080172	450.473000
80073.630450	445.844000
80102.130644	445.054000
80244.191968	440.736000
80260.531700	440.307000
80418.179154	435.603000
80424.956932	435.436000
80585.312737	430.860000
80613.307125	430.208000
80781.597093	425.527000
80794.970789	425.214000
80962.124393	420.606000
80967.947372	420.465000
81161.740100	415.453000
81173.924142	415.167000
81365.621309	410.461000
81368.245980	410.396000
81585.212298	405.327000
81593.718581	405.127000
81779.573134	400.448000
81780.025226	400.437000
82005.659696	395.342000
82023.208303	394.906000
82211.511765	390.217000
82217.064868	390.076000
82390.632935	385.599000
82414.817738	384.951000
82598.945345	380.081000
82602.928667	379.967000
82769.539991	375.273000
82785.770030	374.776000
82940.123162	370.228000
82961.183475	369.562000
83108.096831	365.127000
83125.102411	364.580000
83276.435658	360.144000
83295.654137	359.503000
83474.617388	355.093000
83498.188175	354.326000
83688.173265	349.919000
83711.380701	349.213000
83923.565168	344.932000
83953.189002	344.079000
84189.568619	339.886000
84227.139253	338.969000
84459.062294	334.400000
84489.008145	333.681000
84671.147207	329.779000
84717.799816	328.662000
84912.268863	324.327000
84953.920878	323.373000
85145.623726	319.214000
85191.300713	318.264000
85380.940952	314.026000
85450.761659	312.979000
85687.440991	309.113000
85775.626937	307.959000
86008.820907	303.864000
86105.247819	302.446000
86329.751182	298.680000
86379.743867	297.810000
86727.868338	293.920000
86839.924952	292.052000
87185.332868	297.810000
87263.191040	298.680000
87479.596155	302.446000
87564.127693	303.864000
87842.596101	307.959000
87908.311813	309.113000
88203.742373	312.979000
88267.840475	314.026000
88550.457624	318.264000
88592.967824	319.214000
88792.936866	323.373000
88836.910060	324.327000
89026.177866	328.662000
89076.286730	329.779000
89239.257617	333.681000
89272.819376	334.400000
89463.115059	338.969000
89509.662099	339.886000
89681.454541	344.079000
89729.542262	344.932000
89878.217096	349.213000
89913.209442	349.919000
90058.075118	354.326000
90091.140370	355.093000
90226.664711	359.503000
90252.677283	360.144000
90385.677552	364.580000
90404.338347	365.127000
90542.217227	369.562000
90564.279075	370.228000
90708.096342	374.776000
90724.963868	375.273000
90878.251199	379.967000
90882.297575	380.081000
91052.462292	384.951000
91076.962228	385.599000
91244.053834	390.076000
91249.520240	390.217000
91434.190470	394.906000
91451.699600	395.342000
91656.768757	400.437000
91657.255897	400.448000
91849.559220	405.127000
91857.503419	405.327000
92073.095164	410.396000
92075.877332	410.461000
92265.903508	415.167000
92277.553612	415.453000
92491.072562	420.465000
92496.524433	420.606000
92686.824333	425.214000
92698.178300	425.527000
92898.185543	430.208000
92921.626060	430.860000
93118.102006	435.436000
93123.954152	435.603000
93314.868340	440.307000
93329.245627	440.736000
93493.709410	445.054000
93519.700250	445.844000
93686.696957	450.473000
93702.896478	450.952000
93845.032455	455.120000
93866.733537	455.775000
94011.209819	460.219000
94035.292482	460.935000
94182.853460	465.384000
94200.171458	465.863000
94343.918021	470.271000
94372.697940	471.035000
94499.256894	474.886000
94534.759921	475.799000
94693.943626	480.636000
94708.472945	481.018000
94837.397952	485.093000
94866.956024	485.881000
94994.769601	490.016000
95024.048288	490.828000
95171.431705	495.543000
95184.829522	495.899000
95322.233020	500.264000
95342.847072	500.816000
95470.823877	504.993000
95505.148057	505.892000
95650.688399	510.628000
95661.596586	510.905000
95792.232820	515.009000
95828.281931	515.951000
95964.335894	520.310000
96000.462320	521.262000
96127.930623	525.407000
96158.211599	526.200000
96284.579064	530.132000
96340.215451	531.621000
96469.264440	535.482000
96513.729523	536.643000
96639.290881	540.271000
96700.177993	541.860000
96813.283908	545.240000
96891.942257	547.207000
96999.053576	550.396000
97088.634179	552.740000
97171.826676	555.319000
97237.237503	557.222000
97345.267286	560.510000
97441.644959	563.398000
97502.427312	565.259000
97596.591462	567.944000
97678.941556	570.435000
97790.891663	573.708000
97849.991357	575.583000
97941.338614	578.414000
97993.731051	580.041000
98120.955086	584.004000
98166.601546	585.387000
98287.663695	589.133000
98327.688493	590.322000
98446.842128	593.970000
98480.052672	594.976000
98634.812578	599.676000
98652.741124	600.215000
98790.491606	604.365000
98821.269584	605.275000
98969.135202	609.742000
98976.299706	609.946000
99148.295949	614.938000
99152.400273	615.047000
99340.335523	620.125000
99341.602095	620.156000
99512.151281	624.711000
99531.051304	625.251000
99700.702964	629.762000
99727.776438	630.487000
99902.782415	635.066000
99931.775372	635.831000
100063.885560	639.443000
100104.536928	640.576000
100252.191359	644.808000
100290.200861	645.863000
100423.462835	649.733000
100480.515246	651.291000
100594.201578	654.497000
100648.094511	655.922000
100793.743610	659.955000
100842.900146	661.171000
100984.275742	665.158000
101034.176682	666.365000
101178.477972	670.252000
101221.150571	671.262000
101376.847616	675.264000
101420.189986	676.219000
101597.055099	680.725000
101632.516289	681.456000
101797.695840	685.713000
101842.058375	686.579000
102018.961412	690.946000
102039.649744	691.321000
102245.697587	695.965000
102278.471721	696.486000
102517.194536	701.538000
102525.457807	701.679000
102720.868575	706.200000
102739.432147	706.510000
102978.100604	711.622000
102986.729739	711.800000
103275.295401	716.654000
103278.084979	716.712000
103587.630924	721.468000
103613.345384	722.031000
103926.451547	726.860000
103930.803094	726.956000
104247.128908	731.529000
104298.249784	732.597000
104531.227354	736.508000
104569.217056	737.234000
104849.966832	741.883000
104893.454765	742.696000
105137.166800	746.330000
105227.999519	747.857000
105559.418959	751.774000
105632.329010	752.874000
106084.587895	756.568000
106204.570239	758.249000
106588.213965	752.874000
106722.887698	751.774000
106982.513762	747.857000
107111.714039	746.330000
107327.880442	742.696000
107382.403801	741.883000
107631.082030	737.234000
107674.924649	736.508000
107879.577161	732.597000
107943.197730	731.529000
108162.088896	726.956000
108168.729455	726.860000
108387.621328	722.031000
108424.125526	721.468000
108641.351047	716.712000
108645.125998	716.654000
108878.584814	711.800000
108889.166744	711.622000
109136.987727	706.510000
109151.460971	706.200000
109422.189709	701.679000
109428.284139	701.538000
109724.355378	696.486000
109748.974259	695.965000
110041.110685	691.321000
110057.748915	690.946000
110298.671438	686.579000
110333.752279	685.713000
110551.825386	681.456000
110580.189551	680.725000
110798.777952	676.219000
110836.262680	675.264000
111017.892172	671.262000
111057.186029	670.252000
111221.412160	666.365000
111266.220922	665.158000
111431.055259	661.171000
111474.173575	659.955000
111637.206723	655.922000
111688.669645	654.497000
111809.919289	651.291000
111865.166733	649.733000
112006.882285	645.863000
112043.210808	644.808000
112195.681150	640.576000
112235.211507	639.443000
112364.807925	635.831000
112392.788072	635.066000
112566.328920	630.487000
112594.037881	629.762000
112762.490903	625.251000
112782.799459	624.711000
112942.224657	620.156000
112943.385365	620.125000
113150.858114	615.047000
113154.892171	614.938000
113342.862672	609.946000
113349.891364	609.742000
113506.772927	605.275000
113536.895540	604.365000
113677.256646	600.215000
113695.147613	599.676000
113851.481873	594.976000
113884.607078	593.970000
114005.036563	590.322000
114043.872548	589.133000
114169.972541	585.387000
114214.667937	584.004000
114345.468313	580.041000
114397.699831	578.414000
114488.863316	575.583000
114549.363530	573.708000
114652.527956	570.435000
114737.730435	567.944000
114826.493985	565.259000
114891.760087	563.398000
114986.085414	560.510000
115095.811796	557.222000
115158.336333	555.319000
115246.982955	552.740000
115322.594903	550.396000
115444.468854	547.207000
115510.535949	545.240000
115645.698745	541.860000
115698.871910	540.271000
115837.889181	536.643000
115878.070200	535.482000
116025.942453	531.621000
116075.710375	530.132000
116222.629295	526.200000
116248.114900	525.407000
116406.393145	521.262000
116435.669339	520.310000
116601.084351	515.951000
116630.486240	515.009000
116787.540963	510.905000
116796.358272	510.628000
116982.860706	505.892000
117010.487557	504.993000
117169.967090	500.816000
117186.879514	500.264000
117349.887375	495.899000
117361.093709	495.543000
117538.539505	490.828000
117563.921337	490.016000
117713.019083	485.881000
117737.376301	485.093000
117890.230546	481.018000
117902.316277	480.636000
118086.290936	475.799000
118116.337395	474.886000
118266.087840	471.035000
118291.195875	470.271000
118457.245460	465.863000
118472.865833	465.384000
118633.717136	460.935000
118657.464868	460.219000
118806.938825	455.775000
118828.233147	455.120000
118966.324917	450.952000
118982.659642	450.473000
119139.209920	445.844000
119167.710114	445.054000
119309.771438	440.736000
119326.111170	440.307000
119483.758624	435.603000
119490.536402	435.436000
119650.892207	430.860000
119678.886594	430.208000
119847.176563	425.527000
119860.550258	425.214000
120027.703863	420.606000
120033.526842	420.465000
120227.319570	415.453000
120239.503612	415.167000
120431.200779	410.461000
120433.825450	410.396000
120650.791768	405.327000
120659.298051	405.127000
120845.152604	400.448000
120845.604695	400.437000
121071.239166	395.342000
121088.787773	394.906000
121277.091234	390.217000
121282.644338	390.076000
121456.212405	385.599000
121480.397208	384.951000
121664.524814	380.081000
121668.508136	379.967000
121835.119460	375.273000
121851.349499	374.776000
122005.702632	370.228000
122026.762944	369.562000
122173.676301	365.127000
122190.681881	364.580000
122342.015128	360.144000
122361.233607	359.503000
122540.196858	355.093000
122563.767644	354.326000
122753.752735	349.919000
122776.960170	349.213000
122989.144637	344.932000
123018.768471	344.079000
123255.148089	339.886000
123292.718723	338.969000
123524.641763	334.400000
123554.587615	333.681000
123736.726676	329.779000
123783.379285	328.662000
123977.848332	324.327000
124019.500348	323.373000
124211.203195	319.214000
124256.880182	318.264000
124446.520422	314.026000
124516.341128	312.979000
124753.020461	309.113000
124841.206407	307.959000
125074.400377	303.864000
125170.827289	302.446000
125395.330652	298.680000
125445.323337	297.810000
125793.447807	293.920000
125905.504422	292.052000
126250.912337	297.810000
126328.770509	298.680000
126545.175625	302.446000
126629.707162	303.864000
126908.175571	307.959000
126973.891283	309.113000
127269.321843	312.979000
127333.419945	314.026000
127616.037094	318.264000
127658.547294	319.214000
127858.516335	323.373000
127902.489530	324.327000
128091.757336	328.662000
128141.866200	329.779000
128304.837086	333.681000
128338.398846	334.400000
128528.694529	338.969000
128575.241569	339.886000
128747.034011	344.079000
128795.121732	344.932000
128943.796566	349.213000
128978.788912	349.919000
129123.654588	354.326000
129156.719839	355.093000
129292.244180	359.503000
129318.256753	360.144000
129451.257022	364.580000
129469.917816	365.127000
129607.796697	369.562000
129629.858544	370.228000
129773.675812	374.776000
129790.543337	375.273000
129943.830668	379.967000
129947.877045	380.081000
130118.041761	384.951000
130142.541697	385.599000
130309.633304	390.076000
130315.099709	390.217000
130499.769940	394.906000
130517.279069	395.342000
130722.348227	400.437000
130722.835367	400.448000
130915.138689	405.127000
130923.082889	405.327000
131138.674634	410.396000
131141.456802	410.461000
131331.482977	415.167000
131343.133081	415.453000
131556.652032	420.465000
131562.103902	420.606000
131752.403803	425.214000
131763.757770	425.527000
131963.765013	430.208000
131987.205530	430.860000
132183.681476	435.436000
132189.533622	435.603000
132380.447810	440.307000
132394.825097	440.736000
132559.288880	445.054000
132585.279719	445.844000
132752.276427	450.473000
132768.475948	450.952000
132910.611925	455.120000
132932.313007	455.775000
133076.789289	460.219000
133100.871952	460.935000
133248.432930	465.384000
133265.750928	465.863000
133409.497490	470.271000
133438.277409	471.035000
133564.836364	474.886000
133600.339390	475.799000
133759.523095	480.636000
133774.052415	481.018000
133902.977421	485.093000
133932.535494	485.881000
134060.349071	490.016000
134089.627757	490.828000
134237.011175	495.543000
134250.408991	495.899000
134387.812490	500.264000
134408.426542	500.816000
134536.403347	504.993000
134570.727527	505.892000
134716.267869	510.628000
134727.176056	510.905000
134857.812290	515.009000
134893.861400	515.951000
135029.915364	520.310000
135066.041790	521.262000
135193.510092	525.407000
135223.791069	526.200000
135350.158534	530.132000
135405.794920	531.621000
135534.843910	535.482000
135579.308993	536.643000
135704.870350	540.271000
135765.757463	541.860000
135878.863377	545.240000
135957.521726	547.207000
136064.633046	550.396000
136154.213649	552.740000
136237.406146	555.319000
136302.816973	557.222000
136410.846756	560.510000
136507.224429	563.398000
136568.006781	565.259000
136662.170932	567.944000
136744.521026	570.435000
136856.471133	573.708000
136915.570826	575.583000
137006.918083	578.414000
137059.310520	580.041000
137186.534555	584.004000
137232.181015	585.387000
137353.243165	589.133000
137393.267963	590.322000
137512.421598	593.970000
137545.632141	594.976000
137700.392047	599.676000
137718.320593	600.215000
137856.071076	604.365000
137886.849053	605.275000
138034.714671	609.742000
138041.879175	609.946000
138213.875419	614.938000
138217.979743	615.047000
138405.914992	620.125000
138407.181565	620.156000
138577.730751	624.711000
138596.630774	625.251000
138766.282434	629.762000
138793.355908	630.487000
138968.361885	635.066000
138997.354841	635.831000
139129.465030	639.443000
139170.116398	640.576000
139317.770829	644.808000
139355.780331	645.863000
139489.042305	649.733000
139546.094716	651.291000
139659.781048	654.497000
139713.673981	655.922000
139859.323080	659.955000
139908.479616	661.171000
140049.855212	665.158000
140099.756152	666.365000
140244.057442	670.252000
140286.730041	671.262000
140442.427086	675.264000
140485.769456	676.219000
140662.634569	680.725000
140698.095759	681.456000
140863.275309	685.713000
140907.637844	686.579000
141084.540882	690.946000
141105.229214	691.321000
141311.277056	695.965000
141344.051190	696.486000
141582.774006	701.538000
141591.037276	701.679000
141786.448045	706.200000
141805.011617	706.510000
142043.680074	711.622000
142052.309209	711.800000
142340.874871	716.654000
142343.664449	716.712000
142653.210394	721.468000
142678.924853	722.031000
142992.031016	726.860000
142996.382563	726.956000
143312.708378	731.529000
143363.829254	732.597000
143596.806824	736.508000
143634.796526	737.234000
143915.546302	741.883000
143959.034234	742.696000
144202.746270	746.330000
144293.578988	747.857000
144624.998429	751.774000
144697.908480	752.874000
145150.167364	756.568000
145270.149709	758.249000
145653.793434	752.874000
145788.467168	751.774000
146048.093232	747.857000
146177.293509	746.330000
146393.459912	742.696000
146447.983271	741.883000
146696.661500	737.234000
146740.504119	736.508000
146945.156631	732.597000
147008.777200	731.529000
147227.668366	726.956000
147234.308925	726.860000
147453.200798	722.031000
147489.704995	721.468000
147706.930517	716.712000
147710.705468	716.654000
147944.164284	711.800000
147954.746214	711.622000
148202.567197	706.510000
148217.040441	706.200000
148487.769179	701.679000
148493.863609	701.538000
148789.934847	696.486000
148814.553728	695.965000
149106.690155	691.321000
149123.328385	690.946000
149364.250908	686.579000
149399.331748	685.713000
149617.404856	681.456000
149645.769021	680.725000
149864.357422	676.219000
149901.842150	675.264000
150083.471641	671.262000
150122.765498	670.252000
150286.991629	666.365000
150331.800391	665.158000
150496.634729	661.171000
150539.753045	659.955000
150702.786192	655.922000
150754.249115	654.497000
150875.498759	651.291000
150930.746203	649.733000
151072.461755	645.863000
151108.790277	644.808000
151261.260620	640.576000
151300.790976	639.443000
151430.387394	635.831000
151458.367542	635.066000
151631.908390	630.487000
151659.617351	629.762000
151828.070373	625.251000
151848.378929	624.711000
152007.804126	620.156000
152008.964834	620.125000
152216.437583	615.047000
152220.471641	614.938000
152408.442141	609.946000
152415.470834	609.742000
152572.352397	605.275000
152602.475010	604.365000
152742.836116	600.215000
152760.727082	599.676000
152917.061342	594.976000
152950.186548	593.970000
153070.616033	590.322000
153109.452017	589.133000
153235.552011	585.387000
153280.247407	584.004000
153411.047783	580.041000
153463.279301	578.414000
153554.442786	575.583000
153614.943000	573.708000
153718.107425	570.435000
153803.309905	567.944000
153892.073455	565.259000
153957.339557	563.398000
154051.664884	560.510000
154161.391265	557.222000
154223.915802	555.319000
154312.562424	552.740000
154388.174372	550.396000
154510.048324	547.207000
154576.115419	545.240000
154711.278214	541.860000
154764.451380	540.271000
154903.468651	536.643000
154943.649669	535.482000
155091.521923	531.621000
155141.289844	530.132000
155288.208764	526.200000
155313.694369	525.407000
155471.972615	521.262000
155501.248809	520.310000
155666.663821	515.951000
155696.065710	515.009000
155853.120433	510.905000
155861.937742	510.628000
156048.440175	505.892000
156076.067027	504.993000
156235.546560	500.816000
156252.458984	500.264000
156415.466845	495.899000
156426.673178	495.543000
156604.118975	490.828000
156629.500807	490.016000
156778.598553	485.881000
156802.955771	485.093000
156955.810016	481.018000
156967.895746	480.636000
157151.870405	475.799000
157181.916864	474.886000
157331.667310	471.035000
157356.775344	470.271000
157522.824930	465.863000
157538.445302	465.384000
157699.296606	460.935000
157723.044338	460.219000
157872.518295	455.775000
157893.812616	455.120000
158031.904387	450.952000
158048.239112	450.473000
158204.789389	445.844000
158233.289584	445.054000
158375.350907	440.736000
158391.690639	440.307000
158549.338093	435.603000
158556.115872	435.436000
158716.471676	430.860000
158744.466064	430.208000
158912.756033	425.527000
158926.129728	425.214000
159093.283333	420.606000
159099.106311	420.465000
159292.899039	415.453000
159305.083082	415.167000
159496.780248	410.461000
159499.404919	410.396000
159716.371237	405.327000
159724.877521	405.127000
159910.732073	400.448000
159911.184165	400.437000
160136.818636	395.342000
160154.367243	394.906000
160342.670704	390.217000
160348.223807	390.076000
160521.791875	385.599000
160545.976677	384.951000
160730.104284	380.081000
160734.087606	379.967000
160900.698930	375.273000
160916.928969	374.776000
161071.282102	370.228000
161092.342414	369.562000
161239.255770	365.127000
161256.261350	364.580000
161407.594597	360.144000
161426.813076	359.503000
161605.776327	355.093000
161629.347114	354.326000
161819.332205	349.919000
161842.539640	349.213000
162054.724107	344.932000
162084.347941	344.079000
162320.727559	339.886000
162358.298193	338.969000
162590.221233	334.400000
162620.167085	333.681000
162802.306146	329.779000
162848.958755	328.662000
163043.427802	324.327000
163085.079817	323.373000
163276.782665	319.214000
163322.459652	318.264000
163512.099891	314.026000
163581.920598	312.979000
163818.599931	309.113000
163906.785876	307.959000
164139.979847	303.864000
164236.406758	302.446000
164460.910122	298.680000
164510.902806	297.810000
164859.027277	293.920000
164971.083892	292.052000
165316.491807	297.810000
165394.349979	298.680000
165610.755095	302.446000
165695.286632	303.864000
165973.755041	307.959000
166039.470753	309.113000
166334.901313	312.979000
166398.999414	314.026000
166681.616563	318.264000
166724.126763	319.214000
166924.095805	323.373000
166968.069000	324.327000
167157.336805	328.662000
167207.445669	329.779000
167370.416556	333.681000
167403.978315	334.400000
167594.273998	338.969000
167640.821039	339.886000
167812.613480	344.079000
167860.701201	344.932000
168009.376036	349.213000
168044.368382	349.919000
168189.234057	354.326000
168222.299309	355.093000
168357.823650	359.503000
168383.836222	360.144000
168516.836491	364.580000
168535.497286	365.127000
168673.376166	369.562000
168695.438014	370.228000
168839.255281	374.776000
168856.122807	375.273000
169009.410138	379.967000
169013.456515	380.081000
169183.621231	384.951000
169208.121167	385.599000
169375.212774	390.076000
169380.679179	390.217000
169565.349409	394.906000
169582.858539	395.342000
169787.927696	400.437000
169788.414836	400.448000
169980.718159	405.127000
169988.662359	405.327000
170204.254103	410.396000
170207.036272	410.461000
170397.062447	415.167000
170408.712551	415.453000
170622.231502	420.465000
170627.683372	420.606000
170817.983273	425.214000
170829.337239	425.527000
171029.344482	430.208000
171052.784999	430.860000
171249.260945	435.436000
171255.113091	435.603000
171446.027280	440.307000
171460.404567	440.736000
171624.868349	445.054000
171650.859189	445.844000
171817.855897	450.473000
171834.055418	450.952000
171976.191395	455.120000
171997.892477	455.775000
172142.368759	460.219000
172166.451422	460.935000
172314.012399	465.384000
172331.330398	465.863000
172475.076960	470.271000
172503.856879	471.035000
172630.415833	474.886000
172665.918860	475.799000
172825.102565	480.636000
172839.631885	481.018000
172968.556891	485.093000
172998.114963	485.881000
173125.928540	490.016000
173155.207227	490.828000
173302.590645	495.543000
173315.988461	495.899000
173453.391959	500.264000
173474.006012	500.816000
173601.982816	504.993000
173636.306996	505.892000
173781.847339	510.628000
173792.755526	510.905000
173923.391760	515.009000
173959.440870	515.951000
174095.494833	520.310000
174131.621259	521.262000
174259.089562	525.407000
174289.370539	526.200000
174415.738003	530.132000
174471.374390	531.621000
174600.423380	535.482000
174644.888463	536.643000
174770.449820	540.271000
174831.336932	541.860000
174944.442847	545.240000
175023.101196	547.207000
175130.212515	550.396000
175219.793118	552.740000
175302.985616	555.319000
175368.396442	557.222000
175476.426225	560.510000
175572.803898	563.398000
175633.586251	565.259000
175727.750402	567.944000
175810.100496	570.435000
175922.050602	573.708000
175981.150296	575.583000
176072.497553	578.414000
176124.889990	580.041000
176252.114025	584.004000
176297.760485	585.387000
176418.822635	589.133000
176458.847432	590.322000
176578.001068	593.970000
176611.211611	594.976000
176765.971517	599.676000
176783.900063	600.215000
176921.650545	604.365000
176952.428523	605.275000
177100.294141	609.742000
177107.458645	609.946000
177279.454888	614.938000
177283.559212	615.047000
177471.494462	620.125000
177472.761034	620.156000
177643.310220	624.711000
177662.210244	625.251000
177831.861903	629.762000
177858.935377	630.487000
178033.941354	635.066000
178062.934311	635.831000
178195.044499	639.443000
178235.695867	640.576000
178383.350299	644.808000
178421.359800	645.863000
178554.621775	649.733000
178611.674185	651.291000
178725.360518	654.497000
178779.253451	655.922000
178924.902550	659.955000
178974.059085	661.171000
179115.434682	665.158000
179165.335621	666.365000
179309.636911	670.252000
179352.309510	671.262000
179508.006556	675.264000
179551.348926	676.219000
179728.214039	680.725000
179763.675228	681.456000
179928.854779	685.713000
179973.217314	686.579000
180150.120351	690.946000
180170.808683	691.321000
180376.856526	695.965000
180409.630660	696.486000
180648.353475	701.538000
180656.616746	701.679000
180852.027514	706.200000
180870.591086	706.510000
181109.259544	711.622000
181117.888678	711.800000
181406.454340	716.654000
181409.243918	716.712000
181718.789864	721.468000
181744.504323	722.031000
182057.610486	726.860000
182061.962033	726.956000
182378.287848	731.529000
182429.408723	732.597000
182662.386294	736.508000
182700.375996	737.234000
182981.125771	741.883000
183024.613704	742.696000
183268.325740	746.330000
183359.158458	747.857000
183690.577898	751.774000
183763.487949	752.874000
184215.746834	756.568000
184335.729179	758.249000
184719.372904	752.874000
184854.046638	751.774000
185113.672702	747.857000
185242.872979	746.330000
185459.039382	742.696000
185513.562740	741.883000
185762.240969	737.234000
185806.083589	736.508000
186010.736101	732.597000
186074.356670	731.529000
186293.247835	726.956000
186299.888395	726.860000
186518.780267	722.031000
186555.284465	721.468000
186772.509987	716.712000
186776.284937	716.654000
187009.743753	711.800000
187020.325683	711.622000
187268.146667	706.510000
187282.619910	706.200000
187553.348648	701.679000
187559.443078	701.538000
187855.514317	696.486000
187880.133198	695.965000
188172.269625	691.321000
188188.907855	690.946000
188429.830377	686.579000
188464.911218	685.713000
188682.984325	681.456000
188711.348491	680.725000
188929.936892	676.219000
188967.421619	675.264000
189149.051111	671.262000
189188.344968	670.252000
189352.571099	666.365000
189397.379861	665.158000
189562.214199	661.171000
189605.332514	659.955000
189768.365662	655.922000
189819.828584	654.497000
189941.078229	651.291000
189996.325673	649.733000
190138.041224	645.863000
190174.369747	644.808000
190326.840089	640.576000
190366.370446	639.443000
190495.966864	635.831000
190523.947012	635.066000
190697.487859	630.487000
190725.196820	629.762000
190893.649842	625.251000
190913.958398	624.711000
191073.383596	620.156000
191074.544304	620.125000
191282.017053	615.047000
191286.051110	614.938000
191474.021611	609.946000
191481.050304	609.742000
191637.931866	605.275000
191668.054479	604.365000
191808.415586	600.215000
191826.306552	599.676000
191982.640812	594.976000
192015.766018	593.970000
192136.195502	590.322000
192175.031487	589.133000
192301.131481	585.387000
192345.826876	584.004000
192476.627253	580.041000
192528.858771	578.414000
192620.022255	575.583000
192680.522470	573.708000
192783.686895	570.435000
192868.889374	567.944000
192957.652924	565.259000
193022.919026	563.398000
193117.244354	560.510000
193226.970735	557.222000
193289.495272	555.319000
193378.141894	552.740000
193453.753842	550.396000
193575.627794	547.207000
193641.694889	545.240000
193776.857684	541.860000
193830.030849	540.271000
193969.048120	536.643000
194009.229139	535.482000
194157.101392	531.621000
194206.869314	530.132000
194353.788234	526.200000
194379.273839	525.407000
194537.552084	521.262000
194566.828278	520.310000
194732.243291	515.951000
194761.645179	515.009000
194918.699902	510.905000
194927.517211	510.628000
195114.019645	505.892000
195141.646496	504.993000
195301.126029	500.816000
195318.038454	500.264000
195481.046315	495.899000
195492.252648	495.543000
195669.698445	490.828000
195695.080276	490.016000
195844.178022	485.881000
195868.535241	485.093000
196021.389485	481.018000
196033.475216	480.636000
196217.449875	475.799000
196247.496334	474.886000
196397.246779	471.035000
196422.354814	470.271000
196588.404399	465.863000
196604.024772	465.384000
196764.876075	460.935000
196788.623807	460.219000
196938.097765	455.775000
196959.392086	455.120000
197097.483857	450.952000
197113.818581	450.473000
197270.368859	445.844000
197298.869053	445.054000
197440.930377	440.736000
197457.270109	440.307000
197614.917563	435.603000
197621.695341	435.436000
197782.051146	430.860000
197810.045534	430.208000
197978.335502	425.527000
197991.709198	425.214000
198158.862802	420.606000
198164.685781	420.465000
198358.478509	415.453000
198370.662551	415.167000
198562.359718	410.461000
198564.984389	410.396000
198781.950707	405.327000
198790.456990	405.127000
198976.311543	400.448000
198976.763635	400.437000
199202.398105	395.342000
199219.946712	394.906000
199408.250174	390.217000
199413.803277	390.076000
199587.371344	385.599000
199611.556147	384.951000
199795.683754	380.081000
199799.667075	379.967000
199966.278400	375.273000
