0.000000	500.000000
145.674623	495.899000
156.483956	495.543000
325.144538	490.828000
349.639047	490.016000
491.919401	485.881000
515.443009	485.093000
660.775715	481.018000
672.429174	480.636000
847.115103	475.799000
876.003879	474.886000
1017.878080	471.035000
1042.021237	470.271000
1199.835359	465.863000
1214.864157	465.384000
1368.323743	460.935000
1391.142945	460.219000
1534.616494	455.775000
1555.109013	455.120000
1687.812394	450.952000
1703.474194	450.473000
1853.675084	445.844000
1880.870867	445.054000
2017.461675	440.736000
2032.974296	440.307000
2184.336142	435.603000
2190.728286	435.436000
2344.132442	430.860000
2370.361887	430.208000
2530.998936	425.527000
2543.536892	425.214000
2702.961548	420.606000
2708.442508	420.465000
2892.148844	415.453000
2903.575560	415.167000
3084.292275	410.461000
3086.768996	410.396000
3290.133514	405.327000
3298.112650	405.127000
3473.802226	400.448000
3474.227996	400.437000
3684.818225	395.342000
3701.383486	394.906000
3879.178761	390.217000
3884.432873	390.076000
4048.922702	385.599000
4071.928474	384.951000
4246.861740	380.081000
4250.673313	379.967000
4409.886824	375.273000
4425.500576	374.776000
4573.551923	370.228000
4593.859687	369.562000
4735.042233	365.127000
4751.459413	364.580000
4896.553852	360.144000
4915.151594	359.503000
5083.934361	355.093000
5106.707292	354.326000
5284.626538	349.919000
5306.941734	349.213000
5501.832725	344.932000
5530.193760	344.079000
5742.489920	339.886000
5777.885576	338.969000
5990.097993	334.400000
6018.257520	333.681000
6187.049865	329.779000
6230.905330	328.662000
6412.103406	324.327000
6451.048648	323.373000
6629.016969	319.214000
6671.165823	318.264000
6847.923033	314.026000
6908.341509	312.979000
7117.315666	309.113000
7190.791825	307.959000
7399.815789	303.864000
7482.843233	302.446000
7682.208363	298.680000
7726.939364	297.810000
8001.806895	293.920000
8101.184046	292.052000
8619.044220	288.916000
8718.750905	287.172000
8997.746675	292.052000
9306.216957	293.920000
9513.164021	297.810000
9574.638250	298.680000
9768.266926	302.446000
9843.333244	303.864000
10083.105730	307.959000
10142.010164	309.113000
10388.161662	312.979000
10444.756577	314.026000
10689.315798	318.264000
10728.938108	319.214000
10913.461354	323.373000
10954.284095	324.327000
11131.252256	328.662000
11177.941587	329.779000
11331.141252	333.681000
11362.243685	334.400000
11541.187882	338.969000
11583.778993	339.886000
11745.626306	344.079000
11788.814625	344.932000
11931.151779	349.213000
11963.292176	349.919000
12102.588312	354.326000
12133.553609	355.093000
12264.490541	359.503000
12289.023364	360.144000
12417.727865	364.580000
12435.619357	365.127000
12568.727574	369.562000
12589.928831	370.228000
12728.607075	374.776000
12744.785949	375.273000
12892.252649	379.967000
12896.119360	380.081000
13058.947065	384.951000
13082.223607	385.599000
13241.169344	390.076000
13246.349837	390.217000
13421.077021	394.906000
13437.609062	395.342000
13631.187059	400.437000
13631.641719	400.448000
13812.748872	405.127000
13820.258579	405.327000
14022.489785	410.396000
14025.097536	410.461000
14204.412132	415.167000
14215.394915	415.453000
14415.642118	420.465000
14420.810233	420.606000
14599.932657	425.214000
14610.761632	425.527000
14798.270173	430.208000
14820.644742	430.860000
15004.733608	435.436000
15010.332056	435.603000
15190.383830	440.307000
15204.187876	440.736000
15360.326568	445.054000
15385.316549	445.844000
15544.670067	450.473000
15560.212566	450.952000
15696.493112	455.120000
15717.347410	455.775000
15856.383680	460.219000
15879.499580	460.935000
16021.290958	465.384000
16037.813130	465.863000
16176.115718	470.271000
16203.468257	471.035000
16325.163672	474.886000
16358.799389	475.799000
16511.849787	480.636000
16525.645533	481.018000
16649.959264	485.093000
16678.062865	485.881000
16801.502097	490.016000
16829.442036	490.828000
16971.673086	495.543000
16984.407586	495.899000
17116.943364	500.264000
17136.551360	500.816000
17260.220999	504.993000
17292.799897	505.892000
17433.413946	510.628000
17443.734921	510.905000
17569.644501	515.009000
17603.852778	515.951000
17735.163753	520.310000
17769.473892	521.262000
17892.621837	525.407000
17921.362748	526.200000
18043.074373	530.132000
18095.992676	531.621000
18219.922203	535.482000
18262.113376	536.643000
18382.356920	540.271000
18440.127468	541.860000
18548.736398	545.240000
18623.039207	547.207000
18725.862052	550.396000
18810.879678	552.740000
18890.985509	555.319000
18953.661405	557.222000
19057.541646	560.510000
19150.107122	563.398000
19208.580764	565.259000
19298.656739	567.944000
19377.806708	570.435000
19485.118903	573.708000
19542.119691	575.583000
19630.075909	578.414000
19680.530790	580.041000
19803.077135	584.004000
19846.955192	585.387000
19963.509808	589.133000
20001.925394	590.322000
20116.552769	593.970000
20148.476173	594.976000
20297.267059	599.676000
20314.490803	600.215000
20446.847426	604.365000
20476.376933	605.275000
20618.482501	609.742000
20625.335131	609.946000
20790.107786	614.938000
20794.008707	615.047000
20972.923815	620.125000
20974.117438	620.156000
21136.302568	624.711000
21154.385118	625.251000
21315.648142	629.762000
21341.400415	630.487000
21507.491111	635.066000
21535.029877	635.831000
21660.936903	639.443000
21699.746592	640.576000
21841.052114	644.808000
21877.326309	645.863000
22004.997491	649.733000
22059.365088	651.291000
22168.012599	654.497000
22219.212952	655.922000
22358.182774	659.955000
22404.562715	661.171000
22539.672688	665.158000
22586.636776	666.365000
22723.972389	670.252000
22764.032218	671.262000
22911.532994	675.264000
22951.855163	676.219000
23119.256445	680.725000
23151.935082	681.456000
23308.461562	685.713000
23348.992949	686.579000
23515.865462	690.946000
23534.522458	691.321000
23726.785459	695.965000
23755.546777	696.486000
23976.390789	701.538000
23983.754953	701.679000
24166.696251	706.200000
24183.165460	706.510000
24404.338511	711.622000
24412.291335	711.800000
24668.694612	716.654000
24671.268600	716.712000
24940.740416	721.468000
24964.642487	722.031000
25237.463550	726.860000
25241.512542	726.956000
25512.667420	731.529000
25559.870954	732.597000
25766.793236	736.508000
25801.378314	737.234000
26050.004222	741.883000
26089.443351	742.696000
26300.036135	746.330000
26380.734889	747.857000
26647.802878	751.774000
26710.990735	752.874000
27020.837228	756.568000
27122.815065	758.249000
27499.645726	761.437000
27601.109867	763.056000
28565.683077	766.695000
28705.078802	768.581000
29410.679025	771.533000
29610.843432	773.590000
30197.604152	776.646000
30503.596639	778.612000
31492.211819	781.338000
32294.479360	783.938000
33937.893561	778.612000
34650.886020	776.646000
35126.528461	773.590000
35521.478331	771.533000
35808.734203	768.581000
36259.534345	766.695000
36528.495662	763.056000
36957.636642	761.437000
37157.431381	758.249000
37356.130358	756.568000
37580.226807	752.874000
37672.492952	751.774000
37897.499165	747.857000
38001.612727	746.330000
38193.662022	742.696000
38240.775927	741.883000
38466.301769	737.234000
38505.127841	736.508000
38691.439467	732.597000
38747.944963	731.529000
38950.062716	726.956000
38955.755012	726.860000
39159.427777	722.031000
39191.235244	721.468000
39393.150437	716.712000
39396.436679	716.654000
39611.852852	711.800000
39621.255362	711.622000
39849.653307	706.510000
39863.065601	706.200000
40103.250423	701.679000
40108.955957	701.538000
40372.812369	696.486000
40395.587454	695.965000
40651.955140	691.321000
40667.480253	690.946000
40884.747200	686.579000
40917.838932	685.713000
41117.079248	681.456000
41143.957532	680.725000
41345.393835	676.219000
41380.872802	675.264000
41549.845910	671.262000
41587.071243	670.252000
41741.242088	666.365000
41783.887852	665.158000
41939.021091	661.171000
41980.228447	659.955000
42134.052708	655.922000
42183.155609	654.497000
42298.347420	651.291000
42351.146180	649.733000
42486.192778	645.863000
42520.997196	644.808000
42666.506574	640.576000
42704.337188	639.443000
42828.062339	635.831000
42854.728694	635.066000
43019.565308	630.487000
43045.862699	629.762000
43206.095115	625.251000
43225.399490	624.711000
43377.929142	620.156000
43379.032927	620.125000
43574.556091	615.047000
43578.396529	614.938000
43757.051566	609.946000
43763.785064	609.742000
43913.837499	605.275000
43942.786697	604.365000
44077.454229	600.215000
44094.644644	599.676000
44244.833141	594.976000
44276.680722	593.970000
44392.442728	590.322000
44429.803459	589.133000
44550.833557	585.387000
44593.864799	584.004000
44719.597799	580.041000
44769.908902	578.414000
44857.701015	575.583000
44915.955310	573.708000
45015.455887	570.435000
45097.128565	567.944000
45182.442763	565.259000
45244.875310	563.398000
45335.617856	560.510000
45441.004034	557.222000
45501.126936	555.319000
45586.067101	552.740000
45658.873642	550.396000
45774.539687	547.207000
45837.961617	545.240000
45965.640059	541.860000
46016.699109	540.271000
46148.600650	536.643000
46187.079910	535.482000
46327.390090	531.621000
46375.183684	530.132000
46514.924964	526.200000
46539.471587	525.407000
46689.699929	521.262000
46717.983847	520.310000
46875.082476	515.951000
46903.459383	515.009000
47052.494171	510.905000
47060.992454	510.628000
47237.455058	505.892000
47264.146787	504.993000
47415.517261	500.816000
47431.860483	500.264000
47586.912843	495.899000
47597.722176	495.543000
47766.382758	490.828000
47790.877268	490.016000
47933.157622	485.881000
47956.681229	485.093000
48102.013936	481.018000
48113.667395	480.636000
48288.353323	475.799000
48317.242100	474.886000
48459.116301	471.035000
48483.259458	470.271000
48641.073580	465.863000
48656.102377	465.384000
48809.561964	460.935000
48832.381165	460.219000
48975.854714	455.775000
48996.347234	455.120000
49129.050615	450.952000
49144.712415	450.473000
49294.913304	445.844000
49322.109087	445.054000
49458.699895	440.736000
49474.212516	440.307000
49625.574362	435.603000
49631.966506	435.436000
49785.370662	430.860000
49811.600108	430.208000
49972.237157	425.527000
49984.775113	425.214000
50144.199769	420.606000
50149.680729	420.465000
50333.387065	415.453000
50344.813780	415.167000
50525.530495	410.461000
50528.007216	410.396000
50731.371734	405.327000
50739.350871	405.127000
50915.040446	400.448000
50915.466217	400.437000
51126.056445	395.342000
51142.621706	394.906000
51320.416981	390.217000
51325.671093	390.076000
51490.160923	385.599000
51513.166694	384.951000
51688.099961	380.081000
51691.911533	379.967000
51851.125045	375.273000
51866.738796	374.776000
52014.790144	370.228000
52035.097908	369.562000
52176.280453	365.127000
52192.697634	364.580000
52337.792072	360.144000
52356.389815	359.503000
52525.172581	355.093000
52547.945512	354.326000
52725.864758	349.919000
52748.179955	349.213000
52943.070946	344.932000
52971.431981	344.079000
53183.728141	339.886000
53219.123797	338.969000
53431.336214	334.400000
53459.495740	333.681000
53628.288085	329.779000
53672.143551	328.662000
53853.341626	324.327000
53892.286868	323.373000
54070.255189	319.214000
54112.404043	318.264000
54289.161253	314.026000
54349.579730	312.979000
54558.553887	309.113000
54632.030045	307.959000
54841.054009	303.864000
54924.081454	302.446000
55123.446584	298.680000
55168.177584	297.810000
55443.045116	293.920000
55542.422266	292.052000
56060.282440	288.916000
56159.989125	287.172000
56438.984895	292.052000
56747.455177	293.920000
56954.402242	297.810000
57015.876471	298.680000
57209.505146	302.446000
57284.571465	303.864000
57524.343951	307.959000
57583.248384	309.113000
57829.399883	312.979000
57885.994798	314.026000
58130.554018	318.264000
58170.176328	319.214000
58354.699575	323.373000
58395.522315	324.327000
58572.490476	328.662000
58619.179807	329.779000
58772.379472	333.681000
58803.481906	334.400000
58982.426103	338.969000
59025.017214	339.886000
59186.864526	344.079000
59230.052846	344.932000
59372.390000	349.213000
59404.530397	349.919000
59543.826533	354.326000
59574.791829	355.093000
59705.728761	359.503000
59730.261585	360.144000
59858.966085	364.580000
59876.857577	365.127000
60009.965795	369.562000
60031.167052	370.228000
60169.845295	374.776000
60186.024170	375.273000
60333.490869	379.967000
60337.357580	380.081000
60500.185286	384.951000
60523.461827	385.599000
60682.407565	390.076000
60687.588058	390.217000
60862.315242	394.906000
60878.847283	395.342000
61072.425280	400.437000
61072.879940	400.448000
61253.987093	405.127000
61261.496799	405.327000
61463.728005	410.396000
61466.335757	410.461000
61645.650352	415.167000
61656.633136	415.453000
61856.880338	420.465000
61862.048453	420.606000
62041.170877	425.214000
62051.999853	425.527000
62239.508393	430.208000
62261.882962	430.860000
62445.971829	435.436000
62451.570276	435.603000
62631.622051	440.307000
62645.426097	440.736000
62801.564789	445.054000
62826.554770	445.844000
62985.908288	450.473000
63001.450786	450.952000
63137.731332	455.120000
63158.585630	455.775000
63297.621900	460.219000
63320.737801	460.935000
63462.529179	465.384000
63479.051350	465.863000
63617.353939	470.271000
63644.706477	471.035000
63766.401893	474.886000
63800.037609	475.799000
63953.088008	480.636000
63966.883754	481.018000
64091.197485	485.093000
64119.301086	485.881000
64242.740318	490.016000
64270.680257	490.828000
64412.911306	495.543000
64425.645806	495.899000
64558.181585	500.264000
64577.789581	500.816000
64701.459219	504.993000
64734.038117	505.892000
64874.652166	510.628000
64884.973142	510.905000
65010.882721	515.009000
65045.090999	515.951000
65176.401974	520.310000
65210.712112	521.262000
65333.860058	525.407000
65362.600968	526.200000
65484.312594	530.132000
65537.230896	531.621000
65661.160424	535.482000
65703.351597	536.643000
65823.595140	540.271000
65881.365689	541.860000
65989.974619	545.240000
66064.277428	547.207000
66167.100273	550.396000
66252.117898	552.740000
66332.223730	555.319000
66394.899626	557.222000
66498.779867	560.510000
66591.345342	563.398000
66649.818984	565.259000
66739.894959	567.944000
66819.044928	570.435000
66926.357123	573.708000
66983.357912	575.583000
67071.314129	578.414000
67121.769010	580.041000
67244.315356	584.004000
67288.193412	585.387000
67404.748028	589.133000
67443.163615	590.322000
67557.790990	593.970000
67589.714394	594.976000
67738.505279	599.676000
67755.729024	600.215000
67888.085647	604.365000
67917.615154	605.275000
68059.720722	609.742000
68066.573352	609.946000
68231.346007	614.938000
68235.246928	615.047000
68414.162036	620.125000
68415.355659	620.156000
68577.540789	624.711000
68595.623338	625.251000
68756.886363	629.762000
68782.638636	630.487000
68948.729331	635.066000
68976.268097	635.831000
69102.175123	639.443000
69140.984812	640.576000
69282.290335	644.808000
69318.564530	645.863000
69446.235711	649.733000
69500.603308	651.291000
69609.250819	654.497000
69660.451173	655.922000
69799.420994	659.955000
69845.800935	661.171000
69980.910909	665.158000
70027.874997	666.365000
70165.210610	670.252000
70205.270438	671.262000
70352.771215	675.264000
70393.093383	676.219000
70560.494666	680.725000
70593.173303	681.456000
70749.699782	685.713000
70790.231169	686.579000
70957.103682	690.946000
70975.760679	691.321000
71168.023679	695.965000
71196.784998	696.486000
71417.629010	701.538000
71424.993173	701.679000
71607.934471	706.200000
71624.403681	706.510000
71845.576732	711.622000
71853.529555	711.800000
72109.932832	716.654000
72112.506821	716.712000
72381.978636	721.468000
72405.880708	722.031000
72678.701770	726.860000
72682.750763	726.956000
72953.905641	731.529000
73001.109175	732.597000
73208.031456	736.508000
73242.616534	737.234000
73491.242443	741.883000
73530.681571	742.696000
73741.274355	746.330000
73821.973110	747.857000
74089.041099	751.774000
74152.228955	752.874000
74462.075449	756.568000
74564.053285	758.249000
74940.883946	761.437000
75042.348087	763.056000
76006.921298	766.695000
76146.317023	768.581000
76851.917246	771.533000
77052.081652	773.590000
77638.842373	776.646000
77944.834859	778.612000
78933.450039	781.338000
79735.717580	783.938000
81379.131782	778.612000
82092.124241	776.646000
82567.766681	773.590000
82962.716551	771.533000
83249.972423	768.581000
83700.772566	766.695000
83969.733882	763.056000
84398.874863	761.437000
84598.669601	758.249000
84797.368579	756.568000
85021.465027	752.874000
85113.731173	751.774000
85338.737386	747.857000
85442.850947	746.330000
85634.900242	742.696000
85682.014148	741.883000
85907.539990	737.234000
85946.366062	736.508000
86132.677687	732.597000
86189.183184	731.529000
86391.300937	726.956000
86396.993233	726.860000
86600.665998	722.031000
86632.473465	721.468000
86834.388658	716.712000
86837.674900	716.654000
87053.091073	711.800000
87062.493583	711.622000
87290.891528	706.510000
87304.303821	706.200000
87544.488643	701.679000
87550.194178	701.538000
87814.050589	696.486000
87836.825674	695.965000
88093.193361	691.321000
88108.718474	690.946000
88325.985420	686.579000
88359.077153	685.713000
88558.317468	681.456000
88585.195753	680.725000
88786.632056	676.219000
88822.111023	675.264000
88991.084131	671.262000
89028.309464	670.252000
89182.480308	666.365000
89225.126072	665.158000
89380.259312	661.171000
89421.466668	659.955000
89575.290929	655.922000
89624.393829	654.497000
89739.585641	651.291000
89792.384400	649.733000
89927.430999	645.863000
89962.235416	644.808000
90107.744795	640.576000
90145.575408	639.443000
90269.300559	635.831000
90295.966915	635.066000
90460.803528	630.487000
90487.100919	629.762000
90647.333336	625.251000
90666.637710	624.711000
90819.167363	620.156000
90820.271147	620.125000
91015.794311	615.047000
91019.634750	614.938000
91198.289786	609.946000
91205.023284	609.742000
91355.075720	605.275000
91384.024918	604.365000
91518.692450	600.215000
91535.882864	599.676000
91686.071361	594.976000
91717.918942	593.970000
91833.680948	590.322000
91871.041680	589.133000
91992.071777	585.387000
92035.103020	584.004000
92160.836019	580.041000
92211.147123	578.414000
92298.939236	575.583000
92357.193530	573.708000
92456.694107	570.435000
92538.366786	567.944000
92623.680983	565.259000
92686.113531	563.398000
92776.856077	560.510000
92882.242255	557.222000
92942.365156	555.319000
93027.305322	552.740000
93100.111863	550.396000
93215.777907	547.207000
93279.199838	545.240000
93406.878279	541.860000
93457.937330	540.271000
93589.838871	536.643000
93628.318130	535.482000
93768.628311	531.621000
93816.421905	530.132000
93956.163185	526.200000
93980.709807	525.407000
94130.938149	521.262000
94159.222068	520.310000
94316.320697	515.951000
94344.697604	515.009000
94493.732392	510.905000
94502.230675	510.628000
94678.693278	505.892000
94705.385008	504.993000
94856.755481	500.816000
94873.098704	500.264000
95028.151064	495.899000
95038.960397	495.543000
95207.620979	490.828000
95232.115488	490.016000
95374.395843	485.881000
95397.919450	485.093000
95543.252156	481.018000
95554.905615	480.636000
95729.591544	475.799000
95758.480320	474.886000
95900.354522	471.035000
95924.497678	470.271000
96082.311800	465.863000
96097.340598	465.384000
96250.800184	460.935000
96273.619386	460.219000
96417.092935	455.775000
96437.585454	455.120000
96570.288836	450.952000
96585.950635	450.473000
96736.151525	445.844000
96763.347308	445.054000
96899.938116	440.736000
96915.450737	440.307000
97066.812583	435.603000
97073.204727	435.436000
97226.608883	430.860000
97252.838328	430.208000
97413.475377	425.527000
97426.013333	425.214000
97585.437989	420.606000
97590.918949	420.465000
97774.625285	415.453000
97786.052001	415.167000
97966.768716	410.461000
97969.245437	410.396000
98172.609955	405.327000
98180.589091	405.127000
98356.278667	400.448000
98356.704437	400.437000
98567.294666	395.342000
98583.859927	394.906000
98761.655202	390.217000
98766.909314	390.076000
98931.399143	385.599000
98954.404915	384.951000
99129.338181	380.081000
99133.149754	379.967000
99292.363265	375.273000
99307.977017	374.776000
99456.028364	370.228000
99476.336128	369.562000
99617.518674	365.127000
99633.935854	364.580000
99779.030293	360.144000
99797.628035	359.503000
99966.410802	355.093000
99989.183733	354.326000
100167.102979	349.919000
100189.418175	349.213000
100384.309166	344.932000
100412.670201	344.079000
100624.966361	339.886000
100660.362017	338.969000
100872.574434	334.400000
100900.733961	333.681000
101069.526306	329.779000
101113.381771	328.662000
101294.579847	324.327000
101333.525089	323.373000
101511.493410	319.214000
101553.642264	318.264000
101730.399474	314.026000
101790.817950	312.979000
101999.792107	309.113000
102073.268266	307.959000
102282.292230	303.864000
102365.319675	302.446000
102564.684804	298.680000
102609.415805	297.810000
102884.283336	293.920000
102983.660487	292.052000
103501.520661	288.916000
103601.227346	287.172000
103880.223116	292.052000
104188.693398	293.920000
104395.640462	297.810000
104457.114692	298.680000
104650.743367	302.446000
104725.809685	303.864000
104965.582171	307.959000
105024.486605	309.113000
105270.638103	312.979000
105327.233018	314.026000
105571.792239	318.264000
105611.414549	319.214000
105795.937795	323.373000
105836.760536	324.327000
106013.728697	328.662000
106060.418028	329.779000
106213.617693	333.681000
106244.720126	334.400000
106423.664323	338.969000
106466.255434	339.886000
106628.102747	344.079000
106671.291066	344.932000
106813.628220	349.213000
106845.768617	349.919000
106985.064753	354.326000
107016.030050	355.093000
107146.966982	359.503000
107171.499806	360.144000
107300.204306	364.580000
107318.095798	365.127000
107451.204015	369.562000
107472.405272	370.228000
107611.083516	374.776000
107627.262390	375.273000
107774.729090	379.967000
107778.595801	380.081000
107941.423506	384.951000
107964.700048	385.599000
108123.645785	390.076000
108128.826278	390.217000
108303.553462	394.906000
108320.085503	395.342000
108513.663500	400.437000
108514.118160	400.448000
108695.225313	405.127000
108702.735020	405.327000
108904.966226	410.396000
108907.573977	410.461000
109086.888573	415.167000
109097.871356	415.453000
109298.118559	420.465000
109303.286674	420.606000
109482.409098	425.214000
109493.238073	425.527000
109680.746614	430.208000
109703.121183	430.860000
109887.210050	435.436000
109892.808497	435.603000
110072.860271	440.307000
110086.664317	440.736000
110242.803009	445.054000
110267.792990	445.844000
110427.146508	450.473000
110442.689007	450.952000
110578.969553	455.120000
110599.823851	455.775000
110738.860121	460.219000
110761.976021	460.935000
110903.767399	465.384000
110920.289571	465.863000
111058.592159	470.271000
111085.944698	471.035000
111207.640113	474.886000
111241.275830	475.799000
111394.326228	480.636000
111408.121974	481.018000
111532.435705	485.093000
111560.539306	485.881000
111683.978538	490.016000
111711.918477	490.828000
111854.149527	495.543000
111866.884027	495.899000
111999.419805	500.264000
112019.027801	500.816000
112142.697440	504.993000
112175.276338	505.892000
112315.890387	510.628000
112326.211362	510.905000
112452.120942	515.009000
112486.329219	515.951000
112617.640194	520.310000
112651.950333	521.262000
112775.098278	525.407000
112803.839189	526.200000
112925.550814	530.132000
112978.469117	531.621000
113102.398644	535.482000
113144.589817	536.643000
113264.833361	540.271000
113322.603909	541.860000
113431.212839	545.240000
113505.515648	547.207000
113608.338493	550.396000
113693.356119	552.740000
113773.461951	555.319000
113836.137846	557.222000
113940.018088	560.510000
114032.583563	563.398000
114091.057205	565.259000
114181.133180	567.944000
114260.283149	570.435000
114367.595344	573.708000
114424.596132	575.583000
114512.552350	578.414000
114563.007231	580.041000
114685.553576	584.004000
114729.431633	585.387000
114845.986249	589.133000
114884.401835	590.322000
114999.029210	593.970000
115030.952614	594.976000
115179.743500	599.676000
115196.967244	600.215000
115329.323867	604.365000
115358.853374	605.275000
115500.958942	609.742000
115507.811572	609.946000
115672.584227	614.938000
115676.485148	615.047000
115855.400256	620.125000
115856.593879	620.156000
116018.779009	624.711000
116036.861559	625.251000
116198.124583	629.762000
116223.876856	630.487000
116389.967552	635.066000
116417.506318	635.831000
116543.413344	639.443000
116582.223033	640.576000
116723.528555	644.808000
116759.802750	645.863000
116887.473932	649.733000
116941.841529	651.291000
117050.489040	654.497000
117101.689393	655.922000
117240.659215	659.955000
117287.039156	661.171000
117422.149129	665.158000
117469.113218	666.365000
117606.448830	670.252000
117646.508659	671.262000
117794.009435	675.264000
117834.331604	676.219000
118001.732886	680.725000
118034.411523	681.456000
118190.938003	685.713000
118231.469390	686.579000
118398.341903	690.946000
118416.998899	691.321000
118609.261900	695.965000
118638.023218	696.486000
118858.867230	701.538000
118866.231394	701.679000
119049.172692	706.200000
119065.641901	706.510000
119286.814952	711.622000
119294.767776	711.800000
119551.171053	716.654000
119553.745041	716.712000
119823.216857	721.468000
119847.118928	722.031000
120119.939991	726.860000
120123.988983	726.956000
120395.143861	731.529000
120442.347395	732.597000
120649.269677	736.508000
120683.854755	737.234000
120932.480663	741.883000
120971.919792	742.696000
121182.512576	746.330000
121263.211330	747.857000
121530.279319	751.774000
121593.467176	752.874000
121903.313669	756.568000
122005.291506	758.249000
122382.122167	761.437000
122483.586308	763.056000
123448.159518	766.695000
123587.555243	768.581000
124293.155466	771.533000
124493.319873	773.590000
125080.080594	776.646000
125386.073080	778.612000
126374.688260	781.338000
127176.955801	783.938000
128820.370002	778.612000
129533.362461	776.646000
130009.004902	773.590000
130403.954772	771.533000
130691.210644	768.581000
131142.010786	766.695000
131410.972103	763.056000
131840.113083	761.437000
132039.907822	758.249000
132238.606799	756.568000
132462.703248	752.874000
132554.969393	751.774000
132779.975606	747.857000
132884.089168	746.330000
133076.138463	742.696000
133123.252368	741.883000
133348.778210	737.234000
133387.604282	736.508000
133573.915908	732.597000
133630.421404	731.529000
133832.539157	726.956000
133838.231453	726.860000
134041.904218	722.031000
134073.711685	721.468000
134275.626878	716.712000
134278.913120	716.654000
134494.329293	711.800000
134503.731803	711.622000
134732.129748	706.510000
134745.542042	706.200000
134985.726864	701.679000
134991.432398	701.538000
135255.288810	696.486000
135278.063895	695.965000
135534.431581	691.321000
135549.956694	690.946000
135767.223641	686.579000
135800.315373	685.713000
135999.555689	681.456000
136026.433973	680.725000
136227.870276	676.219000
136263.349243	675.264000
136432.322351	671.262000
136469.547685	670.252000
136623.718529	666.365000
136666.364293	665.158000
136821.497532	661.171000
136862.704888	659.955000
137016.529149	655.922000
137065.632050	654.497000
137180.823861	651.291000
137233.622621	649.733000
137368.669219	645.863000
137403.473637	644.808000
137548.983015	640.576000
137586.813629	639.443000
137710.538780	635.831000
137737.205135	635.066000
137902.041749	630.487000
137928.339140	629.762000
138088.571556	625.251000
138107.875931	624.711000
138260.405583	620.156000
138261.509368	620.125000
138457.032532	615.047000
138460.872970	614.938000
138639.528007	609.946000
138646.261505	609.742000
138796.313940	605.275000
138825.263138	604.365000
138959.930670	600.215000
138977.121085	599.676000
139127.309582	594.976000
139159.157163	593.970000
139274.919169	590.322000
139312.279900	589.133000
139433.309998	585.387000
139476.341240	584.004000
139602.074240	580.041000
139652.385343	578.414000
139740.177456	575.583000
139798.431751	573.708000
139897.932328	570.435000
139979.605006	567.944000
140064.919204	565.259000
140127.351751	563.398000
140218.094297	560.510000
140323.480475	557.222000
140383.603377	555.319000
140468.543542	552.740000
140541.350083	550.396000
140657.016128	547.207000
140720.438058	545.240000
140848.116500	541.860000
140899.175550	540.271000
141031.077091	536.643000
141069.556351	535.482000
141209.866531	531.621000
141257.660125	530.132000
141397.401406	526.200000
141421.948028	525.407000
141572.176370	521.262000
141600.460289	520.310000
141757.558917	515.951000
141785.935824	515.009000
141934.970612	510.905000
141943.468895	510.628000
142119.931499	505.892000
142146.623228	504.993000
142297.993702	500.816000
142314.336924	500.264000
142469.389284	495.899000
142480.198617	495.543000
142648.859199	490.828000
142673.353709	490.016000
142815.634063	485.881000
142839.157670	485.093000
142984.490377	481.018000
142996.143836	480.636000
143170.829764	475.799000
143199.718541	474.886000
143341.592742	471.035000
143365.735899	470.271000
143523.550021	465.863000
143538.578818	465.384000
143692.038405	460.935000
143714.857606	460.219000
143858.331155	455.775000
143878.823675	455.120000
144011.527056	450.952000
144027.188856	450.473000
144177.389745	445.844000
144204.585528	445.054000
144341.176336	440.736000
144356.688957	440.307000
144508.050803	435.603000
144514.442947	435.436000
144667.847103	430.860000
144694.076549	430.208000
144854.713598	425.527000
144867.251554	425.214000
145026.676210	420.606000
145032.157170	420.465000
145215.863506	415.453000
145227.290221	415.167000
145408.006936	410.461000
145410.483657	410.396000
145613.848175	405.327000
145621.827312	405.127000
145797.516888	400.448000
145797.942658	400.437000
146008.532886	395.342000
146025.098148	394.906000
146202.893422	390.217000
146208.147534	390.076000
146372.637364	385.599000
146395.643135	384.951000
146570.576402	380.081000
146574.387974	379.967000
146733.601486	375.273000
146749.215237	374.776000
146897.266585	370.228000
146917.574349	369.562000
147058.756894	365.127000
147075.174075	364.580000
147220.268514	360.144000
147238.866256	359.503000
147407.649022	355.093000
147430.421954	354.326000
147608.341199	349.919000
147630.656396	349.213000
147825.547387	344.932000
147853.908422	344.079000
148066.204582	339.886000
148101.600238	338.969000
148313.812655	334.400000
148341.972181	333.681000
148510.764527	329.779000
148554.619992	328.662000
148735.818067	324.327000
148774.763309	323.373000
148952.731630	319.214000
148994.880484	318.264000
149171.637694	314.026000
149232.056171	312.979000
149441.030328	309.113000
149514.506486	307.959000
149723.530450	303.864000
149806.557895	302.446000
150005.923025	298.680000
150050.654025	297.810000
150325.521557	293.920000
150424.898707	292.052000
150942.758881	288.916000
151042.465566	287.172000
151321.461336	292.052000
151629.931618	293.920000
151836.878683	297.810000
151898.352912	298.680000
152091.981587	302.446000
152167.047906	303.864000
152406.820392	307.959000
152465.724825	309.113000
152711.876324	312.979000
152768.471239	314.026000
153013.030459	318.264000
153052.652769	319.214000
153237.176016	323.373000
153277.998756	324.327000
153454.966917	328.662000
153501.656248	329.779000
153654.855913	333.681000
153685.958347	334.400000
153864.902544	338.969000
153907.493655	339.886000
154069.340967	344.079000
154112.529287	344.932000
154254.866441	349.213000
154287.006838	349.919000
154426.302974	354.326000
154457.268270	355.093000
154588.205202	359.503000
154612.738026	360.144000
154741.442526	364.580000
154759.334018	365.127000
154892.442236	369.562000
154913.643493	370.228000
155052.321736	374.776000
155068.500611	375.273000
155215.967310	379.967000
155219.834021	380.081000
155382.661727	384.951000
155405.938268	385.599000
155564.884006	390.076000
155570.064499	390.217000
155744.791683	394.906000
155761.323724	395.342000
155954.901721	400.437000
155955.356381	400.448000
156136.463534	405.127000
156143.973240	405.327000
156346.204446	410.396000
156348.812198	410.461000
156528.126793	415.167000
156539.109577	415.453000
156739.356779	420.465000
156744.524894	420.606000
156923.647318	425.214000
156934.476294	425.527000
157121.984834	430.208000
157144.359403	430.860000
157328.448270	435.436000
157334.046717	435.603000
157514.098492	440.307000
157527.902538	440.736000
157684.041230	445.054000
157709.031211	445.844000
157868.384729	450.473000
157883.927227	450.952000
158020.207773	455.120000
158041.062071	455.775000
158180.098341	460.219000
158203.214242	460.935000
158345.005620	465.384000
158361.527791	465.863000
158499.830380	470.271000
158527.182918	471.035000
158648.878334	474.886000
158682.514050	475.799000
158835.564449	480.636000
158849.360195	481.018000
158973.673926	485.093000
159001.777527	485.881000
159125.216759	490.016000
159153.156698	490.828000
159295.387747	495.543000
159308.122247	495.899000
159440.658026	500.264000
159460.266022	500.816000
159583.935660	504.993000
159616.514558	505.892000
159757.128607	510.628000
159767.449583	510.905000
159893.359162	515.009000
159927.567440	515.951000
160058.878415	520.310000
160093.188553	521.262000
160216.336499	525.407000
160245.077409	526.200000
160366.789035	530.132000
160419.707337	531.621000
160543.636865	535.482000
160585.828038	536.643000
160706.071581	540.271000
160763.842130	541.860000
160872.451060	545.240000
160946.753869	547.207000
161049.576714	550.396000
161134.594339	552.740000
161214.700171	555.319000
161277.376067	557.222000
161381.256308	560.510000
161473.821783	563.398000
161532.295425	565.259000
161622.371400	567.944000
161701.521369	570.435000
161808.833564	573.708000
161865.834353	575.583000
161953.790570	578.414000
162004.245451	580.041000
162126.791797	584.004000
162170.669853	585.387000
162287.224469	589.133000
162325.640056	590.322000
162440.267431	593.970000
162472.190835	594.976000
162620.981720	599.676000
162638.205465	600.215000
162770.562088	604.365000
162800.091595	605.275000
162942.197163	609.742000
162949.049793	609.946000
163113.822448	614.938000
163117.723369	615.047000
163296.638477	620.125000
163297.832100	620.156000
163460.017230	624.711000
163478.099779	625.251000
163639.362804	629.762000
163665.115077	630.487000
163831.205772	635.066000
163858.744538	635.831000
163984.651564	639.443000
164023.461253	640.576000
164164.766776	644.808000
164201.040971	645.863000
164328.712152	649.733000
164383.079749	651.291000
164491.727260	654.497000
164542.927614	655.922000
164681.897435	659.955000
164728.277376	661.171000
164863.387350	665.158000
164910.351438	666.365000
165047.687051	670.252000
165087.746879	671.262000
165235.247656	675.264000
165275.569824	676.219000
165442.971107	680.725000
165475.649744	681.456000
165632.176223	685.713000
165672.707610	686.579000
165839.580123	690.946000
165858.237120	691.321000
166050.500120	695.965000
166079.261439	696.486000
166300.105451	701.538000
166307.469614	701.679000
166490.410912	706.200000
166506.880122	706.510000
166728.053173	711.622000
166736.005996	711.800000
166992.409273	716.654000
166994.983262	716.712000
167264.455077	721.468000
167288.357149	722.031000
167561.178211	726.860000
167565.227204	726.956000
167836.382082	731.529000
167883.585616	732.597000
168090.507897	736.508000
168125.092975	737.234000
168373.718884	741.883000
168413.158012	742.696000
168623.750796	746.330000
168704.449551	747.857000
168971.517540	751.774000
169034.705396	752.874000
169344.551890	756.568000
169446.529726	758.249000
169823.360387	761.437000
169924.824528	763.056000
170889.397739	766.695000
171028.793464	768.581000
171734.393687	771.533000
171934.558093	773.590000
172521.318814	776.646000
172827.311300	778.612000
173815.926480	781.338000
174618.194021	783.938000
176261.608223	778.612000
176974.600682	776.646000
177450.243122	773.590000
177845.192992	771.533000
178132.448864	768.581000
178583.249007	766.695000
178852.210323	763.056000
179281.351304	761.437000
179481.146042	758.249000
179679.845020	756.568000
179903.941468	752.874000
179996.207614	751.774000
180221.213827	747.857000
180325.327388	746.330000
180517.376683	742.696000
180564.490589	741.883000
180790.016431	737.234000
180828.842503	736.508000
181015.154128	732.597000
181071.659625	731.529000
181273.777378	726.956000
181279.469674	726.860000
181483.142439	722.031000
181514.949906	721.468000
181716.865099	716.712000
181720.151341	716.654000
181935.567514	711.800000
181944.970024	711.622000
182173.367969	706.510000
182186.780262	706.200000
182426.965084	701.679000
182432.670619	701.538000
182696.527030	696.486000
182719.302115	695.965000
182975.669802	691.321000
182991.194915	690.946000
183208.461861	686.579000
183241.553594	685.713000
183440.793909	681.456000
183467.672194	680.725000
183669.108497	676.219000
183704.587464	675.264000
183873.560572	671.262000
183910.785905	670.252000
184064.956749	666.365000
184107.602513	665.158000
184262.735753	661.171000
184303.943109	659.955000
184457.767370	655.922000
184506.870270	654.497000
184622.062082	651.291000
184674.860841	649.733000
184809.907440	645.863000
184844.711857	644.808000
184990.221236	640.576000
185028.051849	639.443000
185151.777000	635.831000
185178.443356	635.066000
185343.279969	630.487000
185369.577360	629.762000
185529.809777	625.251000
185549.114151	624.711000
185701.643804	620.156000
185702.747588	620.125000
185898.270752	615.047000
185902.111191	614.938000
186080.766228	609.946000
186087.499725	609.742000
186237.552161	605.275000
186266.501359	604.365000
186401.168891	600.215000
186418.359305	599.676000
186568.547803	594.976000
186600.395383	593.970000
186716.157389	590.322000
186753.518121	589.133000
186874.548218	585.387000
186917.579461	584.004000
187043.312460	580.041000
187093.623564	578.414000
187181.415677	575.583000
187239.669971	573.708000
187339.170548	570.435000
187420.843227	567.944000
187506.157424	565.259000
187568.589972	563.398000
187659.332518	560.510000
187764.718696	557.222000
187824.841597	555.319000
187909.781763	552.740000
187982.588304	550.396000
188098.254348	547.207000
188161.676279	545.240000
188289.354720	541.860000
188340.413771	540.271000
188472.315312	536.643000
188510.794571	535.482000
188651.104752	531.621000
188698.898346	530.132000
188838.639626	526.200000
188863.186248	525.407000
189013.414590	521.262000
189041.698509	520.310000
189198.797138	515.951000
189227.174045	515.009000
189376.208833	510.905000
189384.707116	510.628000
189561.169719	505.892000
189587.861449	504.993000
189739.231922	500.816000
189755.575145	500.264000
189910.627505	495.899000
189921.436838	495.543000
190090.097420	490.828000
190114.591929	490.016000
190256.872284	485.881000
190280.395891	485.093000
190425.728597	481.018000
190437.382056	480.636000
190612.067985	475.799000
190640.956762	474.886000
190782.830963	471.035000
190806.974119	470.271000
190964.788241	465.863000
190979.817039	465.384000
191133.276625	460.935000
191156.095827	460.219000
191299.569376	455.775000
191320.061895	455.120000
191452.765277	450.952000
191468.427076	450.473000
191618.627966	445.844000
191645.823749	445.054000
191782.414557	440.736000
191797.927178	440.307000
191949.289024	435.603000
191955.681168	435.436000
192109.085324	430.860000
192135.314769	430.208000
192295.951818	425.527000
192308.489774	425.214000
192467.914430	420.606000
192473.395390	420.465000
192657.101726	415.453000
192668.528442	415.167000
192849.245157	410.461000
192851.721878	410.396000
193055.086396	405.327000
193063.065532	405.127000
193238.755108	400.448000
193239.180878	400.437000
193449.771107	395.342000
193466.336368	394.906000
193644.131643	390.217000
193649.385755	390.076000
193813.875584	385.599000
193836.881356	384.951000
194011.814622	380.081000
194015.626195	379.967000
194174.839706	375.273000
194190.453458	374.776000
194338.504805	370.228000
194358.812569	369.562000
194499.995115	365.127000
194516.412295	364.580000
194661.506734	360.144000
194680.104476	359.503000
194848.887243	355.093000
194871.660174	354.326000
195049.579420	349.919000
195071.894616	349.213000
195266.785607	344.932000
195295.146642	344.079000
195507.442802	339.886000
195542.838458	338.969000
195755.050875	334.400000
195783.210402	333.681000
195952.002747	329.779000
195995.858212	328.662000
196177.056288	324.327000
196216.001530	323.373000
196393.969851	319.214000
196436.118705	318.264000
196612.875915	314.026000
196673.294391	312.979000
196882.268548	309.113000
196955.744707	307.959000
197164.768671	303.864000
197247.796116	302.446000
197447.161245	298.680000
197491.892246	297.810000
197766.759777	293.920000
197866.136928	292.052000
198383.997102	288.916000
198483.703787	287.172000
198762.699557	292.052000
199071.169839	293.920000
199278.116903	297.810000
199339.591133	298.680000
199533.219808	302.446000
199608.286126	303.864000
199848.058612	307.959000
