0.000000	500.000000
132.718593	495.899000
142.799842	495.543000
296.276576	490.828000
319.140507	490.016000
449.451034	485.881000
471.437926	485.093000
603.754565	481.018000
614.616410	480.636000
773.313220	475.799000
800.106782	474.886000
928.540531	471.035000
950.936670	470.271000
1094.522238	465.863000
1108.477382	465.384000
1248.971187	460.935000
1270.113965	460.219000
1402.801863	455.775000
1421.837831	455.120000
1544.809419	450.952000
1559.267018	450.473000
1698.074981	445.844000
1722.980930	445.054000
1849.670094	440.736000
1863.759739	440.307000
2003.810255	435.603000
2009.555823	435.436000
2150.632441	430.860000
2173.975465	430.208000
2321.161650	425.527000
2332.329764	425.214000
2478.213220	420.606000
2483.125005	420.465000
2649.580459	415.453000
2659.764185	415.167000
2822.099163	410.461000
2824.327287	410.396000
3005.415306	405.327000
3012.528595	405.127000
3171.020816	400.448000
3171.402691	400.437000
3357.744596	395.342000
3372.655318	394.906000
3532.753230	390.217000
3537.499734	390.076000
3686.479321	385.599000
3707.440906	384.951000
3866.511182	380.081000
3870.017887	379.967000
4016.170368	375.273000
4030.666091	374.776000
4167.422780	370.228000
4186.352210	369.562000
4317.183988	365.127000
4332.518238	364.580000
4466.449709	360.144000
4483.893631	359.503000
4635.606435	355.093000
4656.906192	354.326000
4815.129439	349.919000
4835.829257	349.213000
5004.426726	344.932000
5030.541582	344.079000
5208.957348	339.886000
5240.721031	338.969000
5423.366186	334.400000
5448.564004	333.681000
5596.400290	329.779000
5635.623846	328.662000
5795.564976	324.327000
5830.117844	323.373000
5986.381736	319.214000
6023.076510	318.264000
6179.172837	314.026000
6227.857123	312.979000
6399.984216	309.113000
6457.055054	307.959000
6632.300332	303.864000
6698.858757	302.446000
6864.160609	298.680000
6901.581959	297.810000
7105.901559	293.920000
7188.172030	292.052000
7410.569984	288.916000
7491.173326	287.172000
7716.714786	292.052000
7849.189078	293.920000
8020.512489	297.810000
8066.208646	298.680000
8228.195777	302.446000
8290.436358	303.864000
8482.648452	307.959000
8532.033812	309.113000
8723.226065	312.979000
8769.841964	314.026000
8966.904049	318.264000
9001.894967	319.214000
9162.540827	323.373000
9198.384961	324.327000
9355.394063	328.662000
9396.606114	329.779000
9533.625197	333.681000
9560.866174	334.400000
9720.989721	338.969000
9757.646672	339.886000
9902.886716	344.079000
9939.182602	344.932000
10070.246727	349.213000
10098.050935	349.919000
10227.263541	354.326000
10254.800920	355.093000
10377.267583	359.503000
10399.319262	360.144000
10520.038822	364.580000
10536.553817	365.127000
10660.881779	369.562000
10680.528671	370.228000
10809.794508	374.776000
10824.739115	375.273000
10961.646407	379.967000
10965.195914	380.081000
11114.999888	384.951000
11136.165707	385.599000
11280.988259	390.076000
11285.680268	390.217000
11443.526772	394.906000
11458.413249	395.342000
11632.656663	400.437000
11633.058971	400.448000
11795.494907	405.127000
11802.269527	405.327000
11982.555841	410.396000
11984.877940	410.461000
12146.194160	415.167000
12156.059821	415.453000
12334.524292	420.465000
12339.207097	420.606000
12499.728413	425.214000
12509.637597	425.527000
12676.659788	430.208000
12697.160833	430.860000
12860.991628	435.436000
12866.140185	435.603000
13027.979396	440.307000
13040.751860	440.736000
13182.567914	445.054000
13205.746339	445.844000
13351.682589	450.473000
13366.046169	450.952000
13491.848404	455.120000
13511.173354	455.775000
13640.327307	460.219000
13661.705465	460.935000
13793.080071	465.384000
13808.206287	465.863000
13936.628570	470.271000
13961.514998	471.035000
14074.404438	474.886000
14104.853675	475.799000
14246.803797	480.636000
14259.336809	481.018000
14375.205967	485.093000
14400.792595	485.881000
14516.167975	490.016000
14541.757370	490.828000
14674.520223	495.543000
14686.108286	495.899000
14809.716856	500.264000
14827.580953	500.816000
14943.291147	504.993000
14972.870249	505.892000
15104.388267	510.628000
15113.712271	510.905000
15230.981325	515.009000
15262.028416	515.951000
15384.619829	520.310000
15415.800750	521.262000
15530.973033	525.407000
15557.067007	526.200000
15670.291591	530.132000
15718.499344	531.621000
15833.208255	535.482000
15871.495739	536.643000
15982.269343	540.271000
16034.690625	541.860000
16135.203111	545.240000
16202.157583	547.207000
16297.268494	550.396000
16374.446181	552.740000
16448.931605	555.319000
16506.726034	557.222000
16603.092498	560.510000
16688.788483	563.398000
16743.074014	565.259000
16825.902272	567.944000
16899.268663	570.435000
16998.289442	573.708000
17051.442374	575.583000
17133.224481	578.414000
17180.149505	580.041000
17294.166200	584.004000
17334.846613	585.387000
17443.198177	589.133000
17478.721986	590.322000
17585.138631	593.970000
17614.734773	594.976000
17752.724541	599.676000
17768.676940	600.215000
17891.297529	604.365000
17918.586916	605.275000
18050.286544	609.742000
18056.586535	609.946000
18208.476261	614.938000
18212.025704	615.047000
18375.252705	620.125000
18376.324365	620.156000
18524.025517	624.711000
18540.657816	625.251000
18687.418628	629.762000
18710.880694	630.487000
18861.653840	635.066000
18886.685996	635.831000
19001.757416	639.443000
19037.327840	640.576000
19167.357958	644.808000
19200.584452	645.863000
19318.282821	649.733000
19367.962657	651.291000
19467.711033	654.497000
19514.266399	655.922000
19641.515475	659.955000
19683.232183	661.171000
19807.276203	665.158000
19849.355233	666.365000
19974.589803	670.252000
20010.345224	671.262000
20143.862124	675.264000
20179.374267	676.219000
20330.686447	680.725000
20359.084150	681.456000
20500.831792	685.713000
20535.646489	686.579000
20685.687778	690.946000
20701.447142	691.321000
20871.511751	695.965000
20895.039758	696.486000
21087.989711	701.538000
21094.121217	701.679000
21256.732348	706.200000
21270.372471	706.510000
21464.078367	711.622000
21470.990318	711.800000
21683.729217	716.654000
21685.969985	716.712000
21904.487989	721.468000
21925.512753	722.031000
22146.964511	726.860000
22150.531355	726.956000
22366.916984	731.529000
22408.050246	732.597000
22579.648821	736.508000
22609.216767	737.234000
22814.704073	741.883000
22848.255476	742.696000
23017.695974	746.330000
23084.642279	747.857000
23286.297039	751.774000
23337.294147	752.874000
23549.050056	756.568000
23629.747881	758.249000
23838.269658	761.437000
23917.571081	763.056000
24191.566180	766.695000
24293.069336	768.581000
24513.304941	771.533000
24639.007518	773.590000
24861.130246	776.646000
24998.965782	778.612000
25208.187511	781.338000
25406.055688	783.938000
25658.722568	786.666000
25845.290435	789.177000
26106.698571	791.687000
26294.019901	793.950000
26611.894617	796.300000
26880.101100	799.545000
27542.779837	801.682000
27769.249323	804.383000
28174.898849	799.545000
29181.165813	796.300000
29375.398551	793.950000
29681.505139	791.687000
29889.272059	789.177000
30150.784341	786.666000
30353.475358	783.938000
30594.286900	781.338000
30801.744073	778.612000
30952.635460	776.646000
31166.890494	773.590000
31316.401768	771.533000
31496.797493	768.581000
31637.503573	766.695000
31833.351921	763.056000
31955.253011	761.437000
32111.406771	758.249000
32221.358185	756.568000
32398.691777	752.874000
32461.748490	751.774000
32643.344556	747.857000
32721.957479	746.330000
32881.278284	742.696000
32919.185584	741.883000
33111.043481	737.234000
33143.132917	736.508000
33302.416990	732.597000
33349.276432	731.529000
33525.402281	726.956000
33529.944817	726.860000
33709.364503	722.031000
33735.182963	721.468000
33912.791803	716.712000
33915.456657	716.654000
34102.985727	711.800000
34110.787030	711.622000
34309.292031	706.510000
34321.038672	706.200000
34519.964470	701.679000
34525.035952	701.538000
34744.726509	696.486000
34764.624950	695.965000
34974.344846	691.321000
34988.077453	690.946000
35171.600490	686.579000
35201.354499	685.713000
35372.493257	681.456000
35396.833761	680.725000
35571.881709	676.219000
35603.950757	675.264000
35752.767091	671.262000
35786.463260	670.252000
35924.068530	666.365000
35962.956651	665.158000
36101.953412	661.171000
36139.785749	659.955000
36278.143878	655.922000
36323.105429	654.497000
36427.846835	651.291000
36476.320937	649.733000
36599.723352	645.863000
36631.809083	644.808000
36765.092988	640.576000
36799.904926	639.443000
36913.303313	635.831000
36937.674752	635.066000
37087.507749	630.487000
37111.379889	629.762000
37257.362479	625.251000
37274.930832	624.711000
37415.227355	620.156000
37416.232566	620.125000
37591.777321	615.047000
37595.281012	614.938000
37757.839006	609.946000
37764.046038	609.742000
37901.997314	605.275000
37928.826654	604.365000
38053.278253	600.215000
38069.204156	599.676000
38208.306709	594.976000
38237.842391	593.970000
38345.165180	590.322000
38379.849772	589.133000
38491.769189	585.387000
38531.771915	584.004000
38648.342037	580.041000
38695.151314	578.414000
38776.801433	575.583000
38830.966552	573.708000
38923.750310	570.435000
38999.112596	567.944000
39078.192788	565.259000
39135.601871	563.398000
39219.845080	560.510000
39317.410316	557.222000
39373.184459	555.319000
39451.509122	552.740000
39519.207389	550.396000
39624.207237	547.207000
39682.872387	545.240000
39797.923793	541.860000
39845.176557	540.271000
39964.864669	536.643000
40000.313443	535.482000
40127.641590	531.621000
40171.879240	530.132000
40299.181380	526.200000
40322.016348	525.407000
40458.409193	521.262000
40484.861307	520.310000
40627.631929	515.951000
40654.124499	515.009000
40789.386984	510.905000
40797.302074	510.628000
40956.718984	505.892000
40981.684081	504.993000
41119.116684	500.816000
41134.408048	500.264000
41275.670340	495.899000
41285.751589	495.543000
41439.228323	490.828000
41462.092254	490.016000
41592.402781	485.881000
41614.389673	485.093000
41746.706312	481.018000
41757.568157	480.636000
41916.264967	475.799000
41943.058529	474.886000
42071.492278	471.035000
42093.888417	470.271000
42237.473985	465.863000
42251.429129	465.384000
42391.922934	460.935000
42413.065711	460.219000
42545.753610	455.775000
42564.789577	455.120000
42687.761166	450.952000
42702.218764	450.473000
42841.026728	445.844000
42865.932677	445.054000
42992.621841	440.736000
43006.711486	440.307000
43146.762002	435.603000
43152.507569	435.436000
43293.584188	430.860000
43316.927212	430.208000
43464.113396	425.527000
43475.281511	425.214000
43621.164967	420.606000
43626.076752	420.465000
43792.532205	415.453000
43802.715932	415.167000
43965.050909	410.461000
43967.279034	410.396000
44148.367053	405.327000
44155.480342	405.127000
44313.972563	400.448000
44314.354438	400.437000
44500.696343	395.342000
44515.607065	394.906000
44675.704977	390.217000
44680.451481	390.076000
44829.431068	385.599000
44850.392652	384.951000
45009.462929	380.081000
45012.969634	379.967000
45159.122115	375.273000
45173.617838	374.776000
45310.374527	370.228000
45329.303957	369.562000
45460.135735	365.127000
45475.469985	364.580000
45609.401455	360.144000
45626.845377	359.503000
45778.558182	355.093000
45799.857939	354.326000
45958.081185	349.919000
45978.781004	349.213000
46147.378472	344.932000
46173.493328	344.079000
46351.909095	339.886000
46383.672777	338.969000
46566.317933	334.400000
46591.515751	333.681000
46739.352037	329.779000
46778.575593	328.662000
46938.516723	324.327000
46973.069591	323.373000
47129.333482	319.214000
47166.028257	318.264000
47322.124584	314.026000
47370.808870	312.979000
47542.935962	309.113000
47600.006801	307.959000
47775.252079	303.864000
47841.810503	302.446000
48007.112356	298.680000
48044.533706	297.810000
48248.853306	293.920000
48331.123776	292.052000
48553.521731	288.916000
48634.125073	287.172000
48859.666533	292.052000
48992.140825	293.920000
49163.464236	297.810000
49209.160393	298.680000
49371.147524	302.446000
49433.388105	303.864000
49625.600198	307.959000
49674.985559	309.113000
49866.177812	312.979000
49912.793711	314.026000
50109.855796	318.264000
50144.846714	319.214000
50305.492574	323.373000
50341.336708	324.327000
50498.345809	328.662000
50539.557860	329.779000
50676.576944	333.681000
50703.817921	334.400000
50863.941468	338.969000
50900.598419	339.886000
51045.838463	344.079000
51082.134349	344.932000
51213.198474	349.213000
51241.002682	349.919000
51370.215288	354.326000
51397.752667	355.093000
51520.219329	359.503000
51542.271009	360.144000
51662.990569	364.580000
51679.505563	365.127000
51803.833526	369.562000
51823.480418	370.228000
51952.746255	374.776000
51967.690862	375.273000
52104.598154	379.967000
52108.147660	380.081000
52257.951635	384.951000
52279.117454	385.599000
52423.940006	390.076000
52428.632014	390.217000
52586.478519	394.906000
52601.364996	395.342000
52775.608410	400.437000
52776.010718	400.448000
52938.446654	405.127000
52945.221273	405.327000
53125.507588	410.396000
53127.829687	410.461000
53289.145907	415.167000
53299.011568	415.453000
53477.476039	420.465000
53482.158844	420.606000
53642.680160	425.214000
53652.589344	425.527000
53819.611535	430.208000
53840.112580	430.860000
54003.943375	435.436000
54009.091932	435.603000
54170.931143	440.307000
54183.703607	440.736000
54325.519661	445.054000
54348.698086	445.844000
54494.634335	450.473000
54508.997916	450.952000
54634.800151	455.120000
54654.125101	455.775000
54783.279054	460.219000
54804.657212	460.935000
54936.031818	465.384000
54951.158034	465.863000
55079.580317	470.271000
55104.466745	471.035000
55217.356185	474.886000
55247.805422	475.799000
55389.755544	480.636000
55402.288556	481.018000
55518.157713	485.093000
55543.744342	485.881000
55659.119722	490.016000
55684.709117	490.828000
55817.471970	495.543000
55829.060033	495.899000
55952.668603	500.264000
55970.532700	500.816000
56086.242894	504.993000
56115.821996	505.892000
56247.340014	510.628000
56256.664018	510.905000
56373.933072	515.009000
56404.980163	515.951000
56527.571576	520.310000
56558.752497	521.262000
56673.924779	525.407000
56700.018754	526.200000
56813.243337	530.132000
56861.451091	531.621000
56976.160002	535.482000
57014.447486	536.643000
57125.221090	540.271000
57177.642372	541.860000
57278.154858	545.240000
57345.109330	547.207000
57440.220241	550.396000
57517.397928	552.740000
57591.883351	555.319000
57649.677781	557.222000
57746.044244	560.510000
57831.740230	563.398000
57886.025761	565.259000
57968.854019	567.944000
58042.220410	570.435000
58141.241189	573.708000
58194.394121	575.583000
58276.176228	578.414000
58323.101252	580.041000
58437.117947	584.004000
58477.798360	585.387000
58586.149924	589.133000
58621.673733	590.322000
58728.090378	593.970000
58757.686520	594.976000
58895.676288	599.676000
58911.628687	600.215000
59034.249276	604.365000
59061.538663	605.275000
59193.238291	609.742000
59199.538282	609.946000
59351.428008	614.938000
59354.977451	615.047000
59518.204452	620.125000
59519.276112	620.156000
59666.977264	624.711000
59683.609563	625.251000
59830.370375	629.762000
59853.832441	630.487000
60004.605586	635.066000
60029.637743	635.831000
60144.709163	639.443000
60180.279587	640.576000
60310.309705	644.808000
60343.536199	645.863000
60461.234568	649.733000
60510.914404	651.291000
60610.662780	654.497000
60657.218146	655.922000
60784.467221	659.955000
60826.183930	661.171000
60950.227950	665.158000
60992.306979	666.365000
61117.541550	670.252000
61153.296971	671.262000
61286.813871	675.264000
61322.326014	676.219000
61473.638194	680.725000
61502.035897	681.456000
61643.783539	685.713000
61678.598236	686.579000
61828.639525	690.946000
61844.398888	691.321000
62014.463498	695.965000
62037.991505	696.486000
62230.941458	701.538000
62237.072964	701.679000
62399.684095	706.200000
62413.324218	706.510000
62607.030114	711.622000
62613.942065	711.800000
62826.680964	716.654000
62828.921732	716.712000
63047.439736	721.468000
63068.464500	722.031000
63289.916258	726.860000
63293.483102	726.956000
63509.868731	731.529000
63551.001992	732.597000
63722.600568	736.508000
63752.168514	737.234000
63957.655820	741.883000
63991.207222	742.696000
64160.647721	746.330000
64227.594025	747.857000
64429.248786	751.774000
64480.245894	752.874000
64692.001802	756.568000
64772.699628	758.249000
64981.221404	761.437000
65060.522828	763.056000
65334.517927	766.695000
65436.021083	768.581000
65656.256688	771.533000
65781.959264	773.590000
66004.081993	776.646000
66141.917528	778.612000
66351.139258	781.338000
66549.007435	783.938000
66801.674315	786.666000
66988.242182	789.177000
67249.650317	791.687000
67436.971648	793.950000
67754.846364	796.300000
68023.052847	799.545000
68685.731584	801.682000
68912.201069	804.383000
69317.850596	799.545000
70324.117560	796.300000
70518.350298	793.950000
70824.456886	791.687000
71032.223806	789.177000
71293.736088	786.666000
71496.427104	783.938000
71737.238646	781.338000
71944.695820	778.612000
72095.587207	776.646000
72309.842241	773.590000
72459.353514	771.533000
72639.749239	768.581000
72780.455320	766.695000
72976.303668	763.056000
73098.204758	761.437000
73254.358518	758.249000
73364.309931	756.568000
73541.643524	752.874000
73604.700237	751.774000
73786.296303	747.857000
73864.909226	746.330000
74024.230031	742.696000
74062.137330	741.883000
74253.995228	737.234000
74286.084663	736.508000
74445.368737	732.597000
74492.228179	731.529000
74668.354027	726.956000
74672.896564	726.860000
74852.316250	722.031000
74878.134709	721.468000
75055.743550	716.712000
75058.408404	716.654000
75245.937474	711.800000
75253.738777	711.622000
75452.243778	706.510000
75463.990419	706.200000
75662.916217	701.679000
75667.987699	701.538000
75887.678256	696.486000
75907.576697	695.965000
76117.296592	691.321000
76131.029200	690.946000
76314.552237	686.579000
76344.306246	685.713000
76515.445004	681.456000
76539.785508	680.725000
76714.833456	676.219000
76746.902504	675.264000
76895.718838	671.262000
76929.415007	670.252000
77067.020277	666.365000
77105.908398	665.158000
77244.905158	661.171000
77282.737496	659.955000
77421.095625	655.922000
77466.057175	654.497000
77570.798581	651.291000
77619.272683	649.733000
77742.675099	645.863000
77774.760830	644.808000
77908.044735	640.576000
77942.856673	639.443000
78056.255060	635.831000
78080.626498	635.066000
78230.459496	630.487000
78254.331636	629.762000
78400.314226	625.251000
78417.882579	624.711000
78558.179102	620.156000
78559.184313	620.125000
78734.729068	615.047000
78738.232759	614.938000
78900.790753	609.946000
78906.997785	609.742000
79044.949061	605.275000
79071.778401	604.365000
79196.229999	600.215000
79212.155902	599.676000
79351.258456	594.976000
79380.794138	593.970000
79488.116927	590.322000
79522.801519	589.133000
79634.720936	585.387000
79674.723662	584.004000
79791.293784	580.041000
79838.103060	578.414000
79919.753180	575.583000
79973.918298	573.708000
80066.702057	570.435000
80142.064342	567.944000
80221.144535	565.259000
80278.553618	563.398000
80362.796827	560.510000
80460.362063	557.222000
80516.136206	555.319000
80594.460868	552.740000
80662.159136	550.396000
80767.158984	547.207000
80825.824134	545.240000
80940.875540	541.860000
80988.128303	540.271000
81107.816416	536.643000
81143.265190	535.482000
81270.593337	531.621000
81314.830987	530.132000
81442.133127	526.200000
81464.968095	525.407000
81601.360939	521.262000
81627.813054	520.310000
81770.583676	515.951000
81797.076246	515.009000
81932.338731	510.905000
81940.253821	510.628000
82099.670731	505.892000
82124.635827	504.993000
82262.068431	500.816000
82277.359795	500.264000
82418.622087	495.899000
82428.703336	495.543000
82582.180070	490.828000
82605.044001	490.016000
82735.354528	485.881000
82757.341420	485.093000
82889.658059	481.018000
82900.519904	480.636000
83059.216714	475.799000
83086.010276	474.886000
83214.444024	471.035000
83236.840164	470.271000
83380.425732	465.863000
83394.380876	465.384000
83534.874681	460.935000
83556.017458	460.219000
83688.705357	455.775000
83707.741324	455.120000
83830.712913	450.952000
83845.170511	450.473000
83983.978475	445.844000
84008.884424	445.054000
84135.573587	440.736000
84149.663232	440.307000
84289.713749	435.603000
84295.459316	435.436000
84436.535934	430.860000
84459.878959	430.208000
84607.065143	425.527000
84618.233258	425.214000
84764.116713	420.606000
84769.028499	420.465000
84935.483952	415.453000
84945.667679	415.167000
85108.002656	410.461000
85110.230781	410.396000
85291.318799	405.327000
85298.432089	405.127000
85456.924310	400.448000
85457.306185	400.437000
85643.648090	395.342000
85658.558812	394.906000
85818.656724	390.217000
85823.403228	390.076000
85972.382815	385.599000
85993.344399	384.951000
86152.414675	380.081000
86155.921380	379.967000
86302.073862	375.273000
86316.569585	374.776000
86453.326274	370.228000
86472.255704	369.562000
86603.087482	365.127000
86618.421731	364.580000
86752.353202	360.144000
86769.797124	359.503000
86921.509928	355.093000
86942.809686	354.326000
87101.032932	349.919000
87121.732751	349.213000
87290.330219	344.932000
87316.445075	344.079000
87494.860842	339.886000
87526.624524	338.969000
87709.269680	334.400000
87734.467498	333.681000
87882.303784	329.779000
87921.527340	328.662000
88081.468469	324.327000
88116.021337	323.373000
88272.285229	319.214000
88308.980004	318.264000
88465.076331	314.026000
88513.760616	312.979000
88685.887709	309.113000
88742.958547	307.959000
88918.203826	303.864000
88984.762250	302.446000
89150.064103	298.680000
89187.485453	297.810000
89391.805052	293.920000
89474.075523	292.052000
89696.473478	288.916000
89777.076819	287.172000
90002.618280	292.052000
90135.092572	293.920000
90306.415982	297.810000
90352.112140	298.680000
90514.099271	302.446000
90576.339852	303.864000
90768.551945	307.959000
90817.937306	309.113000
91009.129559	312.979000
91055.745458	314.026000
91252.807543	318.264000
91287.798461	319.214000
91448.444321	323.373000
91484.288455	324.327000
91641.297556	328.662000
91682.509607	329.779000
91819.528691	333.681000
91846.769667	334.400000
92006.893215	338.969000
92043.550165	339.886000
92188.790210	344.079000
92225.086096	344.932000
92356.150221	349.213000
92383.954428	349.919000
92513.167035	354.326000
92540.704414	355.093000
92663.171076	359.503000
92685.222756	360.144000
92805.942316	364.580000
92822.457310	365.127000
92946.785273	369.562000
92966.432165	370.228000
93095.698002	374.776000
93110.642609	375.273000
93247.549901	379.967000
93251.099407	380.081000
93400.903382	384.951000
93422.069201	385.599000
93566.891753	390.076000
93571.583761	390.217000
93729.430266	394.906000
93744.316743	395.342000
93918.560157	400.437000
93918.962465	400.448000
94081.398401	405.127000
94088.173020	405.327000
94268.459335	410.396000
94270.781434	410.461000
94432.097653	415.167000
94441.963315	415.453000
94620.427786	420.465000
94625.110591	420.606000
94785.631907	425.214000
94795.541091	425.527000
94962.563282	430.208000
94983.064327	430.860000
95146.895122	435.436000
95152.043679	435.603000
95313.882889	440.307000
95326.655354	440.736000
95468.471407	445.054000
95491.649832	445.844000
95637.586082	450.473000
95651.949663	450.952000
95777.751898	455.120000
95797.076847	455.775000
95926.230801	460.219000
95947.608959	460.935000
96078.983565	465.384000
96094.109780	465.863000
96222.532064	470.271000
96247.418492	471.035000
96360.307932	474.886000
96390.757169	475.799000
96532.707290	480.636000
96545.240303	481.018000
96661.109460	485.093000
96686.696089	485.881000
96802.071469	490.016000
96827.660863	490.828000
96960.423717	495.543000
96972.011780	495.899000
97095.620349	500.264000
97113.484447	500.816000
97229.194640	504.993000
97258.773743	505.892000
97390.291761	510.628000
97399.615765	510.905000
97516.884819	515.009000
97547.931910	515.951000
97670.523323	520.310000
97701.704243	521.262000
97816.876526	525.407000
97842.970501	526.200000
97956.195084	530.132000
98004.402838	531.621000
98119.111748	535.482000
98157.399233	536.643000
98268.172837	540.271000
98320.594119	541.860000
98421.106604	545.240000
98488.061077	547.207000
98583.171988	550.396000
98660.349675	552.740000
98734.835098	555.319000
98792.629528	557.222000
98888.995991	560.510000
98974.691977	563.398000
99028.977508	565.259000
99111.805766	567.944000
99185.172157	570.435000
99284.192935	573.708000
99337.345868	575.583000
99419.127974	578.414000
99466.052999	580.041000
99580.069694	584.004000
99620.750107	585.387000
99729.101671	589.133000
99764.625479	590.322000
99871.042125	593.970000
99900.638267	594.976000
100038.628034	599.676000
100054.580434	600.215000
100177.201023	604.365000
100204.490410	605.275000
100336.190037	609.742000
100342.490028	609.946000
100494.379755	614.938000
100497.929198	615.047000
100661.156199	620.125000
100662.227859	620.156000
100809.929010	624.711000
100826.561310	625.251000
100973.322122	629.762000
100996.784188	630.487000
101147.557333	635.066000
101172.589489	635.831000
101287.660910	639.443000
101323.231334	640.576000
101453.261452	644.808000
101486.487945	645.863000
101604.186315	649.733000
101653.866150	651.291000
101753.614527	654.497000
101800.169893	655.922000
101927.418968	659.955000
101969.135677	661.171000
102093.179697	665.158000
102135.258726	666.365000
102260.493296	670.252000
102296.248718	671.262000
102429.765617	675.264000
102465.277761	676.219000
102616.589941	680.725000
102644.987644	681.456000
102786.735286	685.713000
102821.549983	686.579000
102971.591272	690.946000
102987.350635	691.321000
103157.415244	695.965000
103180.943251	696.486000
103373.893205	701.538000
103380.024711	701.679000
103542.635841	706.200000
103556.275965	706.510000
103749.981861	711.622000
103756.893811	711.800000
103969.632711	716.654000
103971.873478	716.712000
104190.391483	721.468000
104211.416247	722.031000
104432.868005	726.860000
104436.434849	726.956000
104652.820478	731.529000
104693.953739	732.597000
104865.552314	736.508000
104895.120261	737.234000
105100.607567	741.883000
105134.158969	742.696000
105303.599468	746.330000
105370.545772	747.857000
105572.200533	751.774000
105623.197641	752.874000
105834.953549	756.568000
105915.651375	758.249000
106124.173151	761.437000
106203.474575	763.056000
106477.469674	766.695000
106578.972830	768.581000
106799.208435	771.533000
106924.911011	773.590000
107147.033740	776.646000
107284.869275	778.612000
107494.091004	781.338000
107691.959182	783.938000
107944.626061	786.666000
108131.193929	789.177000
108392.602064	791.687000
108579.923395	793.950000
108897.798111	796.300000
109166.004594	799.545000
109828.683331	801.682000
110055.152816	804.383000
110460.802343	799.545000
111467.069306	796.300000
111661.302044	793.950000
111967.408633	791.687000
112175.175553	789.177000
112436.687835	786.666000
112639.378851	783.938000
112880.190393	781.338000
113087.647567	778.612000
113238.538954	776.646000
113452.793988	773.590000
113602.305261	771.533000
113782.700986	768.581000
113923.407067	766.695000
114119.255415	763.056000
114241.156505	761.437000
114397.310265	758.249000
114507.261678	756.568000
114684.595270	752.874000
114747.651984	751.774000
114929.248050	747.857000
115007.860973	746.330000
115167.181778	742.696000
115205.089077	741.883000
115396.946975	737.234000
115429.036410	736.508000
115588.320484	732.597000
115635.179926	731.529000
115811.305774	726.956000
115815.848311	726.860000
115995.267997	722.031000
116021.086456	721.468000
116198.695297	716.712000
116201.360151	716.654000
116388.889220	711.800000
116396.690523	711.622000
116595.195525	706.510000
116606.942166	706.200000
116805.867964	701.679000
116810.939446	701.538000
117030.630003	696.486000
117050.528444	695.965000
117260.248339	691.321000
117273.980946	690.946000
117457.503984	686.579000
117487.257992	685.713000
117658.396751	681.456000
117682.737255	680.725000
117857.785203	676.219000
117889.854251	675.264000
118038.670585	671.262000
118072.366754	670.252000
118209.972023	666.365000
118248.860144	665.158000
118387.856905	661.171000
118425.689242	659.955000
118564.047372	655.922000
118609.008922	654.497000
118713.750328	651.291000
118762.224430	649.733000
118885.626845	645.863000
118917.712577	644.808000
119050.996481	640.576000
119085.808420	639.443000
119199.206806	635.831000
119223.578245	635.066000
119373.411243	630.487000
119397.283383	629.762000
119543.265973	625.251000
119560.834326	624.711000
119701.130849	620.156000
119702.136060	620.125000
119877.680814	615.047000
119881.184505	614.938000
120043.742499	609.946000
120049.949531	609.742000
120187.900807	605.275000
120214.730147	604.365000
120339.181746	600.215000
120355.107649	599.676000
120494.210203	594.976000
120523.745885	593.970000
120631.068674	590.322000
120665.753266	589.133000
120777.672682	585.387000
120817.675409	584.004000
120934.245531	580.041000
120981.054807	578.414000
121062.704927	575.583000
121116.870045	573.708000
121209.653804	570.435000
121285.016089	567.944000
121364.096282	565.259000
121421.505365	563.398000
121505.748574	560.510000
121603.313810	557.222000
121659.087952	555.319000
121737.412615	552.740000
121805.110883	550.396000
121910.110731	547.207000
121968.775880	545.240000
122083.827287	541.860000
122131.080050	540.271000
122250.768163	536.643000
122286.216937	535.482000
122413.545084	531.621000
122457.782734	530.132000
122585.084874	526.200000
122607.919842	525.407000
122744.312686	521.262000
122770.764800	520.310000
122913.535423	515.951000
122940.027992	515.009000
123075.290478	510.905000
123083.205567	510.628000
123242.622477	505.892000
123267.587574	504.993000
123405.020178	500.816000
123420.311542	500.264000
123561.573834	495.899000
123571.655082	495.543000
123725.131816	490.828000
123747.995748	490.016000
123878.306274	485.881000
123900.293167	485.093000
124032.609806	481.018000
124043.471651	480.636000
124202.168460	475.799000
124228.962023	474.886000
124357.395771	471.035000
124379.791910	470.271000
124523.377479	465.863000
124537.332623	465.384000
124677.826427	460.935000
124698.969205	460.219000
124831.657104	455.775000
124850.693071	455.120000
124973.664660	450.952000
124988.122258	450.473000
125126.930222	445.844000
125151.836170	445.054000
125278.525334	440.736000
125292.614979	440.307000
125432.665496	435.603000
125438.411063	435.436000
125579.487681	430.860000
125602.830705	430.208000
125750.016890	425.527000
125761.185005	425.214000
125907.068460	420.606000
125911.980245	420.465000
126078.435699	415.453000
126088.619426	415.167000
126250.954403	410.461000
126253.182527	410.396000
126434.270546	405.327000
126441.383835	405.127000
126599.876056	400.448000
126600.257932	400.437000
126786.599837	395.342000
126801.510559	394.906000
126961.608471	390.217000
126966.354975	390.076000
127115.334562	385.599000
127136.296146	384.951000
127295.366422	380.081000
127298.873127	379.967000
127445.025608	375.273000
127459.521331	374.776000
127596.278021	370.228000
127615.207451	369.562000
127746.039229	365.127000
127761.373478	364.580000
127895.304949	360.144000
127912.748871	359.503000
128064.461675	355.093000
128085.761432	354.326000
128243.984679	349.919000
128264.684497	349.213000
128433.281966	344.932000
128459.396822	344.079000
128637.812588	339.886000
128669.576271	338.969000
128852.221426	334.400000
128877.419244	333.681000
129025.255530	329.779000
129064.479087	328.662000
129224.420216	324.327000
129258.973084	323.373000
129415.236976	319.214000
129451.931750	318.264000
129608.028078	314.026000
129656.712363	312.979000
129828.839456	309.113000
129885.910294	307.959000
130061.155572	303.864000
130127.713997	302.446000
130293.015850	298.680000
130330.437200	297.810000
130534.756799	293.920000
130617.027270	292.052000
130839.425224	288.916000
130920.028566	287.172000
131145.570027	292.052000
131278.044318	293.920000
131449.367729	297.810000
131495.063886	298.680000
131657.051018	302.446000
131719.291599	303.864000
131911.503692	307.959000
131960.889053	309.113000
132152.081306	312.979000
132198.697205	314.026000
132395.759289	318.264000
132430.750207	319.214000
132591.396068	323.373000
132627.240201	324.327000
132784.249303	328.662000
132825.461354	329.779000
132962.480438	333.681000
132989.721414	334.400000
133149.844962	338.969000
133186.501912	339.886000
133331.741957	344.079000
133368.037842	344.932000
133499.101968	349.213000
133526.906175	349.919000
133656.118782	354.326000
133683.656161	355.093000
133806.122823	359.503000
133828.174503	360.144000
133948.894063	364.580000
133965.409057	365.127000
134089.737020	369.562000
134109.383911	370.228000
134238.649748	374.776000
134253.594356	375.273000
134390.501648	379.967000
134394.051154	380.081000
134543.855129	384.951000
134565.020948	385.599000
134709.843500	390.076000
134714.535508	390.217000
134872.382013	394.906000
134887.268490	395.342000
135061.511904	400.437000
135061.914212	400.448000
135224.350148	405.127000
135231.124767	405.327000
135411.411081	410.396000
135413.733181	410.461000
135575.049400	415.167000
135584.915062	415.453000
135763.379533	420.465000
135768.062338	420.606000
135928.583653	425.214000
135938.492838	425.527000
136105.515029	430.208000
136126.016074	430.860000
136289.846869	435.436000
136294.995425	435.603000
136456.834636	440.307000
136469.607100	440.736000
136611.423154	445.054000
136634.601579	445.844000
136780.537829	450.473000
136794.901410	450.952000
136920.703644	455.120000
136940.028594	455.775000
137069.182547	460.219000
137090.560706	460.935000
137221.935312	465.384000
137237.061527	465.863000
137365.483810	470.271000
137390.370238	471.035000
137503.259678	474.886000
137533.708915	475.799000
137675.659037	480.636000
137688.192050	481.018000
137804.061207	485.093000
137829.647836	485.881000
137945.023215	490.016000
137970.612610	490.828000
138103.375463	495.543000
138114.963526	495.899000
138238.572096	500.264000
138256.436194	500.816000
138372.146387	504.993000
138401.725490	505.892000
138533.243508	510.628000
138542.567512	510.905000
138659.836566	515.009000
138690.883657	515.951000
138813.475070	520.310000
138844.655990	521.262000
138959.828273	525.407000
138985.922248	526.200000
139099.146831	530.132000
139147.354584	531.621000
139262.063495	535.482000
139300.350980	536.643000
139411.124583	540.271000
139463.545865	541.860000
139564.058351	545.240000
139631.012824	547.207000
139726.123735	550.396000
139803.301422	552.740000
139877.786845	555.319000
139935.581274	557.222000
140031.947738	560.510000
140117.643724	563.398000
140171.929254	565.259000
140254.757513	567.944000
140328.123904	570.435000
140427.144682	573.708000
140480.297615	575.583000
140562.079721	578.414000
140609.004746	580.041000
140723.021440	584.004000
140763.701854	585.387000
140872.053418	589.133000
140907.577226	590.322000
141013.993872	593.970000
141043.590014	594.976000
141181.579781	599.676000
141197.532180	600.215000
141320.152770	604.365000
141347.442156	605.275000
141479.141784	609.742000
141485.441775	609.946000
141637.331501	614.938000
141640.880945	615.047000
141804.107946	620.125000
141805.179605	620.156000
141952.880757	624.711000
141969.513056	625.251000
142116.273869	629.762000
142139.735934	630.487000
142290.509080	635.066000
142315.541236	635.831000
142430.612657	639.443000
142466.183081	640.576000
142596.213199	644.808000
142629.439692	645.863000
142747.138062	649.733000
142796.817897	651.291000
142896.566274	654.497000
142943.121640	655.922000
143070.370715	659.955000
143112.087424	661.171000
143236.131443	665.158000
143278.210473	666.365000
143403.445043	670.252000
143439.200464	671.262000
143572.717364	675.264000
143608.229508	676.219000
143759.541688	680.725000
143787.939391	681.456000
143929.687033	685.713000
143964.501730	686.579000
144114.543019	690.946000
144130.302382	691.321000
144300.366991	695.965000
144323.894998	696.486000
144516.844952	701.538000
144522.976458	701.679000
144685.587588	706.200000
144699.227712	706.510000
144892.933608	711.622000
144899.845558	711.800000
145112.584458	716.654000
145114.825225	716.712000
145333.343229	721.468000
145354.367993	722.031000
145575.819752	726.860000
145579.386596	726.956000
145795.772224	731.529000
145836.905486	732.597000
146008.504061	736.508000
146038.072007	737.234000
146243.559313	741.883000
146277.110716	742.696000
146446.551215	746.330000
146513.497519	747.857000
146715.152279	751.774000
146766.149387	752.874000
146977.905296	756.568000
147058.603122	758.249000
147267.124898	761.437000
147346.426321	763.056000
147620.421421	766.695000
147721.924577	768.581000
147942.160181	771.533000
148067.862758	773.590000
148289.985486	776.646000
148427.821022	778.612000
148637.042751	781.338000
148834.910929	783.938000
149087.577808	786.666000
149274.145676	789.177000
149535.553811	791.687000
149722.875142	793.950000
150040.749858	796.300000
150308.956341	799.545000
150971.635077	801.682000
151198.104563	804.383000
151603.754090	799.545000
152610.021053	796.300000
152804.253791	793.950000
153110.360380	791.687000
153318.127300	789.177000
153579.639581	786.666000
153782.330598	783.938000
154023.142140	781.338000
154230.599314	778.612000
154381.490700	776.646000
154595.745734	773.590000
154745.257008	771.533000
154925.652733	768.581000
155066.358814	766.695000
155262.207161	763.056000
155384.108251	761.437000
155540.262012	758.249000
155650.213425	756.568000
155827.547017	752.874000
155890.603730	751.774000
156072.199797	747.857000
156150.812719	746.330000
156310.133525	742.696000
156348.040824	741.883000
156539.898722	737.234000
156571.988157	736.508000
156731.272231	732.597000
156778.131673	731.529000
156954.257521	726.956000
156958.800058	726.860000
157138.219744	722.031000
157164.038203	721.468000
157341.647044	716.712000
157344.311898	716.654000
157531.840967	711.800000
157539.642270	711.622000
157738.147272	706.510000
157749.893913	706.200000
157948.819711	701.679000
157953.891192	701.538000
158173.581749	696.486000
158193.480191	695.965000
158403.200086	691.321000
158416.932693	690.946000
158600.455730	686.579000
158630.209739	685.713000
158801.348497	681.456000
158825.689002	680.725000
159000.736949	676.219000
159032.805998	675.264000
159181.622332	671.262000
159215.318501	670.252000
159352.923770	666.365000
159391.811891	665.158000
159530.808652	661.171000
159568.640989	659.955000
159706.999119	655.922000
159751.960669	654.497000
159856.702075	651.291000
159905.176177	649.733000
160028.578592	645.863000
160060.664323	644.808000
160193.948228	640.576000
160228.760167	639.443000
160342.158553	635.831000
160366.529992	635.066000
160516.362989	630.487000
160540.235130	629.762000
160686.217720	625.251000
160703.786072	624.711000
160844.082596	620.156000
160845.087806	620.125000
161020.632561	615.047000
161024.136252	614.938000
161186.694246	609.946000
161192.901278	609.742000
161330.852554	605.275000
161357.681894	604.365000
161482.133493	600.215000
161498.059396	599.676000
161637.161950	594.976000
161666.697632	593.970000
161774.020421	590.322000
161808.705013	589.133000
161920.624429	585.387000
161960.627156	584.004000
162077.197278	580.041000
162124.006554	578.414000
162205.656674	575.583000
162259.821792	573.708000
162352.605551	570.435000
162427.967836	567.944000
162507.048028	565.259000
162564.457112	563.398000
162648.700321	560.510000
162746.265557	557.222000
162802.039699	555.319000
162880.364362	552.740000
162948.062630	550.396000
163053.062477	547.207000
163111.727627	545.240000
163226.779034	541.860000
163274.031797	540.271000
163393.719909	536.643000
163429.168684	535.482000
163556.496830	531.621000
163600.734481	530.132000
163728.036621	526.200000
163750.871589	525.407000
163887.264433	521.262000
163913.716547	520.310000
164056.487170	515.951000
164082.979739	515.009000
164218.242225	510.905000
164226.157314	510.628000
164385.574224	505.892000
164410.539321	504.993000
164547.971925	500.816000
164563.263288	500.264000
164704.525580	495.899000
164714.606829	495.543000
164868.083563	490.828000
164890.947495	490.016000
165021.258021	485.881000
165043.244913	485.093000
165175.561553	481.018000
165186.423397	480.636000
165345.120207	475.799000
165371.913770	474.886000
165500.347518	471.035000
165522.743657	470.271000
165666.329226	465.863000
165680.284369	465.384000
165820.778174	460.935000
165841.920952	460.219000
165974.608850	455.775000
165993.644818	455.120000
166116.616406	450.952000
166131.074005	450.473000
166269.881968	445.844000
166294.787917	445.054000
166421.477081	440.736000
166435.566726	440.307000
166575.617243	435.603000
166581.362810	435.436000
166722.439428	430.860000
166745.782452	430.208000
166892.968637	425.527000
166904.136752	425.214000
167050.020207	420.606000
167054.931992	420.465000
167221.387446	415.453000
167231.571173	415.167000
167393.906150	410.461000
167396.134274	410.396000
167577.222293	405.327000
167584.335582	405.127000
167742.827803	400.448000
167743.209679	400.437000
167929.551584	395.342000
167944.462306	394.906000
168104.560218	390.217000
168109.306722	390.076000
168258.286308	385.599000
168279.247893	384.951000
168438.318169	380.081000
168441.824874	379.967000
168587.977355	375.273000
168602.473078	374.776000
168739.229768	370.228000
168758.159198	369.562000
168888.990976	365.127000
168904.325225	364.580000
169038.256696	360.144000
169055.700618	359.503000
169207.413422	355.093000
169228.713179	354.326000
169386.936426	349.919000
169407.636244	349.213000
169576.233713	344.932000
169602.348569	344.079000
169780.764335	339.886000
169812.528018	338.969000
169995.173173	334.400000
170020.370991	333.681000
170168.207277	329.779000
170207.430833	328.662000
170367.371963	324.327000
170401.924831	323.373000
170558.188723	319.214000
170594.883497	318.264000
170750.979824	314.026000
170799.664110	312.979000
170971.791203	309.113000
171028.862041	307.959000
171204.107319	303.864000
171270.665744	302.446000
171435.967596	298.680000
171473.388946	297.810000
171677.708546	293.920000
171759.979017	292.052000
171982.376971	288.916000
172062.980313	287.172000
172288.521773	292.052000
172420.996065	293.920000
172592.319476	297.810000
172638.015633	298.680000
172800.002765	302.446000
172862.243345	303.864000
173054.455439	307.959000
173103.840799	309.113000
173295.033052	312.979000
173341.648952	314.026000
173538.711036	318.264000
173573.701954	319.214000
173734.347814	323.373000
173770.191948	324.327000
173927.201050	328.662000
173968.413101	329.779000
174105.432185	333.681000
174132.673161	334.400000
174292.796708	338.969000
174329.453659	339.886000
174474.693704	344.079000
174510.989589	344.932000
174642.053714	349.213000
174669.857922	349.919000
174799.070528	354.326000
174826.607907	355.093000
174949.074570	359.503000
174971.126249	360.144000
175091.845810	364.580000
175108.360804	365.127000
175232.688767	369.562000
175252.335658	370.228000
175381.601495	374.776000
175396.546103	375.273000
175533.453394	379.967000
175537.002901	380.081000
175686.806875	384.951000
175707.972695	385.599000
175852.795246	390.076000
175857.487255	390.217000
176015.333760	394.906000
176030.220236	395.342000
176204.463650	400.437000
176204.865959	400.448000
176367.301894	405.127000
176374.076514	405.327000
176554.362828	410.396000
176556.684927	410.461000
176718.001147	415.167000
176727.866808	415.453000
176906.331279	420.465000
176911.014084	420.606000
177071.535400	425.214000
177081.444585	425.527000
177248.466775	430.208000
177268.967821	430.860000
177432.798616	435.436000
177437.947172	435.603000
177599.786383	440.307000
177612.558847	440.736000
177754.374901	445.054000
177777.553326	445.844000
177923.489576	450.473000
177937.853156	450.952000
178063.655391	455.120000
178082.980341	455.775000
178212.134294	460.219000
178233.512453	460.935000
178364.887059	465.384000
178380.013274	465.863000
178508.435557	470.271000
178533.321985	471.035000
178646.211425	474.886000
178676.660662	475.799000
178818.610784	480.636000
178831.143797	481.018000
178947.012954	485.093000
178972.599582	485.881000
179087.974962	490.016000
179113.564357	490.828000
179246.327210	495.543000
179257.915273	495.899000
179381.523843	500.264000
179399.387940	500.816000
179515.098134	504.993000
179544.677236	505.892000
179676.195254	510.628000
179685.519259	510.905000
179802.788313	515.009000
179833.835404	515.951000
179956.426817	520.310000
179987.607737	521.262000
180102.780020	525.407000
180128.873995	526.200000
180242.098578	530.132000
180290.306331	531.621000
180405.015242	535.482000
180443.302727	536.643000
180554.076330	540.271000
180606.497612	541.860000
180707.010098	545.240000
180773.964570	547.207000
180869.075482	550.396000
180946.253168	552.740000
181020.738592	555.319000
181078.533021	557.222000
181174.899485	560.510000
181260.595471	563.398000
181314.881001	565.259000
181397.709259	567.944000
181471.075650	570.435000
181570.096429	573.708000
181623.249361	575.583000
181705.031468	578.414000
181751.956493	580.041000
181865.973187	584.004000
181906.653601	585.387000
182015.005165	589.133000
182050.528973	590.322000
182156.945619	593.970000
182186.541760	594.976000
182324.531528	599.676000
182340.483927	600.215000
182463.104517	604.365000
182490.393903	605.275000
182622.093531	609.742000
182628.393522	609.946000
182780.283248	614.938000
182783.832692	615.047000
182947.059693	620.125000
182948.131352	620.156000
183095.832504	624.711000
183112.464803	625.251000
183259.225616	629.762000
183282.687681	630.487000
183433.460827	635.066000
183458.492983	635.831000
183573.564403	639.443000
183609.134828	640.576000
183739.164946	644.808000
183772.391439	645.863000
183890.089809	649.733000
183939.769644	651.291000
184039.518021	654.497000
184086.073387	655.922000
184213.322462	659.955000
184255.039170	661.171000
184379.083190	665.158000
184421.162220	666.365000
184546.396790	670.252000
184582.152211	671.262000
184715.669111	675.264000
184751.181255	676.219000
184902.493434	680.725000
184930.891138	681.456000
185072.638779	685.713000
185107.453476	686.579000
185257.494766	690.946000
185273.254129	691.321000
185443.318738	695.965000
185466.846745	696.486000
185659.796699	701.538000
185665.928205	701.679000
185828.539335	706.200000
185842.179458	706.510000
186035.885355	711.622000
186042.797305	711.800000
186255.536204	716.654000
186257.776972	716.712000
186476.294976	721.468000
186497.319740	722.031000
186718.771499	726.860000
186722.338343	726.956000
186938.723971	731.529000
186979.857233	732.597000
187151.455808	736.508000
187181.023754	737.234000
187386.511060	741.883000
187420.062463	742.696000
187589.502962	746.330000
187656.449266	747.857000
187858.104026	751.774000
187909.101134	752.874000
188120.857043	756.568000
188201.554868	758.249000
188410.076645	761.437000
188489.378068	763.056000
188763.373168	766.695000
188864.876323	768.581000
189085.111928	771.533000
189210.814505	773.590000
189432.937233	776.646000
189570.772769	778.612000
189779.994498	781.338000
189977.862676	783.938000
190230.529555	786.666000
190417.097423	789.177000
190678.505558	791.687000
190865.826888	793.950000
191183.701604	796.300000
191451.908087	799.545000
192114.586824	801.682000
192341.056310	804.383000
192746.705837	799.545000
193752.972800	796.300000
193947.205538	793.950000
194253.312126	791.687000
194461.079046	789.177000
194722.591328	786.666000
194925.282345	783.938000
195166.093887	781.338000
195373.551061	778.612000
195524.442447	776.646000
195738.697481	773.590000
195888.208755	771.533000
196068.604480	768.581000
196209.310561	766.695000
196405.158908	763.056000
196527.059998	761.437000
196683.213758	758.249000
196793.165172	756.568000
196970.498764	752.874000
197033.555477	751.774000
197215.151543	747.857000
197293.764466	746.330000
197453.085272	742.696000
197490.992571	741.883000
197682.850469	737.234000
197714.939904	736.508000
197874.223977	732.597000
197921.083420	731.529000
198097.209268	726.956000
198101.751804	726.860000
198281.171490	722.031000
198306.989950	721.468000
198484.598791	716.712000
198487.263644	716.654000
198674.792714	711.800000
198682.594017	711.622000
198881.099019	706.510000
198892.845659	706.200000
199091.771457	701.679000
199096.842939	701.538000
199316.533496	696.486000
199336.431938	695.965000
199546.151833	691.321000
199559.884440	690.946000
199743.407477	686.579000
199773.161486	685.713000
199944.300244	681.456000
