0.000000	500.000000
117.094041	495.899000
126.228539	495.543000
261.462392	490.828000
282.200096	490.016000
397.833824	485.881000
417.808019	485.093000
534.461256	481.018000
544.295825	480.636000
683.881178	475.799000
707.999555	474.886000
820.543369	471.035000
840.707599	470.271000
967.205915	465.863000
979.784952	465.384000
1104.400643	460.935000
1123.410003	460.219000
1242.454173	455.775000
1259.620886	455.120000
1370.202103	450.952000
1383.145505	450.473000
1507.575637	445.844000
1529.674584	445.054000
1643.719672	440.736000
1656.109626	440.307000
1781.829107	435.603000
1786.826761	435.436000
1912.588979	430.860000
1932.691769	430.208000
2063.362670	425.527000
2072.988953	425.214000
2202.315308	420.606000
2206.574684	420.465000
2352.577402	415.453000
2361.359838	415.167000
2502.472717	410.461000
2504.412524	410.396000
2660.451017	405.327000
2666.587319	405.127000
2804.965080	400.448000
2805.296514	400.437000
2964.877837	395.342000
2977.866439	394.906000
3117.380990	390.217000
3121.531204	390.076000
3252.146153	385.599000
3270.641813	384.951000
3410.696000	380.081000
3413.823476	379.967000
3543.844518	375.273000
3556.908095	374.776000
3679.432780	370.228000
3696.573187	369.562000
3814.225592	365.127000
3828.144689	364.580000
3948.041894	360.144000
3963.956807	359.503000
4095.923236	355.093000
4115.289142	354.326000
4251.450698	349.919000
4270.086990	349.213000
4411.498689	344.932000
4434.811837	344.079000
4580.880761	339.886000
4608.463932	338.969000
4760.975160	334.400000
4782.793361	333.681000
4908.183250	329.779000
4942.129177	328.662000
5078.779793	324.327000
5108.446861	323.373000
5241.293408	319.214000
5272.246285	318.264000
5405.673177	314.026000
5444.313850	312.979000
5583.081947	309.113000
5627.318539	307.959000
5770.520567	303.864000
5823.163387	302.446000
5957.089052	298.680000
5987.616228	297.810000
6142.092405	293.920000
6208.669407	292.052000
6353.254561	288.916000
6417.372569	287.172000
6629.309706	283.681000
6697.688697	282.056000
7061.065999	278.949000
7170.932504	276.755000
7436.384804	282.056000
7626.435694	283.681000
7773.334807	287.172000
7879.212311	288.916000
7994.507078	292.052000
8080.631142	293.920000
8219.273827	297.810000
8253.822484	298.680000
8385.966561	302.446000
8436.393165	303.864000
8588.418798	307.959000
8628.774143	309.113000
8776.970561	312.979000
8814.552092	314.026000
8970.960089	318.264000
9000.869374	319.214000
9136.377810	323.373000
9166.850425	324.327000
9301.658329	328.662000
9336.869110	329.779000
9455.451927	333.681000
9478.556829	334.400000
9617.204063	338.969000
9647.813123	339.886000
9773.937699	344.079000
9803.653128	344.932000
9920.656157	349.213000
9943.977031	349.919000
10060.308671	354.326000
10084.006405	355.093000
10195.354053	359.503000
10214.535568	360.144000
10324.673723	364.580000
10339.458162	365.127000
10452.312267	369.562000
10469.980024	370.228000
10587.028931	374.776000
10600.418282	375.273000
10723.799434	379.967000
10726.957167	380.081000
10860.560729	384.951000
10879.196276	385.599000
11006.981874	390.076000
11011.095501	390.217000
11149.112189	394.906000
11162.084751	395.342000
11313.866690	400.437000
11314.211223	400.448000
11455.191167	405.127000
11461.106010	405.327000
11616.630578	410.396000
11618.631466	410.461000
11759.073457	415.167000
11767.649378	415.453000
11921.556964	420.465000
11925.664383	420.606000
12064.864424	425.214000
12073.648962	425.527000
12217.612645	430.208000
12235.813334	430.860000
12376.902855	435.436000
12381.492516	435.603000
12522.264752	440.307000
12533.730240	440.736000
12658.438452	445.054000
12679.303580	445.844000
12808.792220	450.473000
12821.668010	450.952000
12934.294526	455.120000
12951.672332	455.775000
13068.143888	460.219000
13087.323822	460.935000
13205.442034	465.384000
13218.858738	465.863000
13334.617395	470.271000
13356.542239	471.035000
13458.181572	474.886000
13484.863603	475.799000
13612.640813	480.636000
13623.664506	481.018000
13728.575164	485.093000
13751.132895	485.881000
13855.946722	490.016000
13878.653998	490.828000
13999.070594	495.543000
14009.281251	495.899000
14121.281481	500.264000
14137.042493	500.816000
14242.291987	504.993000
14268.292214	505.892000
14387.869699	510.628000
14396.022496	510.905000
14502.106332	515.009000
14529.386290	515.951000
14640.600973	520.310000
14668.037412	521.262000
14772.742758	525.407000
14795.679034	526.200000
14897.959955	530.132000
14940.488450	531.621000
15043.501720	535.482000
15077.139057	536.643000
15176.082335	540.271000
15222.133023	541.860000
15312.381005	545.240000
15370.770197	547.207000
15456.119679	550.396000
15523.948416	552.740000
15591.197609	555.319000
15642.875280	557.222000
15729.641488	560.510000
15806.618248	563.398000
15855.539342	565.259000
15929.367027	567.944000
15995.363024	570.435000
16083.971662	573.708000
16132.123732	575.583000
16205.957647	578.414000
16248.334774	580.041000
16351.347917	584.004000
16387.950563	585.387000
16485.748857	589.133000
16517.615893	590.322000
16613.515856	593.970000
16640.144444	594.976000
16764.346453	599.676000
16778.682914	600.215000
16888.917491	604.365000
16913.379945	605.275000
17031.825852	609.742000
17037.439988	609.946000
17173.203662	614.938000
17176.330926	615.047000
17320.556761	620.125000
17321.487832	620.156000
17451.743811	624.711000
17466.573484	625.251000
17595.904563	629.762000
17616.604657	630.487000
17749.112505	635.066000
17771.143323	635.831000
17873.017114	639.443000
17904.606584	640.576000
18020.601766	644.808000
18050.089898	645.863000
18155.301746	649.733000
18199.275161	651.291000
18288.027557	654.497000
18329.015442	655.922000
18441.903660	659.955000
18478.215160	661.171000
18588.585588	665.158000
18625.068417	666.365000
18735.668018	670.252000
18766.549114	671.262000
18883.537593	675.264000
18913.814043	676.219000
19046.194006	680.725000
19070.108470	681.456000
19194.364921	685.713000
19223.385744	686.579000
19353.938817	690.946000
19366.893546	691.321000
19512.485503	695.965000
19531.358914	696.486000
19694.642495	701.538000
19699.626006	701.679000
19839.497689	706.200000
19850.539494	706.510000
20014.828305	711.622000
20020.649765	711.800000
20193.096943	716.654000
20194.986971	716.712000
20369.188021	721.468000
20387.092138	722.031000
20563.753798	726.860000
20566.795457	726.956000
20737.422485	731.529000
20772.148269	732.597000
20911.194321	736.508000
20935.743264	737.234000
21101.826746	741.883000
21129.567944	742.696000
21263.916230	746.330000
21318.177212	747.857000
21471.937892	751.774000
21512.458635	752.874000
21666.382017	756.568000
21729.665553	758.249000
21871.479652	761.437000
21933.182394	763.056000
22105.110458	766.695000
22181.044800	768.581000
22320.008395	771.533000
22408.576260	773.590000
22550.925211	776.646000
22641.126570	778.612000
22770.883181	781.338000
22894.237516	783.938000
23032.702964	786.666000
23150.713387	789.177000
23282.314176	791.687000
23393.062209	793.950000
23523.172451	796.300000
23681.895262	799.545000
23809.161992	801.682000
23941.935550	804.383000
24082.237184	806.688000
24234.067072	809.887000
24343.638982	811.571000
24472.024984	814.309000
24595.954665	816.435000
24791.767179	820.512000
24889.646503	822.142000
25021.328562	824.789000
25138.408974	826.486000
25350.953198	830.260000
25469.777225	831.612000
25715.262690	835.709000
25882.585992	837.345000
26086.294937	840.422000
26196.539982	841.453000
26511.907268	845.705000
26766.981808	847.005000
27183.404325	851.273000
27726.665941	845.705000
28560.955898	841.453000
28637.424306	840.422000
28966.448556	837.345000
29074.757895	835.709000
29493.782081	831.612000
29574.791686	830.260000
29906.479465	826.486000
30002.051152	824.789000
30184.674517	822.142000
30265.763205	820.512000
30510.581612	816.435000
30612.690370	814.309000
30772.295010	811.571000
30851.258497	809.887000
31059.406086	806.688000
31168.805239	804.383000
31333.210755	801.682000
31438.259660	799.545000
31631.512134	796.300000
31746.457776	793.950000
31871.751171	791.687000
31994.587036	789.177000
32126.240256	786.666000
32254.449110	783.938000
32386.417645	781.338000
32515.749922	778.612000
32609.330808	776.646000
32749.542076	773.590000
32845.357453	771.533000
32972.461167	768.581000
33061.243464	766.695000
33207.757286	763.056000
33284.248502	761.437000
33405.748404	758.249000
33480.525537	756.568000
33619.591202	752.874000
33665.426535	751.774000
33809.717217	747.857000
33869.659152	746.330000
33998.791050	742.696000
34028.847505	741.883000
34187.480749	737.234000
34213.416780	736.508000
34345.663219	732.597000
34383.633350	731.529000
34532.323434	726.956000
34535.905370	726.860000
34688.907166	722.031000
34709.503669	721.468000
34860.750529	716.712000
34862.874932	716.654000
35021.050705	711.800000
35027.374478	711.622000
35194.561559	706.510000
35204.524300	706.200000
35365.556554	701.679000
35369.918843	701.538000
35548.476961	696.486000
35565.315984	695.965000
35733.546539	691.321000
35745.302995	690.946000
35896.165139	686.579000
35922.054528	685.713000
36064.712314	681.456000
36086.049281	680.725000
36233.461834	676.219000
36261.518395	675.264000
36388.394158	671.262000
36417.918987	670.252000
36536.765344	666.365000
36571.108982	665.158000
36691.620199	661.171000
36725.282211	659.955000
36845.713363	655.922000
36885.600720	654.497000
36977.816271	651.291000
37020.946724	649.733000
37130.174655	645.863000
37158.856438	644.808000
37277.144375	640.576000
37308.198851	639.443000
37408.905968	635.831000
37430.482227	635.066000
37562.350355	630.487000
37583.330523	629.762000
37712.127935	625.251000
37727.609820	624.711000
37852.700857	620.156000
37853.587341	620.125000
38006.102757	615.047000
38009.198585	614.938000
38152.421519	609.946000
38157.969554	609.742000
38280.902626	605.275000
38305.031969	604.365000
38416.591509	600.215000
38430.908723	599.676000
38555.920531	594.976000
38582.505046	593.970000
38679.066767	590.322000
38710.323635	589.133000
38810.722219	585.387000
38846.828744	584.004000
38951.713981	580.041000
38994.005776	578.414000
39067.742498	575.583000
39116.643448	573.708000
39200.697701	570.435000
39268.135562	567.944000
39339.271351	565.259000
39390.442048	563.398000
39466.360435	560.510000
39553.998797	557.222000
39604.216586	555.319000
39674.251644	552.740000
39735.373051	550.396000
39827.653700	547.207000
39880.297924	545.240000
39980.631157	541.860000
40023.058389	540.271000
40128.201182	536.643000
40159.864122	535.482000
40271.727825	531.621000
40311.455035	530.132000
40423.759966	526.200000
40444.387832	525.407000
40564.275432	521.262000
40588.323559	520.310000
40713.949017	515.951000
40737.983023	515.009000
40856.833286	510.905000
40863.993428	510.628000
41003.385654	505.892000
41026.084168	504.993000
41146.888340	500.816000
41160.797299	500.264000
41285.429216	495.899000
41294.563713	495.543000
41429.797566	490.828000
41450.535270	490.016000
41566.168998	485.881000
41586.143193	485.093000
41702.796430	481.018000
41712.631000	480.636000
41852.216352	475.799000
41876.334730	474.886000
41988.878543	471.035000
42009.042773	470.271000
42135.541089	465.863000
42148.120126	465.384000
42272.735817	460.935000
42291.745177	460.219000
42410.789348	455.775000
42427.956060	455.120000
42538.537277	450.952000
42551.480679	450.473000
42675.910811	445.844000
42698.009758	445.054000
42812.054846	440.736000
42824.444801	440.307000
42950.164281	435.603000
42955.161935	435.436000
43080.924154	430.860000
43101.026944	430.208000
43231.697844	425.527000
43241.324127	425.214000
43370.650482	420.606000
43374.909858	420.465000
43520.912576	415.453000
43529.695013	415.167000
43670.807891	410.461000
43672.747698	410.396000
43828.786191	405.327000
43834.922493	405.127000
43973.300254	400.448000
43973.631688	400.437000
44133.213012	395.342000
44146.201613	394.906000
44285.716164	390.217000
44289.866378	390.076000
44420.481327	385.599000
44438.976987	384.951000
44579.031175	380.081000
44582.158650	379.967000
44712.179692	375.273000
44725.243270	374.776000
44847.767955	370.228000
44864.908362	369.562000
44982.560766	365.127000
44996.479863	364.580000
45116.377068	360.144000
45132.291982	359.503000
45264.258410	355.093000
45283.624317	354.326000
45419.785872	349.919000
45438.422164	349.213000
45579.833864	344.932000
45603.147011	344.079000
45749.215935	339.886000
45776.799106	338.969000
45929.310335	334.400000
45951.128536	333.681000
46076.518425	329.779000
46110.464351	328.662000
46247.114967	324.327000
46276.782035	323.373000
46409.628583	319.214000
46440.581460	318.264000
46574.008351	314.026000
46612.649024	312.979000
46751.417121	309.113000
46795.653714	307.959000
46938.855741	303.864000
46991.498561	302.446000
47125.424226	298.680000
47155.951403	297.810000
47310.427580	293.920000
47377.004581	292.052000
47521.589735	288.916000
47585.707743	287.172000
47797.644880	283.681000
47866.023871	282.056000
48229.401173	278.949000
48339.267678	276.755000
48604.719978	282.056000
48794.770868	283.681000
48941.669981	287.172000
49047.547485	288.916000
49162.842252	292.052000
49248.966317	293.920000
49387.609002	297.810000
49422.157658	298.680000
49554.301735	302.446000
49604.728340	303.864000
49756.753972	307.959000
49797.109318	309.113000
49945.305735	312.979000
49982.887266	314.026000
50139.295264	318.264000
50169.204548	319.214000
50304.712985	323.373000
50335.185600	324.327000
50469.993503	328.662000
50505.204285	329.779000
50623.787101	333.681000
50646.892004	334.400000
50785.539237	338.969000
50816.148297	339.886000
50942.272873	344.079000
50971.988302	344.932000
51088.991331	349.213000
51112.312205	349.919000
51228.643846	354.326000
51252.341579	355.093000
51363.689227	359.503000
51382.870742	360.144000
51493.008897	364.580000
51507.793336	365.127000
51620.647442	369.562000
51638.315198	370.228000
51755.364105	374.776000
51768.753456	375.273000
51892.134608	379.967000
51895.292341	380.081000
52028.895903	384.951000
52047.531450	385.599000
52175.317049	390.076000
52179.430675	390.217000
52317.447363	394.906000
52330.419925	395.342000
52482.201865	400.437000
52482.546397	400.448000
52623.526341	405.127000
52629.441184	405.327000
52784.965752	410.396000
52786.966640	410.461000
52927.408631	415.167000
52935.984552	415.453000
53089.892138	420.465000
53093.999557	420.606000
53233.199599	425.214000
53241.984136	425.527000
53385.947819	430.208000
53404.148508	430.860000
53545.238029	435.436000
53549.827691	435.603000
53690.599926	440.307000
53702.065414	440.736000
53826.773627	445.054000
53847.638754	445.844000
53977.127394	450.473000
53990.003184	450.952000
54102.629700	455.120000
54120.007506	455.775000
54236.479062	460.219000
54255.658996	460.935000
54373.777208	465.384000
54387.193912	465.863000
54502.952569	470.271000
54524.877413	471.035000
54626.516746	474.886000
54653.198777	475.799000
54780.975987	480.636000
54791.999680	481.018000
54896.910339	485.093000
54919.468069	485.881000
55024.281896	490.016000
55046.989172	490.828000
55167.405768	495.543000
55177.616426	495.899000
55289.616655	500.264000
55305.377667	500.816000
55410.627161	504.993000
55436.627389	505.892000
55556.204873	510.628000
55564.357670	510.905000
55670.441506	515.009000
55697.721464	515.951000
55808.936147	520.310000
55836.372586	521.262000
55941.077932	525.407000
55964.014208	526.200000
56066.295129	530.132000
56108.823624	531.621000
56211.836894	535.482000
56245.474231	536.643000
56344.417509	540.271000
56390.468198	541.860000
56480.716179	545.240000
56539.105371	547.207000
56624.454854	550.396000
56692.283590	552.740000
56759.532784	555.319000
56811.210455	557.222000
56897.976662	560.510000
56974.953423	563.398000
57023.874516	565.259000
57097.702201	567.944000
57163.698198	570.435000
57252.306837	573.708000
57300.458906	575.583000
57374.292821	578.414000
57416.669948	580.041000
57519.683092	584.004000
57556.285737	585.387000
57654.084031	589.133000
57685.951067	590.322000
57781.851030	593.970000
57808.479618	594.976000
57932.681627	599.676000
57947.018088	600.215000
58057.252665	604.365000
58081.715119	605.275000
58200.161026	609.742000
58205.775163	609.946000
58341.538836	614.938000
58344.666100	615.047000
58488.891935	620.125000
58489.823006	620.156000
58620.078985	624.711000
58634.908658	625.251000
58764.239738	629.762000
58784.939832	630.487000
58917.447679	635.066000
58939.478498	635.831000
59041.352289	639.443000
59072.941758	640.576000
59188.936941	644.808000
59218.425072	645.863000
59323.636920	649.733000
59367.610336	651.291000
59456.362731	654.497000
59497.350617	655.922000
59610.238834	659.955000
59646.550334	661.171000
59756.920762	665.158000
59793.403592	666.365000
59904.003192	670.252000
59934.884288	671.262000
60051.872767	675.264000
60082.149217	676.219000
60214.529180	680.725000
60238.443645	681.456000
60362.700095	685.713000
60391.720918	686.579000
60522.273991	690.946000
60535.228721	691.321000
60680.820677	695.965000
60699.694088	696.486000
60862.977669	701.538000
60867.961180	701.679000
61007.832863	706.200000
61018.874668	706.510000
61183.163479	711.622000
61188.984939	711.800000
61361.432117	716.654000
61363.322145	716.712000
61537.523195	721.468000
61555.427312	722.031000
61732.088972	726.860000
61735.130631	726.956000
61905.757659	731.529000
61940.483443	732.597000
62079.529496	736.508000
62104.078438	737.234000
62270.161920	741.883000
62297.903118	742.696000
62432.251404	746.330000
62486.512386	747.857000
62640.273066	751.774000
62680.793809	752.874000
62834.717191	756.568000
62898.000727	758.249000
63039.814826	761.437000
63101.517568	763.056000
63273.445633	766.695000
63349.379974	768.581000
63488.343569	771.533000
63576.911434	773.590000
63719.260385	776.646000
63809.461744	778.612000
63939.218355	781.338000
64062.572690	783.938000
64201.038138	786.666000
64319.048561	789.177000
64450.649350	791.687000
64561.397383	793.950000
64691.507625	796.300000
64850.230437	799.545000
64977.497166	801.682000
65110.270725	804.383000
65250.572358	806.688000
65402.402247	809.887000
65511.974157	811.571000
65640.360159	814.309000
65764.289839	816.435000
65960.102353	820.512000
66057.981677	822.142000
66189.663737	824.789000
66306.744148	826.486000
66519.288372	830.260000
66638.112399	831.612000
66883.597864	835.709000
67050.921166	837.345000
67254.630112	840.422000
67364.875156	841.453000
67680.242442	845.705000
67935.316982	847.005000
68351.739499	851.273000
68895.001115	845.705000
69729.291072	841.453000
69805.759480	840.422000
70134.783730	837.345000
70243.093069	835.709000
70662.117256	831.612000
70743.126860	830.260000
71074.814639	826.486000
71170.386327	824.789000
71353.009691	822.142000
71434.098379	820.512000
71678.916786	816.435000
71781.025544	814.309000
71940.630184	811.571000
72019.593671	809.887000
72227.741260	806.688000
72337.140414	804.383000
72501.545929	801.682000
72606.594834	799.545000
72799.847309	796.300000
72914.792950	793.950000
73040.086345	791.687000
73162.922211	789.177000
73294.575430	786.666000
73422.784284	783.938000
73554.752820	781.338000
73684.085096	778.612000
73777.665983	776.646000
73917.877251	773.590000
74013.692628	771.533000
74140.796341	768.581000
74229.578638	766.695000
74376.092460	763.056000
74452.583676	761.437000
74574.083578	758.249000
74648.860711	756.568000
74787.926377	752.874000
74833.761710	751.774000
74978.052391	747.857000
75037.994326	746.330000
75167.126224	742.696000
75197.182679	741.883000
75355.815923	737.234000
75381.751954	736.508000
75513.998393	732.597000
75551.968525	731.529000
75700.658608	726.956000
75704.240545	726.860000
75857.242340	722.031000
75877.838843	721.468000
76029.085704	716.712000
76031.210107	716.654000
76189.385879	711.800000
76195.709653	711.622000
76362.896734	706.510000
76372.859475	706.200000
76533.891729	701.679000
76538.254017	701.538000
76716.812135	696.486000
76733.651159	695.965000
76901.881713	691.321000
76913.638169	690.946000
77064.500313	686.579000
77090.389702	685.713000
77233.047489	681.456000
77254.384455	680.725000
77401.797008	676.219000
77429.853569	675.264000
77556.729333	671.262000
77586.254161	670.252000
77705.100519	666.365000
77739.444156	665.158000
77859.955374	661.171000
77893.617385	659.955000
78014.048537	655.922000
78053.935894	654.497000
78146.151446	651.291000
78189.281899	649.733000
78298.509830	645.863000
78327.191613	644.808000
78445.479549	640.576000
78476.534025	639.443000
78577.241142	635.831000
78598.817402	635.066000
78730.685529	630.487000
78751.665697	629.762000
78880.463110	625.251000
78895.944995	624.711000
79021.036031	620.156000
79021.922515	620.125000
79174.437931	615.047000
79177.533760	614.938000
79320.756694	609.946000
79326.304729	609.742000
79449.237800	605.275000
79473.367143	604.365000
79584.926684	600.215000
79599.243897	599.676000
79724.255706	594.976000
79750.840221	593.970000
79847.401941	590.322000
79878.658809	589.133000
79979.057394	585.387000
80015.163918	584.004000
80120.049155	580.041000
80162.340950	578.414000
80236.077672	575.583000
80284.978622	573.708000
80369.032875	570.435000
80436.470736	567.944000
80507.606525	565.259000
80558.777223	563.398000
80634.695609	560.510000
80722.333971	557.222000
80772.551761	555.319000
80842.586818	552.740000
80903.708225	550.396000
80995.988874	547.207000
81048.633099	545.240000
81148.966331	541.860000
81191.393563	540.271000
81296.536356	536.643000
81328.199296	535.482000
81440.062999	531.621000
81479.790209	530.132000
81592.095140	526.200000
81612.723007	525.407000
81732.610606	521.262000
81756.658734	520.310000
81882.284191	515.951000
81906.318197	515.009000
82025.168460	510.905000
82032.328602	510.628000
82171.720829	505.892000
82194.419342	504.993000
82315.223514	500.816000
82329.132473	500.264000
82453.764390	495.899000
82462.898888	495.543000
82598.132740	490.828000
82618.870444	490.016000
82734.504173	485.881000
82754.478368	485.093000
82871.131604	481.018000
82880.966174	480.636000
83020.551526	475.799000
83044.669904	474.886000
83157.213717	471.035000
83177.377948	470.271000
83303.876263	465.863000
83316.455301	465.384000
83441.070992	460.935000
83460.080351	460.219000
83579.124522	455.775000
83596.291234	455.120000
83706.872451	450.952000
83719.815854	450.473000
83844.245985	445.844000
83866.344932	445.054000
83980.390021	440.736000
83992.779975	440.307000
84118.499456	435.603000
84123.497109	435.436000
84249.259328	430.860000
84269.362118	430.208000
84400.033018	425.527000
84409.659302	425.214000
84538.985656	420.606000
84543.245032	420.465000
84689.247751	415.453000
84698.030187	415.167000
84839.143066	410.461000
84841.082872	410.396000
84997.121366	405.327000
85003.257667	405.127000
85141.635428	400.448000
85141.966862	400.437000
85301.548186	395.342000
85314.536788	394.906000
85454.051339	390.217000
85458.201552	390.076000
85588.816502	385.599000
85607.312161	384.951000
85747.366349	380.081000
85750.493824	379.967000
85880.514867	375.273000
85893.578444	374.776000
86016.103129	370.228000
86033.243536	369.562000
86150.895940	365.127000
86164.815037	364.580000
86284.712242	360.144000
86300.627156	359.503000
86432.593585	355.093000
86451.959491	354.326000
86588.121046	349.919000
86606.757338	349.213000
86748.169038	344.932000
86771.482185	344.079000
86917.551110	339.886000
86945.134281	338.969000
87097.645509	334.400000
87119.463710	333.681000
87244.853599	329.779000
87278.799526	328.662000
87415.450142	324.327000
87445.117210	323.373000
87577.963757	319.214000
87608.916634	318.264000
87742.343525	314.026000
87780.984198	312.979000
87919.752296	309.113000
87963.988888	307.959000
88107.190915	303.864000
88159.833735	302.446000
88293.759400	298.680000
88324.286577	297.810000
88478.762754	293.920000
88545.339755	292.052000
88689.924909	288.916000
88754.042917	287.172000
88965.980054	283.681000
89034.359046	282.056000
89397.736347	278.949000
89507.602853	276.755000
89773.055152	282.056000
89963.106042	283.681000
90110.005155	287.172000
90215.882660	288.916000
90331.177426	292.052000
90417.301491	293.920000
90555.944176	297.810000
90590.492832	298.680000
90722.636909	302.446000
90773.063514	303.864000
90925.089147	307.959000
90965.444492	309.113000
91113.640910	312.979000
91151.222440	314.026000
91307.630438	318.264000
91337.539722	319.214000
91473.048159	323.373000
91503.520774	324.327000
91638.328677	328.662000
91673.539459	329.779000
91792.122275	333.681000
91815.227178	334.400000
91953.874411	338.969000
91984.483471	339.886000
92110.608047	344.079000
92140.323476	344.932000
92257.326506	349.213000
92280.647379	349.919000
92396.979020	354.326000
92420.676754	355.093000
92532.024402	359.503000
92551.205917	360.144000
92661.344071	364.580000
92676.128510	365.127000
92788.982616	369.562000
92806.650373	370.228000
92923.699279	374.776000
92937.088630	375.273000
93060.469782	379.967000
93063.627515	380.081000
93197.231077	384.951000
93215.866624	385.599000
93343.652223	390.076000
93347.765850	390.217000
93485.782537	394.906000
93498.755099	395.342000
93650.537039	400.437000
93650.881572	400.448000
93791.861515	405.127000
93797.776358	405.327000
93953.300926	410.396000
93955.301815	410.461000
94095.743805	415.167000
94104.319726	415.453000
94258.227313	420.465000
94262.334732	420.606000
94401.534773	425.214000
94410.319310	425.527000
94554.282993	430.208000
94572.483683	430.860000
94713.573204	435.436000
94718.162865	435.603000
94858.935100	440.307000
94870.400588	440.736000
94995.108801	445.054000
95015.973928	445.844000
95145.462568	450.473000
95158.338359	450.952000
95270.964874	455.120000
95288.342681	455.775000
95404.814236	460.219000
95423.994170	460.935000
95542.112382	465.384000
95555.529086	465.863000
95671.287743	470.271000
95693.212588	471.035000
95794.851920	474.886000
95821.533951	475.799000
95949.311161	480.636000
95960.334854	481.018000
96065.245513	485.093000
96087.803243	485.881000
96192.617070	490.016000
96215.324346	490.828000
96335.740942	495.543000
96345.951600	495.899000
96457.951830	500.264000
96473.712842	500.816000
96578.962335	504.993000
96604.962563	505.892000
96724.540048	510.628000
96732.692845	510.905000
96838.776680	515.009000
96866.056638	515.951000
96977.271322	520.310000
97004.707760	521.262000
97109.413106	525.407000
97132.349383	526.200000
97234.630304	530.132000
97277.158798	531.621000
97380.172068	535.482000
97413.809406	536.643000
97512.752683	540.271000
97558.803372	541.860000
97649.051353	545.240000
97707.440545	547.207000
97792.790028	550.396000
97860.618764	552.740000
97927.867958	555.319000
97979.545629	557.222000
98066.311836	560.510000
98143.288597	563.398000
98192.209690	565.259000
98266.037376	567.944000
98332.033372	570.435000
98420.642011	573.708000
98468.794081	575.583000
98542.627995	578.414000
98585.005122	580.041000
98688.018266	584.004000
98724.620911	585.387000
98822.419205	589.133000
98854.286241	590.322000
98950.186204	593.970000
98976.814793	594.976000
99101.016802	599.676000
99115.353262	600.215000
99225.587840	604.365000
99250.050293	605.275000
99368.496201	609.742000
99374.110337	609.946000
99509.874011	614.938000
99513.001274	615.047000
99657.227109	620.125000
99658.158180	620.156000
99788.414159	624.711000
99803.243832	625.251000
99932.574912	629.762000
99953.275006	630.487000
100085.782853	635.066000
100107.813672	635.831000
100209.687463	639.443000
100241.276932	640.576000
100357.272115	644.808000
100386.760247	645.863000
100491.972095	649.733000
100535.945510	651.291000
100624.697905	654.497000
100665.685791	655.922000
100778.574008	659.955000
100814.885509	661.171000
100925.255937	665.158000
100961.738766	666.365000
101072.338366	670.252000
101103.219462	671.262000
101220.207942	675.264000
101250.484392	676.219000
101382.864354	680.725000
101406.778819	681.456000
101531.035269	685.713000
101560.056092	686.579000
101690.609165	690.946000
101703.563895	691.321000
101849.155852	695.965000
101868.029262	696.486000
102031.312844	701.538000
102036.296354	701.679000
102176.168037	706.200000
102187.209842	706.510000
102351.498654	711.622000
102357.320113	711.800000
102529.767292	716.654000
102531.657319	716.712000
102705.858369	721.468000
102723.762487	722.031000
102900.424146	726.860000
102903.465806	726.956000
103074.092833	731.529000
103108.818617	732.597000
103247.864670	736.508000
103272.413613	737.234000
103438.497095	741.883000
103466.238292	742.696000
103600.586579	746.330000
103654.847561	747.857000
103808.608241	751.774000
103849.128983	752.874000
104003.052365	756.568000
104066.335902	758.249000
104208.150001	761.437000
104269.852742	763.056000
104441.780807	766.695000
104517.715148	768.581000
104656.678743	771.533000
104745.246608	773.590000
104887.595559	776.646000
104977.796918	778.612000
105107.553529	781.338000
105230.907865	783.938000
105369.373313	786.666000
105487.383735	789.177000
105618.984524	791.687000
105729.732557	793.950000
105859.842800	796.300000
106018.565611	799.545000
106145.832341	801.682000
106278.605899	804.383000
106418.907533	806.688000
106570.737421	809.887000
106680.309331	811.571000
106808.695333	814.309000
106932.625013	816.435000
107128.437527	820.512000
107226.316851	822.142000
107357.998911	824.789000
107475.079323	826.486000
107687.623546	830.260000
107806.447573	831.612000
108051.933038	835.709000
108219.256340	837.345000
108422.965286	840.422000
108533.210330	841.453000
108848.577616	845.705000
109103.652156	847.005000
109520.074673	851.273000
110063.336289	845.705000
110897.626246	841.453000
110974.094655	840.422000
111303.118905	837.345000
111411.428243	835.709000
111830.452430	831.612000
111911.462034	830.260000
112243.149814	826.486000
112338.721501	824.789000
112521.344866	822.142000
112602.433554	820.512000
112847.251960	816.435000
112949.360718	814.309000
113108.965358	811.571000
113187.928845	809.887000
113396.076434	806.688000
113505.475588	804.383000
113669.881103	801.682000
113774.930009	799.545000
113968.182483	796.300000
114083.128125	793.950000
114208.421519	791.687000
114331.257385	789.177000
114462.910604	786.666000
114591.119459	783.938000
114723.087994	781.338000
114852.420270	778.612000
114946.001157	776.646000
115086.212425	773.590000
115182.027802	771.533000
115309.131515	768.581000
115397.913812	766.695000
115544.427634	763.056000
115620.918851	761.437000
115742.418752	758.249000
115817.195886	756.568000
115956.261551	752.874000
116002.096884	751.774000
116146.387566	747.857000
116206.329500	746.330000
116335.461399	742.696000
116365.517853	741.883000
116524.151097	737.234000
116550.087128	736.508000
116682.333568	732.597000
116720.303699	731.529000
116868.993783	726.956000
116872.575719	726.860000
117025.577514	722.031000
117046.174018	721.468000
117197.420878	716.712000
117199.545281	716.654000
117357.721053	711.800000
117364.044827	711.622000
117531.231908	706.510000
117541.194649	706.200000
117702.226903	701.679000
117706.589192	701.538000
117885.147310	696.486000
117901.986333	695.965000
118070.216887	691.321000
118081.973344	690.946000
118232.835487	686.579000
118258.724876	685.713000
118401.382663	681.456000
118422.719629	680.725000
118570.132182	676.219000
118598.188744	675.264000
118725.064507	671.262000
118754.589335	670.252000
118873.435693	666.365000
118907.779330	665.158000
119028.290548	661.171000
119061.952560	659.955000
119182.383712	655.922000
119222.271069	654.497000
119314.486620	651.291000
119357.617073	649.733000
119466.845004	645.863000
119495.526787	644.808000
119613.814723	640.576000
119644.869199	639.443000
119745.576316	635.831000
119767.152576	635.066000
119899.020704	630.487000
119920.000872	629.762000
120048.798284	625.251000
120064.280169	624.711000
120189.371205	620.156000
120190.257689	620.125000
120342.773106	615.047000
120345.868934	614.938000
120489.091868	609.946000
120494.639903	609.742000
120617.572974	605.275000
120641.702317	604.365000
120753.261858	600.215000
120767.579072	599.676000
120892.590880	594.976000
120919.175395	593.970000
121015.737115	590.322000
121046.993984	589.133000
121147.392568	585.387000
121183.499093	584.004000
121288.384329	580.041000
121330.676125	578.414000
121404.412846	575.583000
121453.313797	573.708000
121537.368049	570.435000
121604.805910	567.944000
121675.941699	565.259000
121727.112397	563.398000
121803.030784	560.510000
121890.669145	557.222000
121940.886935	555.319000
122010.921992	552.740000
122072.043399	550.396000
122164.324048	547.207000
122216.968273	545.240000
122317.301506	541.860000
122359.728737	540.271000
122464.871531	536.643000
122496.534470	535.482000
122608.398173	531.621000
122648.125384	530.132000
122760.430315	526.200000
122781.058181	525.407000
122900.945780	521.262000
122924.993908	520.310000
123050.619365	515.951000
123074.653371	515.009000
123193.503634	510.905000
123200.663776	510.628000
123340.056003	505.892000
123362.754516	504.993000
123483.558689	500.816000
123497.467647	500.264000
123622.099564	495.899000
123631.234062	495.543000
123766.467914	490.828000
123787.205619	490.016000
123902.839347	485.881000
123922.813542	485.093000
124039.466778	481.018000
124049.301348	480.636000
124188.886701	475.799000
124213.005078	474.886000
124325.548892	471.035000
124345.713122	470.271000
124472.211438	465.863000
124484.790475	465.384000
124609.406166	460.935000
124628.415525	460.219000
124747.459696	455.775000
124764.626408	455.120000
124875.207625	450.952000
124888.151028	450.473000
125012.581159	445.844000
125034.680106	445.054000
125148.725195	440.736000
125161.115149	440.307000
125286.834630	435.603000
125291.832284	435.436000
125417.594502	430.860000
125437.697292	430.208000
125568.368193	425.527000
125577.994476	425.214000
125707.320830	420.606000
125711.580207	420.465000
125857.582925	415.453000
125866.365361	415.167000
126007.478240	410.461000
126009.418047	410.396000
126165.456540	405.327000
126171.592842	405.127000
126309.970603	400.448000
126310.302037	400.437000
126469.883360	395.342000
126482.871962	394.906000
126622.386513	390.217000
126626.536727	390.076000
126757.151676	385.599000
126775.647336	384.951000
126915.701523	380.081000
126918.828999	379.967000
127048.850041	375.273000
127061.913618	374.776000
127184.438303	370.228000
127201.578710	369.562000
127319.231115	365.127000
127333.150212	364.580000
127453.047416	360.144000
127468.962330	359.503000
127600.928759	355.093000
127620.294665	354.326000
127756.456220	349.919000
127775.092512	349.213000
127916.504212	344.932000
127939.817360	344.079000
128085.886284	339.886000
128113.469455	338.969000
128265.980683	334.400000
128287.798884	333.681000
128413.188773	329.779000
128447.134700	328.662000
128583.785316	324.327000
128613.452384	323.373000
128746.298931	319.214000
128777.251808	318.264000
128910.678699	314.026000
128949.319373	312.979000
129088.087470	309.113000
129132.324062	307.959000
129275.526090	303.864000
129328.168909	302.446000
129462.094575	298.680000
129492.621751	297.810000
129647.097928	293.920000
129713.674930	292.052000
129858.260083	288.916000
129922.378091	287.172000
130134.315229	283.681000
130202.694220	282.056000
130566.071521	278.949000
130675.938027	276.755000
130941.390327	282.056000
131131.441217	283.681000
131278.340330	287.172000
131384.217834	288.916000
131499.512600	292.052000
131585.636665	293.920000
131724.279350	297.810000
131758.828007	298.680000
131890.972083	302.446000
131941.398688	303.864000
132093.424321	307.959000
132133.779666	309.113000
132281.976084	312.979000
132319.557615	314.026000
132475.965612	318.264000
132505.874896	319.214000
132641.383333	323.373000
132671.855948	324.327000
132806.663852	328.662000
132841.874633	329.779000
132960.457450	333.681000
132983.562352	334.400000
133122.209586	338.969000
133152.818646	339.886000
133278.943222	344.079000
133308.658650	344.932000
133425.661680	349.213000
133448.982553	349.919000
133565.314194	354.326000
133589.011928	355.093000
133700.359576	359.503000
133719.541091	360.144000
133829.679246	364.580000
133844.463685	365.127000
133957.317790	369.562000
133974.985547	370.228000
134092.034454	374.776000
134105.423805	375.273000
134228.804957	379.967000
134231.962690	380.081000
134365.566252	384.951000
134384.201799	385.599000
134511.987397	390.076000
134516.101024	390.217000
134654.117712	394.906000
134667.090274	395.342000
134818.872213	400.437000
134819.216746	400.448000
134960.196689	405.127000
134966.111533	405.327000
135121.636101	410.396000
135123.636989	410.461000
135264.078980	415.167000
135272.654901	415.453000
135426.562487	420.465000
135430.669906	420.606000
135569.869947	425.214000
135578.654485	425.527000
135722.618168	430.208000
135740.818857	430.860000
135881.908378	435.436000
135886.498039	435.603000
136027.270274	440.307000
136038.735763	440.736000
136163.443975	445.054000
136184.309103	445.844000
136313.797743	450.473000
136326.673533	450.952000
136439.300049	455.120000
136456.677855	455.775000
136573.149410	460.219000
136592.329344	460.935000
136710.447556	465.384000
136723.864260	465.863000
136839.622918	470.271000
136861.547762	471.035000
136963.187095	474.886000
136989.869126	475.799000
137117.646335	480.636000
137128.670029	481.018000
137233.580687	485.093000
137256.138417	485.881000
137360.952244	490.016000
137383.659521	490.828000
137504.076116	495.543000
137514.286774	495.899000
137626.287004	500.264000
137642.048016	500.816000
137747.297510	504.993000
137773.297737	505.892000
137892.875222	510.628000
137901.028019	510.905000
138007.111854	515.009000
138034.391813	515.951000
138145.606496	520.310000
138173.042935	521.262000
138277.748280	525.407000
138300.684557	526.200000
138402.965478	530.132000
138445.493973	531.621000
138548.507243	535.482000
138582.144580	536.643000
138681.087857	540.271000
138727.138546	541.860000
138817.386528	545.240000
138875.775720	547.207000
138961.125202	550.396000
139028.953939	552.740000
139096.203132	555.319000
139147.880803	557.222000
139234.647011	560.510000
139311.623771	563.398000
139360.544864	565.259000
139434.372550	567.944000
139500.368546	570.435000
139588.977185	573.708000
139637.129255	575.583000
139710.963170	578.414000
139753.340297	580.041000
139856.353440	584.004000
139892.956085	585.387000
139990.754380	589.133000
140022.621416	590.322000
140118.521378	593.970000
140145.149967	594.976000
140269.351976	599.676000
140283.688436	600.215000
140393.923014	604.365000
140418.385467	605.275000
140536.831375	609.742000
140542.445511	609.946000
140678.209185	614.938000
140681.336449	615.047000
140825.562284	620.125000
140826.493354	620.156000
140956.749334	624.711000
140971.579007	625.251000
141100.910086	629.762000
141121.610180	630.487000
141254.118028	635.066000
141276.148846	635.831000
141378.022637	639.443000
141409.612107	640.576000
141525.607289	644.808000
141555.095421	645.863000
141660.307269	649.733000
141704.280684	651.291000
141793.033080	654.497000
141834.020965	655.922000
141946.909183	659.955000
141983.220683	661.171000
142093.591111	665.158000
142130.073940	666.365000
142240.673540	670.252000
142271.554637	671.262000
142388.543116	675.264000
142418.819566	676.219000
142551.199529	680.725000
142575.113993	681.456000
142699.370444	685.713000
142728.391267	686.579000
142858.944340	690.946000
142871.899069	691.321000
143017.491026	695.965000
143036.364436	696.486000
143199.648018	701.538000
143204.631528	701.679000
143344.503212	706.200000
143355.545016	706.510000
143519.833828	711.622000
143525.655287	711.800000
143698.102466	716.654000
143699.992494	716.712000
143874.193543	721.468000
143892.097661	722.031000
144068.759321	726.860000
144071.800980	726.956000
144242.428008	731.529000
144277.153791	732.597000
144416.199844	736.508000
144440.748787	737.234000
144606.832269	741.883000
144634.573466	742.696000
144768.921753	746.330000
144823.182735	747.857000
144976.943415	751.774000
145017.464158	752.874000
145171.387539	756.568000
145234.671076	758.249000
145376.485175	761.437000
145438.187917	763.056000
145610.115981	766.695000
145686.050323	768.581000
145825.013917	771.533000
145913.581783	773.590000
146055.930734	776.646000
146146.132093	778.612000
146275.888704	781.338000
146399.243039	783.938000
146537.708487	786.666000
146655.718910	789.177000
146787.319698	791.687000
146898.067732	793.950000
147028.177974	796.300000
147186.900785	799.545000
147314.167515	801.682000
147446.941073	804.383000
147587.242707	806.688000
147739.072595	809.887000
147848.644505	811.571000
147977.030507	814.309000
148100.960187	816.435000
148296.772702	820.512000
148394.652025	822.142000
148526.334085	824.789000
148643.414497	826.486000
148855.958720	830.260000
148974.782747	831.612000
149220.268212	835.709000
149387.591515	837.345000
149591.300460	840.422000
149701.545505	841.453000
150016.912790	845.705000
150271.987330	847.005000
150688.409848	851.273000
151231.671463	845.705000
152065.961421	841.453000
152142.429829	840.422000
152471.454079	837.345000
152579.763418	835.709000
152998.787604	831.612000
153079.797208	830.260000
153411.484988	826.486000
153507.056675	824.789000
153689.680040	822.142000
153770.768728	820.512000
154015.587135	816.435000
154117.695892	814.309000
154277.300532	811.571000
154356.264019	809.887000
154564.411608	806.688000
154673.810762	804.383000
154838.216277	801.682000
154943.265183	799.545000
155136.517657	796.300000
155251.463299	793.950000
155376.756694	791.687000
155499.592559	789.177000
155631.245779	786.666000
155759.454633	783.938000
155891.423168	781.338000
156020.755445	778.612000
156114.336331	776.646000
156254.547599	773.590000
156350.362976	771.533000
156477.466690	768.581000
156566.248986	766.695000
156712.762809	763.056000
156789.254025	761.437000
156910.753927	758.249000
156985.531060	756.568000
157124.596725	752.874000
157170.432058	751.774000
157314.722740	747.857000
157374.664675	746.330000
157503.796573	742.696000
157533.853028	741.883000
157692.486271	737.234000
157718.422302	736.508000
157850.668742	732.597000
157888.638873	731.529000
158037.328957	726.956000
158040.910893	726.860000
158193.912689	722.031000
158214.509192	721.468000
158365.756052	716.712000
158367.880455	716.654000
158526.056227	711.800000
158532.380001	711.622000
158699.567082	706.510000
158709.529823	706.200000
158870.562077	701.679000
158874.924366	701.538000
159053.482484	696.486000
159070.321507	695.965000
159238.552061	691.321000
159250.308518	690.946000
159401.170662	686.579000
159427.060050	685.713000
159569.717837	681.456000
159591.054804	680.725000
159738.467357	676.219000
159766.523918	675.264000
159893.399681	671.262000
159922.924510	670.252000
160041.770867	666.365000
160076.114504	665.158000
160196.625722	661.171000
160230.287734	659.955000
160350.718886	655.922000
160390.606243	654.497000
160482.821794	651.291000
160525.952247	649.733000
160635.180178	645.863000
160663.861961	644.808000
160782.149898	640.576000
160813.204374	639.443000
160913.911490	635.831000
160935.487750	635.066000
161067.355878	630.487000
161088.336046	629.762000
161217.133458	625.251000
161232.615343	624.711000
161357.706380	620.156000
161358.592864	620.125000
161511.108280	615.047000
161514.204108	614.938000
161657.427042	609.946000
161662.975077	609.742000
161785.908148	605.275000
161810.037492	604.365000
161921.597032	600.215000
161935.914246	599.676000
162060.926054	594.976000
162087.510569	593.970000
162184.072290	590.322000
162215.329158	589.133000
162315.727742	585.387000
162351.834267	584.004000
162456.719504	580.041000
162499.011299	578.414000
162572.748021	575.583000
162621.648971	573.708000
162705.703224	570.435000
162773.141085	567.944000
162844.276874	565.259000
162895.447571	563.398000
162971.365958	560.510000
163059.004319	557.222000
163109.222109	555.319000
163179.257166	552.740000
163240.378574	550.396000
163332.659223	547.207000
163385.303447	545.240000
163485.636680	541.860000
163528.063912	540.271000
163633.206705	536.643000
163664.869645	535.482000
163776.733348	531.621000
163816.460558	530.132000
163928.765489	526.200000
163949.393355	525.407000
164069.280954	521.262000
164093.329082	520.310000
164218.954540	515.951000
164242.988545	515.009000
164361.838809	510.905000
164368.998951	510.628000
164508.391177	505.892000
164531.089690	504.993000
164651.893863	500.816000
164665.802822	500.264000
164790.434739	495.899000
164799.569236	495.543000
164934.803089	490.828000
164955.540793	490.016000
165071.174521	485.881000
165091.148716	485.093000
165207.801953	481.018000
165217.636522	480.636000
165357.221875	475.799000
165381.340252	474.886000
165493.884066	471.035000
165514.048296	470.271000
165640.546612	465.863000
165653.125649	465.384000
165777.741340	460.935000
165796.750700	460.219000
165915.794870	455.775000
165932.961583	455.120000
166043.542800	450.952000
166056.486202	450.473000
166180.916334	445.844000
166203.015281	445.054000
166317.060369	440.736000
166329.450324	440.307000
166455.169804	435.603000
166460.167458	435.436000
166585.929676	430.860000
166606.032467	430.208000
166736.703367	425.527000
166746.329650	425.214000
166875.656005	420.606000
166879.915381	420.465000
167025.918099	415.453000
167034.700535	415.167000
167175.813414	410.461000
167177.753221	410.396000
167333.791714	405.327000
167339.928016	405.127000
167478.305777	400.448000
167478.637211	400.437000
167638.218534	395.342000
167651.207136	394.906000
167790.721687	390.217000
167794.871901	390.076000
167925.486850	385.599000
167943.982510	384.951000
168084.036697	380.081000
168087.164173	379.967000
168217.185215	375.273000
168230.248793	374.776000
168352.773477	370.228000
168369.913885	369.562000
168487.566289	365.127000
168501.485386	364.580000
168621.382591	360.144000
168637.297504	359.503000
168769.263933	355.093000
168788.629839	354.326000
168924.791395	349.919000
168943.427687	349.213000
169084.839387	344.932000
169108.152534	344.079000
169254.221458	339.886000
169281.804629	338.969000
169434.315857	334.400000
169456.134058	333.681000
169581.523948	329.779000
169615.469874	328.662000
169752.120490	324.327000
169781.787558	323.373000
169914.634106	319.214000
169945.586982	318.264000
170079.013874	314.026000
170117.654547	312.979000
170256.422644	309.113000
170300.659237	307.959000
170443.861264	303.864000
170496.504084	302.446000
170630.429749	298.680000
170660.956926	297.810000
170815.433102	293.920000
170882.010104	292.052000
171026.595258	288.916000
171090.713266	287.172000
171302.650403	283.681000
171371.029394	282.056000
171734.406696	278.949000
171844.273201	276.755000
172109.725501	282.056000
172299.776391	283.681000
172446.675504	287.172000
172552.553008	288.916000
172667.847775	292.052000
172753.971840	293.920000
172892.614524	297.810000
172927.163181	298.680000
173059.307258	302.446000
173109.733862	303.864000
173261.759495	307.959000
173302.114841	309.113000
173450.311258	312.979000
173487.892789	314.026000
173644.300787	318.264000
173674.210071	319.214000
173809.718507	323.373000
173840.191123	324.327000
173974.999026	328.662000
174010.209808	329.779000
174128.792624	333.681000
174151.897527	334.400000
174290.544760	338.969000
174321.153820	339.886000
174447.278396	344.079000
174476.993825	344.932000
174593.996854	349.213000
174617.317728	349.919000
174733.649368	354.326000
174757.347102	355.093000
174868.694750	359.503000
174887.876265	360.144000
174998.014420	364.580000
175012.798859	365.127000
175125.652964	369.562000
175143.320721	370.228000
175260.369628	374.776000
175273.758979	375.273000
175397.140131	379.967000
175400.297864	380.081000
175533.901426	384.951000
175552.536973	385.599000
175680.322571	390.076000
175684.436198	390.217000
175822.452886	394.906000
175835.425448	395.342000
175987.207387	400.437000
175987.551920	400.448000
176128.531864	405.127000
176134.446707	405.327000
176289.971275	410.396000
176291.972163	410.461000
176432.414154	415.167000
176440.990075	415.453000
176594.897661	420.465000
176599.005080	420.606000
176738.205121	425.214000
176746.989659	425.527000
176890.953342	430.208000
176909.154031	430.860000
177050.243552	435.436000
177054.833214	435.603000
177195.605449	440.307000
177207.070937	440.736000
177331.779150	445.054000
177352.644277	445.844000
177482.132917	450.473000
177495.008707	450.952000
177607.635223	455.120000
177625.013029	455.775000
177741.484585	460.219000
177760.664519	460.935000
177878.782731	465.384000
177892.199435	465.863000
178007.958092	470.271000
178029.882936	471.035000
178131.522269	474.886000
178158.204300	475.799000
178285.981510	480.636000
178297.005203	481.018000
178401.915861	485.093000
178424.473592	485.881000
178529.287419	490.016000
178551.994695	490.828000
178672.411291	495.543000
178682.621948	495.899000
178794.622178	500.264000
178810.383190	500.816000
178915.632684	504.993000
178941.632912	505.892000
179061.210396	510.628000
179069.363193	510.905000
179175.447029	515.009000
179202.726987	515.951000
179313.941670	520.310000
179341.378109	521.262000
179446.083455	525.407000
179469.019731	526.200000
179571.300652	530.132000
179613.829147	531.621000
179716.842417	535.482000
179750.479754	536.643000
179849.423032	540.271000
179895.473720	541.860000
179985.721702	545.240000
180044.110894	547.207000
180129.460376	550.396000
180197.289113	552.740000
180264.538306	555.319000
180316.215978	557.222000
180402.982185	560.510000
180479.958945	563.398000
180528.880039	565.259000
180602.707724	567.944000
180668.703721	570.435000
180757.312360	573.708000
180805.464429	575.583000
180879.298344	578.414000
180921.675471	580.041000
181024.688615	584.004000
181061.291260	585.387000
181159.089554	589.133000
181190.956590	590.322000
181286.856553	593.970000
181313.485141	594.976000
181437.687150	599.676000
181452.023611	600.215000
181562.258188	604.365000
181586.720642	605.275000
181705.166549	609.742000
181710.780685	609.946000
181846.544359	614.938000
181849.671623	615.047000
181993.897458	620.125000
181994.828529	620.156000
182125.084508	624.711000
182139.914181	625.251000
182269.245260	629.762000
182289.945354	630.487000
182422.453202	635.066000
182444.484020	635.831000
182546.357812	639.443000
182577.947281	640.576000
182693.942464	644.808000
182723.430595	645.863000
182828.642443	649.733000
182872.615858	651.291000
182961.368254	654.497000
183002.356139	655.922000
183115.244357	659.955000
183151.555857	661.171000
183261.926285	665.158000
183298.409114	666.365000
183409.008715	670.252000
183439.889811	671.262000
183556.878290	675.264000
183587.154740	676.219000
183719.534703	680.725000
183743.449167	681.456000
183867.705618	685.713000
183896.726441	686.579000
184027.279514	690.946000
184040.234243	691.321000
184185.826200	695.965000
184204.699611	696.486000
184367.983192	701.538000
184372.966703	701.679000
184512.838386	706.200000
184523.880191	706.510000
184688.169002	711.622000
184693.990462	711.800000
184866.437640	716.654000
184868.327668	716.712000
185042.528718	721.468000
185060.432835	722.031000
185237.094495	726.860000
185240.136154	726.956000
185410.763182	731.529000
185445.488966	732.597000
185584.535018	736.508000
185609.083961	737.234000
185775.167443	741.883000
185802.908641	742.696000
185937.256927	746.330000
185991.517909	747.857000
186145.278589	751.774000
186185.799332	752.874000
186339.722714	756.568000
186403.006250	758.249000
186544.820349	761.437000
186606.523091	763.056000
186778.451155	766.695000
186854.385497	768.581000
186993.349092	771.533000
187081.916957	773.590000
187224.265908	776.646000
187314.467267	778.612000
187444.223878	781.338000
187567.578213	783.938000
187706.043661	786.666000
187824.054084	789.177000
187955.654873	791.687000
188066.402906	793.950000
188196.513148	796.300000
188355.235960	799.545000
188482.502689	801.682000
188615.276247	804.383000
188755.577881	806.688000
188907.407769	809.887000
189016.979679	811.571000
189145.365681	814.309000
189269.295362	816.435000
189465.107876	820.512000
189562.987200	822.142000
189694.669259	824.789000
189811.749671	826.486000
190024.293895	830.260000
190143.117922	831.612000
190388.603387	835.709000
190555.926689	837.345000
190759.635634	840.422000
190869.880679	841.453000
191185.247965	845.705000
191440.322505	847.005000
191856.745022	851.273000
192400.006638	845.705000
193234.296595	841.453000
193310.765003	840.422000
193639.789253	837.345000
193748.098592	835.709000
194167.122779	831.612000
194248.132383	830.260000
194579.820162	826.486000
194675.391849	824.789000
194858.015214	822.142000
194939.103902	820.512000
195183.922309	816.435000
195286.031067	814.309000
195445.635707	811.571000
195524.599194	809.887000
195732.746783	806.688000
195842.145936	804.383000
196006.551452	801.682000
196111.600357	799.545000
196304.852832	796.300000
196419.798473	793.950000
196545.091868	791.687000
196667.927733	789.177000
196799.580953	786.666000
196927.789807	783.938000
197059.758343	781.338000
197189.090619	778.612000
197282.671506	776.646000
197422.882774	773.590000
197518.698151	771.533000
197645.801864	768.581000
197734.584161	766.695000
197881.097983	763.056000
197957.589199	761.437000
198079.089101	758.249000
198153.866234	756.568000
198292.931899	752.874000
198338.767232	751.774000
198483.057914	747.857000
198542.999849	746.330000
198672.131747	742.696000
198702.188202	741.883000
198860.821446	737.234000
198886.757477	736.508000
199019.003916	732.597000
199056.974048	731.529000
199205.664131	726.956000
199209.246067	726.860000
199362.247863	722.031000
199382.844366	721.468000
199534.091226	716.712000
199536.215629	716.654000
199694.391402	711.800000
199700.715175	711.622000
199867.902256	706.510000
