0.000000	500.000000
112.671715	495.899000
121.524500	495.543000
251.607320	490.828000
271.711135	490.016000
383.145907	485.881000
402.518232	485.093000
514.744235	481.018000
524.273556	480.636000
658.480412	475.799000
681.812595	474.886000
789.915561	471.035000
809.423610	470.271000
931.098619	465.863000
943.272192	465.384000
1063.348938	460.935000
1081.732713	460.219000
1196.792203	455.775000
1213.407670	455.120000
1320.354523	450.952000
1332.857469	450.473000
1453.095172	445.844000
1474.391176	445.054000
1584.720058	440.736000
1596.631881	440.307000
1718.161575	435.603000
1722.953042	435.436000
1844.296149	430.860000
1863.521904	430.208000
1989.463659	425.527000
1998.671945	425.214000
2123.270030	420.606000
2127.350558	420.465000
2267.626969	415.453000
2276.029140	415.167000
2411.298370	410.461000
2413.158562	410.396000
2562.409941	405.327000
2568.280977	405.127000
2701.075071	400.448000
2701.392656	400.437000
2853.804395	395.342000
2866.261679	394.906000
3000.082410	390.217000
3004.066646	390.076000
3129.544227	385.599000
3147.341810	384.951000
3282.034360	380.081000
3285.052311	379.967000
3410.436267	375.273000
3423.078035	374.776000
3541.457056	370.228000
3558.065792	369.562000
3671.852217	365.127000
3685.348792	364.580000
3801.164097	360.144000
3816.618054	359.503000
3943.140560	355.093000
3961.927269	354.326000
4092.125313	349.919000
4110.154969	349.213000
4244.553106	344.932000
4267.055634	344.079000
4405.133355	339.886000
4431.567547	338.969000
4576.366939	334.400000
4597.261218	333.681000
4716.742099	329.779000
4749.246538	328.662000
4879.683950	324.327000
4908.035855	323.373000
5034.691685	319.214000
5064.147978	318.264000
5191.522287	314.026000
5227.813664	312.979000
5358.561966	309.113000
5399.917425	307.959000
5535.229819	303.864000
5584.637463	302.446000
5710.953969	298.680000
5739.788770	297.810000
5883.543030	293.920000
5946.321970	292.052000
6077.842546	288.916000
6138.089378	287.172000
6319.723403	283.681000
6382.839352	282.056000
6620.317003	278.949000
6718.742664	276.755000
6956.552338	282.056000
7080.756130	283.681000
7216.348608	287.172000
7307.087577	288.916000
7415.421330	292.052000
7493.763305	293.920000
7624.496753	297.810000
7656.647448	298.680000
7781.465678	302.446000
7829.027231	303.864000
7971.710094	307.959000
8009.842085	309.113000
8148.386458	312.979000
8183.796047	314.026000
8330.694666	318.264000
8359.247190	319.214000
8488.203742	323.373000
8517.256317	324.327000
8646.088086	328.662000
8679.697911	329.779000
8793.245200	333.681000
8815.261283	334.400000
8948.037307	338.969000
8977.098598	339.886000
9097.969447	344.079000
9126.059191	344.932000
9238.993917	349.213000
9261.158151	349.919000
9373.703042	354.326000
9396.362878	355.093000
9504.380331	359.503000
9522.770563	360.144000
9629.718692	364.580000
9643.999794	365.127000
9753.428147	369.562000
9770.515353	370.228000
9883.933567	374.776000
9896.869885	375.273000
10016.267192	379.967000
10019.312308	380.081000
10148.237063	384.951000
10166.159193	385.599000
10289.121820	390.076000
10293.073649	390.217000
10425.570698	394.906000
10438.013828	395.342000
10583.586911	400.437000
10583.915965	400.448000
10719.004862	405.127000
10724.681036	405.327000
10873.482444	410.396000
10875.396301	410.461000
11010.074186	415.167000
11018.294968	415.453000
11165.538622	420.465000
11169.484946	420.606000
11302.840071	425.214000
11311.303439	425.527000
11449.015861	430.208000
11466.557845	430.860000
11601.491980	435.436000
11605.920367	435.603000
11740.884797	440.307000
11751.968181	440.736000
11871.863871	445.054000
11892.049099	445.844000
12016.832902	450.473000
12029.274868	450.952000
12138.068766	455.120000
12154.875433	455.775000
12267.606937	460.219000
12286.144875	460.935000
12400.375901	465.384000
12413.303921	465.863000
12525.331296	470.271000
12546.420158	471.035000
12644.751959	474.886000
12670.381148	475.799000
12793.993165	480.636000
12804.592094	481.018000
12906.246499	485.093000
12927.948117	485.881000
13029.603655	490.016000
13051.486372	490.828000
13168.222193	495.543000
13178.043929	495.899000
13286.590011	500.264000
13301.755773	500.816000
13403.869698	504.993000
13428.863934	505.892000
13544.865159	510.628000
13552.691939	510.905000
13655.457743	515.009000
13681.679558	515.951000
13789.501143	520.310000
13815.883026	521.262000
13917.454056	525.407000
13939.502766	526.200000
14038.545955	530.132000
14079.467285	531.621000
14179.058602	535.482000
14211.390093	536.643000
14306.906993	540.271000
14351.168979	541.860000
14438.414758	545.240000
14494.431384	547.207000
14576.928861	550.396000
14642.130475	552.740000
14707.241015	555.319000
14757.143530	557.222000
14841.087063	560.510000
14915.511580	563.398000
14962.852759	565.259000
15034.083857	567.944000
15097.916606	570.435000
15183.499165	573.708000
15230.163727	575.583000
15301.648756	578.414000
15342.681110	580.041000
15442.437807	584.004000
15477.843053	585.387000
15572.523974	589.133000
15603.323295	590.322000
15696.125967	593.970000
15721.883213	594.976000
15842.033852	599.676000
15855.896859	600.215000
15962.500277	604.365000
15986.138443	605.275000
16100.695753	609.742000
16106.112109	609.946000
16237.199084	614.938000
16240.207161	615.047000
16379.039995	620.125000
16379.932391	620.156000
16505.254745	624.711000
16519.564064	625.251000
16643.972658	629.762000
16663.891002	630.487000
16791.266264	635.066000
16812.451480	635.831000
16910.565859	639.443000
16941.014689	640.576000
17052.954698	644.808000
17081.373038	645.863000
17182.963072	649.733000
17225.311578	651.291000
17310.902197	654.497000
17350.320459	655.922000
17459.102071	659.955000
17493.921542	661.171000
17600.360231	665.158000
17635.309489	666.365000
17741.759272	670.252000
17771.314039	671.262000
17883.683932	675.264000
17912.569060	676.219000
18039.673573	680.725000
18062.423010	681.456000
18181.787748	685.713000
18209.330385	686.579000
18334.507624	690.946000
18346.764446	691.321000
18485.803873	695.965000
18503.568096	696.486000
18659.074040	701.538000
18663.777574	701.679000
18797.507847	706.200000
18807.920456	706.510000
18964.465756	711.622000
18970.003774	711.800000
19132.670779	716.654000
19134.469399	716.712000
19298.224352	721.468000
19315.300954	722.031000
19481.392227	726.860000
19484.294267	726.956000
19644.339117	731.529000
19677.392316	732.597000
19808.542041	736.508000
19831.819639	737.234000
19988.387652	741.883000
20014.667951	742.696000
20140.822376	746.330000
20192.004801	747.857000
20335.312685	751.774000
20373.378209	752.874000
20515.658975	756.568000
20574.953605	758.249000
20704.729061	761.437000
20762.455023	763.056000
20918.176381	766.695000
20988.708411	768.581000
21114.654684	771.533000
21196.122897	773.590000
21325.378583	776.646000
21407.498201	778.612000
21524.865131	781.338000
21636.507375	783.938000
21760.219913	786.666000
21867.207006	789.177000
21983.999605	791.687000
22083.657575	793.950000
22197.741724	796.300000
22340.584565	799.545000
22450.204511	801.682000
22569.580834	804.383000
22689.738400	806.688000
22827.143268	809.887000
22919.248428	811.571000
23035.689046	814.309000
23143.016624	816.435000
23319.841467	820.512000
23403.967981	822.142000
23522.089845	824.789000
23618.759683	826.486000
23804.381727	830.260000
23894.011829	831.612000
24105.124243	835.709000
24222.683243	837.345000
24393.040317	840.422000
24468.733682	841.453000
24722.903291	845.705000
24839.630008	847.005000
25139.100291	851.273000
25245.650630	852.137000
25483.352807	855.657000
25779.400064	851.273000
26305.739008	847.005000
26396.955355	845.705000
26778.741508	841.453000
26840.371063	840.422000
27066.276480	837.345000
27156.853071	835.709000
27451.253576	831.612000
27520.920157	830.260000
27771.115426	826.486000
27854.581406	824.789000
28005.368124	822.142000
28078.106560	820.512000
28288.526067	816.435000
28380.733478	814.309000
28518.956860	811.571000
28590.573368	809.887000
28765.540356	806.688000
28864.545739	804.383000
29005.346427	801.682000
29099.795595	799.545000
29266.251714	796.300000
29369.697223	793.950000
29479.557831	791.687000
29590.093184	789.177000
29706.932314	786.666000
29823.165206	783.938000
29941.073050	781.338000
30058.125649	778.612000
30142.771057	776.646000
30270.419863	773.590000
30357.422137	771.533000
30474.337141	768.581000
30554.802815	766.695000
30690.892983	763.056000
30760.173797	761.437000
30873.842954	758.249000
30942.272233	756.568000
31072.572271	752.874000
31114.940663	751.774000
31250.488535	747.857000
31306.355560	746.330000
31428.161017	742.696000
31456.384338	741.883000
31606.663687	737.234000
31631.113757	736.508000
31756.511398	732.597000
31792.325232	731.529000
31933.853585	726.956000
31937.213372	726.860000
32083.192035	722.031000
32102.556166	721.468000
32246.812502	716.712000
32248.809514	716.654000
32399.335376	711.800000
32405.300503	711.622000
32564.347393	706.510000
32573.840555	706.200000
32725.696710	701.679000
32729.867462	701.538000
32898.394091	696.486000
32914.431026	695.965000
33072.774695	691.321000
33084.002039	690.946000
33226.736815	686.579000
33251.560147	685.713000
33386.951608	681.456000
33407.448583	680.725000
33547.679721	676.219000
33574.618205	675.264000
33695.663527	671.262000
33724.022745	670.252000
33837.764706	666.365000
33870.819733	665.158000
33986.265210	661.171000
34018.728076	659.955000
34134.210745	655.922000
34172.647094	654.497000
34261.331268	651.291000
34302.925213	649.733000
34408.116943	645.863000
34435.811384	644.808000
34549.807985	640.576000
34579.776801	639.443000
34676.847564	635.831000
34697.627603	635.066000
34824.434272	630.487000
34844.601790	629.762000
34968.535098	625.251000
34983.427725	624.711000
35104.129484	620.156000
35104.982392	620.125000
35251.162675	615.047000
35254.142741	614.938000
35391.907161	609.946000
35397.264081	609.742000
35515.866356	605.275000
35539.203529	604.365000
35647.003957	600.215000
35660.849558	599.676000
35781.732919	594.976000
35807.450269	593.970000
35900.852292	590.322000
35931.099654	589.133000
36028.134351	585.387000
36063.089961	584.004000
36164.544038	580.041000
36205.498907	578.414000
36276.895707	575.583000
36324.240967	573.708000
36405.698627	570.435000
36470.833412	567.944000
36539.637480	565.259000
36589.008457	563.398000
36662.475048	560.510000
36747.207669	557.222000
36795.791776	555.319000
36863.421091	552.740000
36922.598721	550.396000
37011.305183	547.207000
37062.190268	545.240000
37158.446594	541.860000
37199.462436	540.271000
37300.521268	536.643000
37331.087730	535.482000
37438.608732	531.621000
37477.016261	530.132000
37585.077153	526.200000
37605.052038	525.407000
37720.300340	521.262000
37743.628595	520.310000
37864.425474	515.951000
37887.726216	515.009000
38001.966481	510.905000
38008.902672	510.628000
38142.720839	505.892000
38164.740497	504.993000
38280.870558	500.816000
38294.365144	500.264000
38414.290049	495.899000
38423.142834	495.543000
38553.225655	490.828000
38573.329469	490.016000
38684.764241	485.881000
38704.136566	485.093000
38816.362569	481.018000
38825.891890	480.636000
38960.098746	475.799000
38983.430929	474.886000
39091.533895	471.035000
39111.041944	470.271000
39232.716953	465.863000
39244.890527	465.384000
39364.967272	460.935000
39383.351047	460.219000
39498.410537	455.775000
39515.026004	455.120000
39621.972858	450.952000
39634.475803	450.473000
39754.713506	445.844000
39776.009510	445.054000
39886.338392	440.736000
39898.250215	440.307000
40019.779909	435.603000
40024.571376	435.436000
40145.914483	430.860000
40165.140238	430.208000
40291.081993	425.527000
40300.290279	425.214000
40424.888364	420.606000
40428.968892	420.465000
40569.245303	415.453000
40577.647475	415.167000
40712.916704	410.461000
40714.776896	410.396000
40864.028275	405.327000
40869.899311	405.127000
41002.693405	400.448000
41003.010990	400.437000
41155.422729	395.342000
41167.880014	394.906000
41301.700744	390.217000
41305.684980	390.076000
41431.162561	385.599000
41448.960145	384.951000
41583.652694	380.081000
41586.670645	379.967000
41712.054601	375.273000
41724.696370	374.776000
41843.075390	370.228000
41859.684126	369.562000
41973.470551	365.127000
41986.967126	364.580000
42102.782431	360.144000
42118.236388	359.503000
42244.758894	355.093000
42263.545603	354.326000
42393.743647	349.919000
42411.773303	349.213000
42546.171441	344.932000
42568.673968	344.079000
42706.751689	339.886000
42733.185881	338.969000
42877.985273	334.400000
42898.879552	333.681000
43018.360433	329.779000
43050.864872	328.662000
43181.302284	324.327000
43209.654189	323.373000
43336.310019	319.214000
43365.766312	318.264000
43493.140621	314.026000
43529.431998	312.979000
43660.180300	309.113000
43701.535760	307.959000
43836.848154	303.864000
43886.255797	302.446000
44012.572303	298.680000
44041.407104	297.810000
44185.161364	293.920000
44247.940304	292.052000
44379.460880	288.916000
44439.707712	287.172000
44621.341737	283.681000
44684.457686	282.056000
44921.935338	278.949000
45020.360998	276.755000
45258.170672	282.056000
45382.374464	283.681000
45517.966943	287.172000
45608.705911	288.916000
45717.039664	292.052000
45795.381640	293.920000
45926.115087	297.810000
45958.265782	298.680000
46083.084012	302.446000
46130.645565	303.864000
46273.328428	307.959000
46311.460419	309.113000
46450.004792	312.979000
46485.414381	314.026000
46632.313000	318.264000
46660.865524	319.214000
46789.822076	323.373000
46818.874651	324.327000
46947.706420	328.662000
46981.316245	329.779000
47094.863535	333.681000
47116.879617	334.400000
47249.655641	338.969000
47278.716932	339.886000
47399.587781	344.079000
47427.677525	344.932000
47540.612251	349.213000
47562.776485	349.919000
47675.321376	354.326000
47697.981213	355.093000
47805.998665	359.503000
47824.388897	360.144000
47931.337026	364.580000
47945.618129	365.127000
48055.046481	369.562000
48072.133687	370.228000
48185.551901	374.776000
48198.488219	375.273000
48317.885527	379.967000
48320.930642	380.081000
48449.855397	384.951000
48467.777527	385.599000
48590.740154	390.076000
48594.691983	390.217000
48727.189032	394.906000
48739.632163	395.342000
48885.205245	400.437000
48885.534299	400.448000
49020.623196	405.127000
49026.299370	405.327000
49175.100778	410.396000
49177.014635	410.461000
49311.692520	415.167000
49319.913302	415.453000
49467.156956	420.465000
49471.103280	420.606000
49604.458405	425.214000
49612.921773	425.527000
49750.634195	430.208000
49768.176179	430.860000
49903.110314	435.436000
49907.538701	435.603000
50042.503131	440.307000
50053.586515	440.736000
50173.482205	445.054000
50193.667433	445.844000
50318.451236	450.473000
50330.893202	450.952000
50439.687100	455.120000
50456.493767	455.775000
50569.225272	460.219000
50587.763209	460.935000
50701.994235	465.384000
50714.922255	465.863000
50826.949630	470.271000
50848.038492	471.035000
50946.370293	474.886000
50971.999482	475.799000
51095.611499	480.636000
51106.210428	481.018000
51207.864834	485.093000
51229.566451	485.881000
51331.221989	490.016000
51353.104706	490.828000
51469.840527	495.543000
51479.662263	495.899000
51588.208346	500.264000
51603.374107	500.816000
51705.488032	504.993000
51730.482268	505.892000
51846.483493	510.628000
51854.310273	510.905000
51957.076077	515.009000
51983.297892	515.951000
52091.119477	520.310000
52117.501361	521.262000
52219.072390	525.407000
52241.121100	526.200000
52340.164289	530.132000
52381.085619	531.621000
52480.676937	535.482000
52513.008427	536.643000
52608.525327	540.271000
52652.787313	541.860000
52740.033092	545.240000
52796.049718	547.207000
52878.547195	550.396000
52943.748809	552.740000
53008.859349	555.319000
53058.761865	557.222000
53142.705397	560.510000
53217.129914	563.398000
53264.471093	565.259000
53335.702191	567.944000
53399.534940	570.435000
53485.117499	573.708000
53531.782061	575.583000
53603.267090	578.414000
53644.299445	580.041000
53744.056141	584.004000
53779.461387	585.387000
53874.142309	589.133000
53904.941629	590.322000
53997.744301	593.970000
54023.501547	594.976000
54143.652186	599.676000
54157.515193	600.215000
54264.118611	604.365000
54287.756777	605.275000
54402.314087	609.742000
54407.730444	609.946000
54538.817418	614.938000
54541.825495	615.047000
54680.658329	620.125000
54681.550725	620.156000
54806.873079	624.711000
54821.182398	625.251000
54945.590992	629.762000
54965.509336	630.487000
55092.884598	635.066000
55114.069814	635.831000
55212.184193	639.443000
55242.633023	640.576000
55354.573032	644.808000
55382.991372	645.863000
55484.581406	649.733000
55526.929912	651.291000
55612.520531	654.497000
55651.938793	655.922000
55760.720405	659.955000
55795.539876	661.171000
55901.978565	665.158000
55936.927823	666.365000
56043.377606	670.252000
56072.932374	671.262000
56185.302266	675.264000
56214.187394	676.219000
56341.291908	680.725000
56364.041344	681.456000
56483.406082	685.713000
56510.948719	686.579000
56636.125958	690.946000
56648.382780	691.321000
56787.422207	695.965000
56805.186430	696.486000
56960.692374	701.538000
56965.395909	701.679000
57099.126181	706.200000
57109.538790	706.510000
57266.084091	711.622000
57271.622108	711.800000
57434.289113	716.654000
57436.087733	716.712000
57599.842687	721.468000
57616.919288	722.031000
57783.010561	726.860000
57785.912602	726.956000
57945.957451	731.529000
57979.010650	732.597000
58110.160375	736.508000
58133.437973	737.234000
58290.005986	741.883000
58316.286285	742.696000
58442.440710	746.330000
58493.623135	747.857000
58636.931019	751.774000
58674.996543	752.874000
58817.277309	756.568000
58876.571939	758.249000
59006.347396	761.437000
59064.073357	763.056000
59219.794715	766.695000
59290.326746	768.581000
59416.273018	771.533000
59497.741231	773.590000
59626.996917	776.646000
59709.116535	778.612000
59826.483465	781.338000
59938.125709	783.938000
60061.838247	786.666000
60168.825340	789.177000
60285.617940	791.687000
60385.275910	793.950000
60499.360058	796.300000
60642.202899	799.545000
60751.822846	801.682000
60871.199169	804.383000
60991.356734	806.688000
61128.761602	809.887000
61220.866762	811.571000
61337.307380	814.309000
61444.634959	816.435000
61621.459801	820.512000
61705.586315	822.142000
61823.708179	824.789000
61920.378017	826.486000
62106.000061	830.260000
62195.630163	831.612000
62406.742577	835.709000
62524.301577	837.345000
62694.658651	840.422000
62770.352016	841.453000
63024.521625	845.705000
63141.248342	847.005000
63440.718625	851.273000
63547.268965	852.137000
63784.971142	855.657000
64081.018398	851.273000
64607.357342	847.005000
64698.573689	845.705000
65080.359842	841.453000
65141.989397	840.422000
65367.894814	837.345000
65458.471405	835.709000
65752.871910	831.612000
65822.538491	830.260000
66072.733760	826.486000
66156.199741	824.789000
66306.986459	822.142000
66379.724894	820.512000
66590.144401	816.435000
66682.351812	814.309000
66820.575194	811.571000
66892.191703	809.887000
67067.158690	806.688000
67166.164074	804.383000
67306.964761	801.682000
67401.413929	799.545000
67567.870048	796.300000
67671.315557	793.950000
67781.176165	791.687000
67891.711518	789.177000
68008.550649	786.666000
68124.783540	783.938000
68242.691384	781.338000
68359.743983	778.612000
68444.389392	776.646000
68572.038197	773.590000
68659.040471	771.533000
68775.955475	768.581000
68856.421149	766.695000
68992.511318	763.056000
69061.792131	761.437000
69175.461288	758.249000
69243.890567	756.568000
69374.190605	752.874000
69416.558997	751.774000
69552.106869	747.857000
69607.973894	746.330000
69729.779352	742.696000
69758.002672	741.883000
69908.282021	737.234000
69932.732092	736.508000
70058.129732	732.597000
70093.943566	731.529000
70235.471920	726.956000
70238.831707	726.860000
70384.810370	722.031000
70404.174500	721.468000
70548.430837	716.712000
70550.427848	716.654000
70700.953710	711.800000
70706.918837	711.622000
70865.965727	706.510000
70875.458889	706.200000
71027.315044	701.679000
71031.485796	701.538000
71200.012425	696.486000
71216.049360	695.965000
71374.393029	691.321000
71385.620373	690.946000
71528.355150	686.579000
71553.178481	685.713000
71688.569942	681.456000
71709.066917	680.725000
71849.298055	676.219000
71876.236539	675.264000
71997.281861	671.262000
72025.641079	670.252000
72139.383041	666.365000
72172.438067	665.158000
72287.883544	661.171000
72320.346410	659.955000
72435.829079	655.922000
72474.265428	654.497000
72562.949603	651.291000
72604.543547	649.733000
72709.735277	645.863000
72737.429718	644.808000
72851.426319	640.576000
72881.395135	639.443000
72978.465898	635.831000
72999.245937	635.066000
73126.052606	630.487000
73146.220124	629.762000
73270.153432	625.251000
73285.046059	624.711000
73405.747818	620.156000
73406.600726	620.125000
73552.781009	615.047000
73555.761076	614.938000
73693.525495	609.946000
73698.882415	609.742000
73817.484690	605.275000
73840.821863	604.365000
73948.622291	600.215000
73962.467892	599.676000
74083.351253	594.976000
74109.068603	593.970000
74202.470626	590.322000
74232.717988	589.133000
74329.752685	585.387000
74364.708295	584.004000
74466.162372	580.041000
74507.117241	578.414000
74578.514041	575.583000
74625.859301	573.708000
74707.316961	570.435000
74772.451747	567.944000
74841.255814	565.259000
74890.626791	563.398000
74964.093382	560.510000
75048.826004	557.222000
75097.410110	555.319000
75165.039425	552.740000
75224.217055	550.396000
75312.923517	547.207000
75363.808602	545.240000
75460.064929	541.860000
75501.080770	540.271000
75602.139602	536.643000
75632.706064	535.482000
75740.227066	531.621000
75778.634595	530.132000
75886.695487	526.200000
75906.670372	525.407000
76021.918674	521.262000
76045.246930	520.310000
76166.043808	515.951000
76189.344550	515.009000
76303.584815	510.905000
76310.521006	510.628000
76444.339174	505.892000
76466.358832	504.993000
76582.488892	500.816000
76595.983478	500.264000
76715.908383	495.899000
76724.761168	495.543000
76854.843989	490.828000
76874.947803	490.016000
76986.382575	485.881000
77005.754900	485.093000
77117.980903	481.018000
77127.510224	480.636000
77261.717080	475.799000
77285.049263	474.886000
77393.152229	471.035000
77412.660278	470.271000
77534.335287	465.863000
77546.508861	465.384000
77666.585606	460.935000
77684.969381	460.219000
77800.028871	455.775000
77816.644339	455.120000
77923.591192	450.952000
77936.094137	450.473000
78056.331840	445.844000
78077.627844	445.054000
78187.956726	440.736000
78199.868549	440.307000
78321.398243	435.603000
78326.189710	435.436000
78447.532817	430.860000
78466.758573	430.208000
78592.700327	425.527000
78601.908613	425.214000
78726.506698	420.606000
78730.587226	420.465000
78870.863637	415.453000
78879.265809	415.167000
79014.535038	410.461000
79016.395230	410.396000
79165.646609	405.327000
79171.517645	405.127000
79304.311739	400.448000
79304.629324	400.437000
79457.041063	395.342000
79469.498348	394.906000
79603.319078	390.217000
79607.303314	390.076000
79732.780895	385.599000
79750.578479	384.951000
79885.271028	380.081000
79888.288979	379.967000
80013.672935	375.273000
80026.314704	374.776000
80144.693725	370.228000
80161.302460	369.562000
80275.088885	365.127000
80288.585460	364.580000
80404.400765	360.144000
80419.854722	359.503000
80546.377228	355.093000
80565.163937	354.326000
80695.361981	349.919000
80713.391637	349.213000
80847.789775	344.932000
80870.292302	344.079000
81008.370023	339.886000
81034.804216	338.969000
81179.603607	334.400000
81200.497886	333.681000
81319.978767	329.779000
81352.483206	328.662000
81482.920619	324.327000
81511.272523	323.373000
81637.928353	319.214000
81667.384646	318.264000
81794.758955	314.026000
81831.050332	312.979000
81961.798634	309.113000
82003.154094	307.959000
82138.466488	303.864000
82187.874131	302.446000
82314.190637	298.680000
82343.025438	297.810000
82486.779698	293.920000
82549.558639	292.052000
82681.079215	288.916000
82741.326046	287.172000
82922.960071	283.681000
82986.076020	282.056000
83223.553672	278.949000
83321.979332	276.755000
83559.789006	282.056000
83683.992798	283.681000
83819.585277	287.172000
83910.324245	288.916000
84018.657998	292.052000
84096.999974	293.920000
84227.733421	297.810000
84259.884116	298.680000
84384.702347	302.446000
84432.263899	303.864000
84574.946762	307.959000
84613.078753	309.113000
84751.623126	312.979000
84787.032715	314.026000
84933.931335	318.264000
84962.483858	319.214000
85091.440410	323.373000
85120.492986	324.327000
85249.324754	328.662000
85282.934579	329.779000
85396.481869	333.681000
85418.497951	334.400000
85551.273975	338.969000
85580.335266	339.886000
85701.206115	344.079000
85729.295859	344.932000
85842.230585	349.213000
85864.394819	349.919000
85976.939710	354.326000
85999.599547	355.093000
86107.616999	359.503000
86126.007232	360.144000
86232.955360	364.580000
86247.236463	365.127000
86356.664815	369.562000
86373.752021	370.228000
86487.170235	374.776000
86500.106553	375.273000
86619.503861	379.967000
86622.548976	380.081000
86751.473731	384.951000
86769.395861	385.599000
86892.358488	390.076000
86896.310318	390.217000
87028.807366	394.906000
87041.250497	395.342000
87186.823579	400.437000
87187.152633	400.448000
87322.241530	405.127000
87327.917704	405.327000
87476.719112	410.396000
87478.632969	410.461000
87613.310855	415.167000
87621.531636	415.453000
87768.775290	420.465000
87772.721614	420.606000
87906.076739	425.214000
87914.540107	425.527000
88052.252530	430.208000
88069.794513	430.860000
88204.728648	435.436000
88209.157035	435.603000
88344.121465	440.307000
88355.204849	440.736000
88475.100539	445.054000
88495.285767	445.844000
88620.069570	450.473000
88632.511536	450.952000
88741.305434	455.120000
88758.112101	455.775000
88870.843606	460.219000
88889.381543	460.935000
89003.612569	465.384000
89016.540589	465.863000
89128.567964	470.271000
89149.656827	471.035000
89247.988627	474.886000
89273.617816	475.799000
89397.229833	480.636000
89407.828762	481.018000
89509.483168	485.093000
89531.184785	485.881000
89632.840323	490.016000
89654.723040	490.828000
89771.458861	495.543000
89781.280597	495.899000
89889.826680	500.264000
89904.992441	500.816000
90007.106367	504.993000
90032.100603	505.892000
90148.101827	510.628000
90155.928608	510.905000
90258.694411	515.009000
90284.916226	515.951000
90392.737812	520.310000
90419.119695	521.262000
90520.690725	525.407000
90542.739435	526.200000
90641.782624	530.132000
90682.703953	531.621000
90782.295271	535.482000
90814.626761	536.643000
90910.143661	540.271000
90954.405647	541.860000
91041.651427	545.240000
91097.668052	547.207000
91180.165529	550.396000
91245.367143	552.740000
91310.477683	555.319000
91360.380199	557.222000
91444.323731	560.510000
91518.748248	563.398000
91566.089427	565.259000
91637.320525	567.944000
91701.153274	570.435000
91786.735833	573.708000
91833.400395	575.583000
91904.885425	578.414000
91945.917779	580.041000
92045.674475	584.004000
92081.079721	585.387000
92175.760643	589.133000
92206.559963	590.322000
92299.362635	593.970000
92325.119882	594.976000
92445.270520	599.676000
92459.133527	600.215000
92565.736945	604.365000
92589.375112	605.275000
92703.932421	609.742000
92709.348778	609.946000
92840.435752	614.938000
92843.443830	615.047000
92982.276663	620.125000
92983.169060	620.156000
93108.491413	624.711000
93122.800732	625.251000
93247.209327	629.762000
93267.127670	630.487000
93394.502932	635.066000
93415.688148	635.831000
93513.802527	639.443000
93544.251357	640.576000
93656.191366	644.808000
93684.609706	645.863000
93786.199740	649.733000
93828.548246	651.291000
93914.138865	654.497000
93953.557127	655.922000
94062.338740	659.955000
94097.158210	661.171000
94203.596899	665.158000
94238.546157	666.365000
94344.995940	670.252000
94374.550708	671.262000
94486.920600	675.264000
94515.805728	676.219000
94642.910242	680.725000
94665.659678	681.456000
94785.024417	685.713000
94812.567053	686.579000
94937.744292	690.946000
94950.001114	691.321000
95089.040541	695.965000
95106.804764	696.486000
95262.310709	701.538000
95267.014243	701.679000
95400.744515	706.200000
95411.157124	706.510000
95567.702425	711.622000
95573.240442	711.800000
95735.907447	716.654000
95737.706067	716.712000
95901.461021	721.468000
95918.537622	722.031000
96084.628896	726.860000
96087.530936	726.956000
96247.575785	731.529000
96280.628984	732.597000
96411.778709	736.508000
96435.056307	737.234000
96591.624320	741.883000
96617.904619	742.696000
96744.059044	746.330000
96795.241470	747.857000
96938.549353	751.774000
96976.614877	752.874000
97118.895643	756.568000
97178.190273	758.249000
97307.965730	761.437000
97365.691691	763.056000
97521.413050	766.695000
97591.945080	768.581000
97717.891352	771.533000
97799.359565	773.590000
97928.615251	776.646000
98010.734869	778.612000
98128.101799	781.338000
98239.744043	783.938000
98363.456581	786.666000
98470.443674	789.177000
98587.236274	791.687000
98686.894244	793.950000
98800.978392	796.300000
98943.821233	799.545000
99053.441180	801.682000
99172.817503	804.383000
99292.975068	806.688000
99430.379937	809.887000
99522.485097	811.571000
99638.925714	814.309000
99746.253293	816.435000
99923.078135	820.512000
100007.204649	822.142000
100125.326513	824.789000
100221.996351	826.486000
100407.618395	830.260000
100497.248497	831.612000
100708.360911	835.709000
100825.919911	837.345000
100996.276985	840.422000
101071.970350	841.453000
101326.139960	845.705000
101442.866676	847.005000
101742.336960	851.273000
101848.887299	852.137000
102086.589476	855.657000
102382.636733	851.273000
102908.975676	847.005000
103000.192023	845.705000
103381.978177	841.453000
103443.607731	840.422000
103669.513148	837.345000
103760.089739	835.709000
104054.490244	831.612000
104124.156825	830.260000
104374.352094	826.486000
104457.818075	824.789000
104608.604793	822.142000
104681.343228	820.512000
104891.762735	816.435000
104983.970146	814.309000
105122.193529	811.571000
105193.810037	809.887000
105368.777024	806.688000
105467.782408	804.383000
105608.583095	801.682000
105703.032263	799.545000
105869.488382	796.300000
105972.933891	793.950000
106082.794499	791.687000
106193.329852	789.177000
106310.168983	786.666000
106426.401874	783.938000
106544.309718	781.338000
106661.362317	778.612000
106746.007726	776.646000
106873.656531	773.590000
106960.658805	771.533000
107077.573809	768.581000
107158.039483	766.695000
107294.129652	763.056000
107363.410465	761.437000
107477.079622	758.249000
107545.508901	756.568000
107675.808939	752.874000
107718.177332	751.774000
107853.725203	747.857000
107909.592228	746.330000
108031.397686	742.696000
108059.621006	741.883000
108209.900355	737.234000
108234.350426	736.508000
108359.748066	732.597000
108395.561900	731.529000
108537.090254	726.956000
108540.450041	726.860000
108686.428704	722.031000
108705.792834	721.468000
108850.049171	716.712000
108852.046182	716.654000
109002.572045	711.800000
109008.537172	711.622000
109167.584061	706.510000
109177.077223	706.200000
109328.933378	701.679000
109333.104130	701.538000
109501.630759	696.486000
109517.667694	695.965000
109676.011363	691.321000
109687.238707	690.946000
109829.973484	686.579000
109854.796815	685.713000
109990.188276	681.456000
110010.685251	680.725000
110150.916389	676.219000
110177.854873	675.264000
110298.900195	671.262000
110327.259413	670.252000
110441.001375	666.365000
110474.056401	665.158000
110589.501878	661.171000
110621.964744	659.955000
110737.447413	655.922000
110775.883763	654.497000
110864.567937	651.291000
110906.161881	649.733000
111011.353611	645.863000
111039.048052	644.808000
111153.044653	640.576000
111183.013469	639.443000
111280.084232	635.831000
111300.864271	635.066000
111427.670941	630.487000
111447.838459	629.762000
111571.771766	625.251000
111586.664393	624.711000
111707.366153	620.156000
111708.219060	620.125000
111854.399343	615.047000
111857.379410	614.938000
111995.143829	609.946000
112000.500749	609.742000
112119.103024	605.275000
112142.440197	604.365000
112250.240625	600.215000
112264.086226	599.676000
112384.969587	594.976000
112410.686937	593.970000
112504.088960	590.322000
112534.336322	589.133000
112631.371020	585.387000
112666.326630	584.004000
112767.780706	580.041000
112808.735575	578.414000
112880.132375	575.583000
112927.477635	573.708000
113008.935295	570.435000
113074.070081	567.944000
113142.874148	565.259000
113192.245125	563.398000
113265.711716	560.510000
113350.444338	557.222000
113399.028444	555.319000
113466.657759	552.740000
113525.835389	550.396000
113614.541851	547.207000
113665.426936	545.240000
113761.683263	541.860000
113802.699104	540.271000
113903.757937	536.643000
113934.324398	535.482000
114041.845400	531.621000
114080.252929	530.132000
114188.313821	526.200000
114208.288707	525.407000
114323.537008	521.262000
114346.865264	520.310000
114467.662142	515.951000
114490.962884	515.009000
114605.203149	510.905000
114612.139340	510.628000
114745.957508	505.892000
114767.977166	504.993000
114884.107226	500.816000
114897.601812	500.264000
115017.526717	495.899000
115026.379502	495.543000
115156.462323	490.828000
115176.566138	490.016000
115288.000909	485.881000
115307.373234	485.093000
115419.599237	481.018000
115429.128558	480.636000
115563.335414	475.799000
115586.667598	474.886000
115694.770563	471.035000
115714.278612	470.271000
115835.953621	465.863000
115848.127195	465.384000
115968.203940	460.935000
115986.587715	460.219000
116101.647206	455.775000
116118.262673	455.120000
116225.209526	450.952000
116237.712471	450.473000
116357.950174	445.844000
116379.246178	445.054000
116489.575060	440.736000
116501.486883	440.307000
116623.016577	435.603000
116627.808044	435.436000
116749.151151	430.860000
116768.376907	430.208000
116894.318661	425.527000
116903.526948	425.214000
117028.125032	420.606000
117032.205560	420.465000
117172.481971	415.453000
117180.884143	415.167000
117316.153372	410.461000
117318.013564	410.396000
117467.264943	405.327000
117473.135980	405.127000
117605.930074	400.448000
117606.247658	400.437000
117758.659397	395.342000
117771.116682	394.906000
117904.937412	390.217000
117908.921648	390.076000
118034.399229	385.599000
118052.196813	384.951000
118186.889362	380.081000
118189.907313	379.967000
118315.291269	375.273000
118327.933038	374.776000
118446.312059	370.228000
118462.920795	369.562000
118576.707219	365.127000
118590.203794	364.580000
118706.019100	360.144000
118721.473056	359.503000
118847.995562	355.093000
118866.782271	354.326000
118996.980315	349.919000
119015.009971	349.213000
119149.408109	344.932000
119171.910637	344.079000
119309.988357	339.886000
119336.422550	338.969000
119481.221941	334.400000
119502.116220	333.681000
119621.597101	329.779000
119654.101540	328.662000
119784.538953	324.327000
119812.890857	323.373000
119939.546687	319.214000
119969.002980	318.264000
120096.377289	314.026000
120132.668666	312.979000
120263.416968	309.113000
120304.772428	307.959000
120440.084822	303.864000
120489.492465	302.446000
120615.808972	298.680000
120644.643773	297.810000
120788.398032	293.920000
120851.176973	292.052000
120982.697549	288.916000
121042.944381	287.172000
121224.578405	283.681000
121287.694354	282.056000
121525.172006	278.949000
121623.597666	276.755000
121861.407340	282.056000
121985.611133	283.681000
122121.203611	287.172000
122211.942579	288.916000
122320.276332	292.052000
122398.618308	293.920000
122529.351755	297.810000
122561.502451	298.680000
122686.320681	302.446000
122733.882233	303.864000
122876.565096	307.959000
122914.697087	309.113000
123053.241460	312.979000
123088.651050	314.026000
123235.549669	318.264000
123264.102192	319.214000
123393.058744	323.373000
123422.111320	324.327000
123550.943089	328.662000
123584.552913	329.779000
123698.100203	333.681000
123720.116285	334.400000
123852.892309	338.969000
123881.953601	339.886000
124002.824449	344.079000
124030.914193	344.932000
124143.848919	349.213000
124166.013153	349.919000
124278.558044	354.326000
124301.217881	355.093000
124409.235333	359.503000
124427.625566	360.144000
124534.573694	364.580000
124548.854797	365.127000
124658.283149	369.562000
124675.370355	370.228000
124788.788570	374.776000
124801.724887	375.273000
124921.122195	379.967000
124924.167310	380.081000
125053.092065	384.951000
125071.014195	385.599000
125193.976823	390.076000
125197.928652	390.217000
125330.425700	394.906000
125342.868831	395.342000
125488.441914	400.437000
125488.770967	400.448000
125623.859864	405.127000
125629.536038	405.327000
125778.337447	410.396000
125780.251303	410.461000
125914.929189	415.167000
125923.149971	415.453000
126070.393624	420.465000
126074.339948	420.606000
126207.695073	425.214000
126216.158441	425.527000
126353.870864	430.208000
126371.412847	430.860000
126506.346982	435.436000
126510.775369	435.603000
126645.739799	440.307000
126656.823183	440.736000
126776.718873	445.054000
126796.904101	445.844000
126921.687904	450.473000
126934.129870	450.952000
127042.923768	455.120000
127059.730435	455.775000
127172.461940	460.219000
127190.999878	460.935000
127305.230903	465.384000
127318.158923	465.863000
127430.186298	470.271000
127451.275161	471.035000
127549.606961	474.886000
127575.236150	475.799000
127698.848167	480.636000
127709.447096	481.018000
127811.101502	485.093000
127832.803119	485.881000
127934.458657	490.016000
127956.341374	490.828000
128073.077196	495.543000
128082.898931	495.899000
128191.445014	500.264000
128206.610775	500.816000
128308.724701	504.993000
128333.718937	505.892000
128449.720161	510.628000
128457.546942	510.905000
128560.312745	515.009000
128586.534560	515.951000
128694.356146	520.310000
128720.738029	521.262000
128822.309059	525.407000
128844.357769	526.200000
128943.400958	530.132000
128984.322287	531.621000
129083.913605	535.482000
129116.245095	536.643000
129211.761996	540.271000
129256.023981	541.860000
129343.269761	545.240000
129399.286386	547.207000
129481.783863	550.396000
129546.985477	552.740000
129612.096018	555.319000
129661.998533	557.222000
129745.942065	560.510000
129820.366582	563.398000
129867.707762	565.259000
129938.938859	567.944000
130002.771609	570.435000
130088.354167	573.708000
130135.018730	575.583000
130206.503759	578.414000
130247.536113	580.041000
130347.292809	584.004000
130382.698055	585.387000
130477.378977	589.133000
130508.178297	590.322000
130600.980969	593.970000
130626.738216	594.976000
130746.888854	599.676000
130760.751861	600.215000
130867.355279	604.365000
130890.993446	605.275000
131005.550755	609.742000
131010.967112	609.946000
131142.054086	614.938000
131145.062164	615.047000
131283.894997	620.125000
131284.787394	620.156000
131410.109747	624.711000
131424.419066	625.251000
131548.827661	629.762000
131568.746004	630.487000
131696.121267	635.066000
131717.306482	635.831000
131815.420861	639.443000
131845.869691	640.576000
131957.809701	644.808000
131986.228040	645.863000
132087.818075	649.733000
132130.166580	651.291000
132215.757200	654.497000
132255.175462	655.922000
132363.957074	659.955000
132398.776545	661.171000
132505.215234	665.158000
132540.164491	666.365000
132646.614274	670.252000
132676.169042	671.262000
132788.538934	675.264000
132817.424062	676.219000
132944.528576	680.725000
132967.278012	681.456000
133086.642751	685.713000
133114.185387	686.579000
133239.362626	690.946000
133251.619448	691.321000
133390.658876	695.965000
133408.423099	696.486000
133563.929043	701.538000
133568.632577	701.679000
133702.362849	706.200000
133712.775459	706.510000
133869.320759	711.622000
133874.858777	711.800000
134037.525781	716.654000
134039.324401	716.712000
134203.079355	721.468000
134220.155956	722.031000
134386.247230	726.860000
134389.149270	726.956000
134549.194119	731.529000
134582.247319	732.597000
134713.397043	736.508000
134736.674641	737.234000
134893.242654	741.883000
134919.522954	742.696000
135045.677378	746.330000
135096.859804	747.857000
135240.167687	751.774000
135278.233211	752.874000
135420.513977	756.568000
135479.808607	758.249000
135609.584064	761.437000
135667.310025	763.056000
135823.031384	766.695000
135893.563414	768.581000
136019.509686	771.533000
136100.977899	773.590000
136230.233586	776.646000
136312.353203	778.612000
136429.720133	781.338000
136541.362377	783.938000
136665.074915	786.666000
136772.062008	789.177000
136888.854608	791.687000
136988.512578	793.950000
137102.596727	796.300000
137245.439567	799.545000
137355.059514	801.682000
137474.435837	804.383000
137594.593402	806.688000
137731.998271	809.887000
137824.103431	811.571000
137940.544048	814.309000
138047.871627	816.435000
138224.696470	820.512000
138308.822983	822.142000
138426.944847	824.789000
138523.614685	826.486000
138709.236729	830.260000
138798.866831	831.612000
139009.979245	835.709000
139127.538246	837.345000
139297.895319	840.422000
139373.588684	841.453000
139627.758294	845.705000
139744.485011	847.005000
140043.955294	851.273000
140150.505633	852.137000
140388.207810	855.657000
140684.255067	851.273000
141210.594010	847.005000
141301.810357	845.705000
141683.596511	841.453000
141745.226066	840.422000
141971.131482	837.345000
142061.708074	835.709000
142356.108578	831.612000
142425.775159	830.260000
142675.970429	826.486000
142759.436409	824.789000
142910.223127	822.142000
142982.961562	820.512000
143193.381069	816.435000
143285.588480	814.309000
143423.811863	811.571000
143495.428371	809.887000
143670.395358	806.688000
143769.400742	804.383000
143910.201429	801.682000
144004.650597	799.545000
144171.106717	796.300000
144274.552225	793.950000
144384.412833	791.687000
144494.948186	789.177000
144611.787317	786.666000
144728.020208	783.938000
144845.928052	781.338000
144962.980651	778.612000
145047.626060	776.646000
145175.274866	773.590000
145262.277139	771.533000
145379.192143	768.581000
145459.657817	766.695000
145595.747986	763.056000
145665.028799	761.437000
145778.697956	758.249000
145847.127235	756.568000
145977.427273	752.874000
146019.795666	751.774000
146155.343537	747.857000
146211.210562	746.330000
146333.016020	742.696000
146361.239340	741.883000
146511.518689	737.234000
146535.968760	736.508000
146661.366400	732.597000
146697.180235	731.529000
146838.708588	726.956000
146842.068375	726.860000
146988.047038	722.031000
147007.411168	721.468000
147151.667505	716.712000
147153.664517	716.654000
147304.190379	711.800000
147310.155506	711.622000
147469.202396	706.510000
147478.695557	706.200000
147630.551713	701.679000
147634.722464	701.538000
147803.249093	696.486000
147819.286028	695.965000
147977.629697	691.321000
147988.857041	690.946000
148131.591818	686.579000
148156.415149	685.713000
148291.806610	681.456000
148312.303585	680.725000
148452.534723	676.219000
148479.473207	675.264000
148600.518529	671.262000
148628.877747	670.252000
148742.619709	666.365000
148775.674735	665.158000
148891.120212	661.171000
148923.583078	659.955000
149039.065747	655.922000
149077.502097	654.497000
149166.186271	651.291000
149207.780215	649.733000
149312.971945	645.863000
149340.666386	644.808000
149454.662987	640.576000
149484.631804	639.443000
149581.702566	635.831000
149602.482605	635.066000
149729.289275	630.487000
149749.456793	629.762000
149873.390100	625.251000
149888.282727	624.711000
150008.984487	620.156000
150009.837394	620.125000
150156.017677	615.047000
150158.997744	614.938000
150296.762164	609.946000
150302.119083	609.742000
150420.721358	605.275000
150444.058531	604.365000
150551.858960	600.215000
150565.704560	599.676000
150686.587921	594.976000
150712.305271	593.970000
150805.707294	590.322000
150835.954656	589.133000
150932.989354	585.387000
150967.944964	584.004000
151069.399040	580.041000
151110.353909	578.414000
151181.750710	575.583000
151229.095969	573.708000
151310.553629	570.435000
151375.688415	567.944000
151444.492483	565.259000
151493.863459	563.398000
151567.330050	560.510000
151652.062672	557.222000
151700.646778	555.319000
151768.276094	552.740000
151827.453723	550.396000
151916.160185	547.207000
151967.045271	545.240000
152063.301597	541.860000
152104.317438	540.271000
152205.376271	536.643000
152235.942732	535.482000
152343.463734	531.621000
152381.871264	530.132000
152489.932155	526.200000
152509.907041	525.407000
152625.155342	521.262000
152648.483598	520.310000
152769.280476	515.951000
152792.581218	515.009000
152906.821483	510.905000
152913.757674	510.628000
153047.575842	505.892000
153069.595500	504.993000
153185.725560	500.816000
153199.220146	500.264000
153319.145052	495.899000
153327.997836	495.543000
153458.080657	490.828000
153478.184472	490.016000
153589.619243	485.881000
153608.991568	485.093000
153721.217571	481.018000
153730.746892	480.636000
153864.953748	475.799000
153888.285932	474.886000
153996.388897	471.035000
154015.896946	470.271000
154137.571955	465.863000
154149.745529	465.384000
154269.822275	460.935000
154288.206049	460.219000
154403.265540	455.775000
154419.881007	455.120000
154526.827860	450.952000
154539.330805	450.473000
154659.568508	445.844000
154680.864513	445.054000
154791.193395	440.736000
154803.105217	440.307000
154924.634911	435.603000
154929.426378	435.436000
155050.769486	430.860000
155069.995241	430.208000
155195.936995	425.527000
155205.145282	425.214000
155329.743367	420.606000
155333.823895	420.465000
155474.100305	415.453000
155482.502477	415.167000
155617.771706	410.461000
155619.631898	410.396000
155768.883278	405.327000
155774.754314	405.127000
155907.548408	400.448000
155907.865992	400.437000
156060.277732	395.342000
156072.735016	394.906000
156206.555746	390.217000
156210.539982	390.076000
156336.017563	385.599000
156353.815147	384.951000
156488.507696	380.081000
156491.525647	379.967000
156616.909603	375.273000
156629.551372	374.776000
156747.930393	370.228000
156764.539129	369.562000
156878.325553	365.127000
156891.822128	364.580000
157007.637434	360.144000
157023.091390	359.503000
157149.613896	355.093000
157168.400605	354.326000
157298.598649	349.919000
157316.628305	349.213000
157451.026443	344.932000
157473.528971	344.079000
157611.606692	339.886000
157638.040884	338.969000
157782.840275	334.400000
157803.734554	333.681000
157923.215435	329.779000
157955.719875	328.662000
158086.157287	324.327000
158114.509192	323.373000
158241.165021	319.214000
158270.621315	318.264000
158397.995624	314.026000
158434.287000	312.979000
158565.035302	309.113000
158606.390762	307.959000
158741.703156	303.864000
158791.110799	302.446000
158917.427306	298.680000
158946.262107	297.810000
159090.016366	293.920000
159152.795307	292.052000
159284.315883	288.916000
159344.562715	287.172000
159526.196740	283.681000
159589.312688	282.056000
159826.790340	278.949000
159925.216000	276.755000
160163.025674	282.056000
160287.229467	283.681000
160422.821945	287.172000
160513.560914	288.916000
160621.894666	292.052000
160700.236642	293.920000
160830.970089	297.810000
160863.120785	298.680000
160987.939015	302.446000
161035.500567	303.864000
161178.183430	307.959000
161216.315421	309.113000
161354.859794	312.979000
161390.269384	314.026000
161537.168003	318.264000
161565.720526	319.214000
161694.677078	323.373000
161723.729654	324.327000
161852.561423	328.662000
161886.171247	329.779000
161999.718537	333.681000
162021.734619	334.400000
162154.510643	338.969000
162183.571935	339.886000
162304.442784	344.079000
162332.532527	344.932000
162445.467253	349.213000
162467.631487	349.919000
162580.176378	354.326000
162602.836215	355.093000
162710.853667	359.503000
162729.243900	360.144000
162836.192028	364.580000
162850.473131	365.127000
162959.901483	369.562000
162976.988689	370.228000
163090.406904	374.776000
163103.343221	375.273000
163222.740529	379.967000
163225.785644	380.081000
163354.710399	384.951000
163372.632529	385.599000
163495.595157	390.076000
163499.546986	390.217000
163632.044035	394.906000
163644.487165	395.342000
163790.060248	400.437000
163790.389301	400.448000
163925.478198	405.127000
163931.154373	405.327000
164079.955781	410.396000
164081.869637	410.461000
164216.547523	415.167000
164224.768305	415.453000
164372.011958	420.465000
164375.958282	420.606000
164509.313407	425.214000
164517.776775	425.527000
164655.489198	430.208000
164673.031181	430.860000
164807.965316	435.436000
164812.393703	435.603000
164947.358133	440.307000
164958.441517	440.736000
165078.337207	445.054000
165098.522436	445.844000
165223.306238	450.473000
165235.748204	450.952000
165344.542102	455.120000
165361.348769	455.775000
165474.080274	460.219000
165492.618212	460.935000
165606.849237	465.384000
165619.777257	465.863000
165731.804632	470.271000
165752.893495	471.035000
165851.225295	474.886000
165876.854484	475.799000
166000.466502	480.636000
166011.065430	481.018000
166112.719836	485.093000
166134.421453	485.881000
166236.076991	490.016000
166257.959708	490.828000
166374.695530	495.543000
166384.517265	495.899000
166493.063348	500.264000
166508.229109	500.816000
166610.343035	504.993000
166635.337271	505.892000
166751.338495	510.628000
166759.165276	510.905000
166861.931079	515.009000
166888.152895	515.951000
166995.974480	520.310000
167022.356363	521.262000
167123.927393	525.407000
167145.976103	526.200000
167245.019292	530.132000
167285.940621	531.621000
167385.531939	535.482000
167417.863429	536.643000
167513.380330	540.271000
167557.642316	541.860000
167644.888095	545.240000
167700.904720	547.207000
167783.402197	550.396000
167848.603811	552.740000
167913.714352	555.319000
167963.616867	557.222000
168047.560400	560.510000
168121.984916	563.398000
168169.326096	565.259000
168240.557193	567.944000
168304.389943	570.435000
168389.972501	573.708000
168436.637064	575.583000
168508.122093	578.414000
168549.154447	580.041000
168648.911144	584.004000
168684.316389	585.387000
168778.997311	589.133000
168809.796632	590.322000
168902.599303	593.970000
168928.356550	594.976000
169048.507188	599.676000
169062.370195	600.215000
169168.973614	604.365000
169192.611780	605.275000
169307.169090	609.742000
169312.585446	609.946000
169443.672421	614.938000
169446.680498	615.047000
169585.513331	620.125000
169586.405728	620.156000
169711.728081	624.711000
169726.037400	625.251000
169850.445995	629.762000
169870.364338	630.487000
169997.739601	635.066000
170018.924816	635.831000
170117.039195	639.443000
170147.488026	640.576000
170259.428035	644.808000
170287.846375	645.863000
170389.436409	649.733000
170431.784914	651.291000
170517.375534	654.497000
170556.793796	655.922000
170665.575408	659.955000
170700.394879	661.171000
170806.833568	665.158000
170841.782826	666.365000
170948.232608	670.252000
170977.787376	671.262000
171090.157268	675.264000
171119.042396	676.219000
171246.146910	680.725000
171268.896347	681.456000
171388.261085	685.713000
171415.803722	686.579000
171540.980960	690.946000
171553.237782	691.321000
171692.277210	695.965000
171710.041433	696.486000
171865.547377	701.538000
171870.250911	701.679000
172003.981183	706.200000
172014.393793	706.510000
172170.939093	711.622000
172176.477111	711.800000
172339.144115	716.654000
172340.942735	716.712000
172504.697689	721.468000
172521.774291	722.031000
172687.865564	726.860000
172690.767604	726.956000
172850.812453	731.529000
172883.865653	732.597000
173015.015377	736.508000
173038.292975	737.234000
173194.860989	741.883000
173221.141288	742.696000
173347.295713	746.330000
173398.478138	747.857000
173541.786021	751.774000
173579.851545	752.874000
173722.132311	756.568000
173781.426942	758.249000
173911.202398	761.437000
173968.928359	763.056000
174124.649718	766.695000
174195.181748	768.581000
174321.128021	771.533000
174402.596233	773.590000
174531.851920	776.646000
174613.971538	778.612000
174731.338467	781.338000
174842.980711	783.938000
174966.693249	786.666000
175073.680342	789.177000
175190.472942	791.687000
175290.130912	793.950000
175404.215061	796.300000
175547.057901	799.545000
175656.677848	801.682000
175776.054171	804.383000
175896.211736	806.688000
176033.616605	809.887000
176125.721765	811.571000
176242.162382	814.309000
176349.489961	816.435000
176526.314804	820.512000
176610.441317	822.142000
176728.563181	824.789000
176825.233019	826.486000
177010.855064	830.260000
177100.485165	831.612000
177311.597579	835.709000
177429.156580	837.345000
177599.513653	840.422000
177675.207018	841.453000
177929.376628	845.705000
178046.103345	847.005000
178345.573628	851.273000
178452.123967	852.137000
178689.826144	855.657000
178985.873401	851.273000
179512.212344	847.005000
179603.428691	845.705000
179985.214845	841.453000
180046.844400	840.422000
180272.749816	837.345000
180363.326408	835.709000
180657.726912	831.612000
180727.393494	830.260000
180977.588763	826.486000
181061.054743	824.789000
181211.841461	822.142000
181284.579896	820.512000
181494.999403	816.435000
181587.206814	814.309000
181725.430197	811.571000
181797.046705	809.887000
181972.013693	806.688000
182071.019076	804.383000
182211.819763	801.682000
182306.268931	799.545000
182472.725051	796.300000
182576.170559	793.950000
182686.031167	791.687000
182796.566521	789.177000
182913.405651	786.666000
183029.638542	783.938000
183147.546387	781.338000
183264.598985	778.612000
183349.244394	776.646000
183476.893200	773.590000
183563.895473	771.533000
183680.810477	768.581000
183761.276151	766.695000
183897.366320	763.056000
183966.647133	761.437000
184080.316290	758.249000
184148.745569	756.568000
184279.045607	752.874000
184321.414000	751.774000
184456.961871	747.857000
184512.828897	746.330000
184634.634354	742.696000
184662.857675	741.883000
184813.137024	737.234000
184837.587094	736.508000
184962.984734	732.597000
184998.798569	731.529000
185140.326922	726.956000
185143.686709	726.860000
185289.665372	722.031000
185309.029503	721.468000
185453.285839	716.712000
185455.282851	716.654000
185605.808713	711.800000
185611.773840	711.622000
185770.820730	706.510000
185780.313891	706.200000
185932.170047	701.679000
185936.340798	701.538000
186104.867427	696.486000
186120.904362	695.965000
186279.248031	691.321000
186290.475375	690.946000
186433.210152	686.579000
186458.033483	685.713000
186593.424944	681.456000
186613.921919	680.725000
186754.153057	676.219000
186781.091541	675.264000
186902.136863	671.262000
186930.496081	670.252000
187044.238043	666.365000
187077.293069	665.158000
187192.738547	661.171000
187225.201412	659.955000
187340.684081	655.922000
187379.120431	654.497000
187467.804605	651.291000
187509.398549	649.733000
187614.590280	645.863000
187642.284720	644.808000
187756.281321	640.576000
187786.250138	639.443000
187883.320901	635.831000
187904.100939	635.066000
188030.907609	630.487000
188051.075127	629.762000
188175.008434	625.251000
188189.901061	624.711000
188310.602821	620.156000
188311.455728	620.125000
188457.636011	615.047000
188460.616078	614.938000
188598.380498	609.946000
188603.737417	609.742000
188722.339692	605.275000
188745.676865	604.365000
188853.477294	600.215000
188867.322894	599.676000
188988.206256	594.976000
189013.923605	593.970000
189107.325629	590.322000
189137.572991	589.133000
189234.607688	585.387000
189269.563298	584.004000
189371.017374	580.041000
189411.972243	578.414000
189483.369044	575.583000
189530.714303	573.708000
189612.171963	570.435000
189677.306749	567.944000
189746.110817	565.259000
189795.481793	563.398000
189868.948384	560.510000
189953.681006	557.222000
190002.265113	555.319000
190069.894428	552.740000
190129.072057	550.396000
190217.778519	547.207000
190268.663605	545.240000
190364.919931	541.860000
190405.935772	540.271000
190506.994605	536.643000
190537.561066	535.482000
190645.082068	531.621000
190683.489598	530.132000
190791.550490	526.200000
190811.525375	525.407000
190926.773676	521.262000
190950.101932	520.310000
191070.898810	515.951000
191094.199552	515.009000
191208.439817	510.905000
191215.376008	510.628000
191349.194176	505.892000
191371.213834	504.993000
191487.343894	500.816000
191500.838480	500.264000
191620.763386	495.899000
191629.616170	495.543000
191759.698991	490.828000
191779.802806	490.016000
191891.237577	485.881000
191910.609902	485.093000
192022.835905	481.018000
192032.365226	480.636000
192166.572082	475.799000
192189.904266	474.886000
192298.007232	471.035000
192317.515280	470.271000
192439.190289	465.863000
192451.363863	465.384000
192571.440609	460.935000
192589.824384	460.219000
192704.883874	455.775000
192721.499341	455.120000
192828.446194	450.952000
192840.949140	450.473000
192961.186842	445.844000
192982.482847	445.054000
193092.811729	440.736000
193104.723552	440.307000
193226.253246	435.603000
193231.044712	435.436000
193352.387820	430.860000
193371.613575	430.208000
193497.555329	425.527000
193506.763616	425.214000
193631.361701	420.606000
193635.442229	420.465000
193775.718639	415.453000
193784.120811	415.167000
193919.390041	410.461000
193921.250232	410.396000
194070.501612	405.327000
194076.372648	405.127000
194209.166742	400.448000
194209.484326	400.437000
194361.896066	395.342000
194374.353350	394.906000
194508.174080	390.217000
194512.158317	390.076000
194637.635897	385.599000
194655.433481	384.951000
194790.126030	380.081000
194793.143982	379.967000
194918.527937	375.273000
194931.169706	374.776000
195049.548727	370.228000
195066.157463	369.562000
195179.943887	365.127000
195193.440462	364.580000
195309.255768	360.144000
195324.709724	359.503000
195451.232230	355.093000
195470.018939	354.326000
195600.216984	349.919000
195618.246639	349.213000
195752.644777	344.932000
195775.147305	344.079000
195913.225026	339.886000
195939.659218	338.969000
196084.458609	334.400000
196105.352888	333.681000
196224.833769	329.779000
196257.338209	328.662000
196387.775621	324.327000
196416.127526	323.373000
196542.783355	319.214000
196572.239649	318.264000
196699.613958	314.026000
196735.905334	312.979000
196866.653636	309.113000
196908.009096	307.959000
197043.321490	303.864000
197092.729134	302.446000
197219.045640	298.680000
197247.880441	297.810000
197391.634700	293.920000
197454.413641	292.052000
197585.934217	288.916000
197646.181049	287.172000
197827.815074	283.681000
197890.931022	282.056000
198128.408674	278.949000
198226.834334	276.755000
198464.644008	282.056000
198588.847801	283.681000
198724.440279	287.172000
198815.179248	288.916000
198923.513000	292.052000
199001.854976	293.920000
199132.588423	297.810000
199164.739119	298.680000
199289.557349	302.446000
199337.118901	303.864000
199479.801764	307.959000
199517.933755	309.113000
199656.478129	312.979000
199691.887718	314.026000
199838.786337	318.264000
199867.338860	319.214000
