0.000000	500.000000
101.202885	495.899000
109.296962	495.543000
226.044273	490.828000
244.438317	490.016000
344.897755	485.881000
362.642763	485.093000
463.398612	481.018000
472.106737	480.636000
592.422212	475.799000
613.657406	474.886000
710.347498	471.035000
728.104803	470.271000
837.295407	465.863000
848.385337	465.384000
956.605197	460.935000
973.323223	460.219000
1077.805324	455.775000
1092.946543	455.120000
1190.213850	450.952000
1201.551150	450.473000
1310.673414	445.844000
1329.870911	445.054000
1430.287029	440.736000
1440.964337	440.307000
1551.363310	435.603000
1555.629932	435.436000
1665.348516	430.860000
1682.369607	430.208000
1795.942093	425.527000
1804.098495	425.214000
1916.354290	420.606000
1919.981329	420.465000
2045.522500	415.453000
2052.967115	415.167000
2173.373655	410.461000
2175.030958	410.396000
2307.209302	405.327000
2312.412119	405.127000
2430.924471	400.448000
2431.206901	400.437000
2565.718568	395.342000
2576.820877	394.906000
2696.113793	390.217000
2699.672684	390.076000
2811.938405	385.599000
2827.925364	384.951000
2948.751530	380.081000
2951.481190	379.967000
3064.701981	375.273000
3076.216765	374.776000
3183.612876	370.228000
3198.791125	369.562000
3302.280755	365.127000
3314.636339	364.580000
3419.650032	360.144000
3433.849551	359.503000
3546.514350	355.093000
3563.733095	354.326000
3678.953625	349.919000
3695.364812	349.213000
3812.672179	344.932000
3833.038095	344.079000
3952.144720	339.886000
3975.660387	338.969000
4101.760901	334.400000
4120.316899	333.681000
4225.213191	329.779000
4254.071756	328.662000
4369.040675	324.327000
4394.098760	323.373000
4505.432921	319.214000
4531.218760	318.264000
4643.516162	314.026000
4674.398078	312.979000
4786.401058	309.113000
4821.262670	307.959000
4937.881656	303.864000
4979.864248	302.446000
5088.307811	298.680000
5113.139725	297.810000
5233.225524	293.920000
5287.093676	292.052000
5392.474346	288.916000
5443.788713	287.172000
5577.038411	283.681000
5628.948717	282.056000
5769.583339	278.949000
5846.487574	276.755000
6007.015494	274.037000
6116.181182	271.601000
6347.149966	276.755000
6476.729898	278.949000
6585.636670	282.056000
6659.190343	283.681000
6770.709652	287.172000
6837.277247	288.916000
6929.548952	292.052000
6992.320346	293.920000
7104.497601	297.810000
7131.354836	298.680000
7238.845628	302.446000
7279.677538	303.864000
7400.917818	307.959000
7433.781874	309.113000
7550.571294	312.979000
7580.904228	314.026000
7705.906672	318.264000
7731.079520	319.214000
7843.967207	323.373000
7869.505267	324.327000
7983.369838	328.662000
8012.993894	329.779000
8113.805102	333.681000
8133.133763	334.400000
8251.050803	338.969000
8276.359223	339.886000
8383.885061	344.079000
8408.115433	344.932000
8510.327023	349.213000
8529.672737	349.919000
8632.114805	354.326000
8652.167935	355.093000
8751.170107	359.503000
8767.546102	360.144000
8865.812979	364.580000
8878.762142	365.127000
8978.939497	369.562000
8994.480442	370.228000
9098.130108	374.776000
9109.866227	375.273000
9218.619547	379.967000
9221.369264	380.081000
9337.978431	384.951000
9354.055506	385.599000
9464.508618	390.076000
9468.044348	390.217000
9586.396427	394.906000
9597.488710	395.342000
9727.227842	400.437000
9727.518250	400.448000
9847.653695	405.127000
9852.719407	405.327000
9984.584804	410.396000
9986.279732	410.461000
10106.268517	415.167000
10113.586042	415.453000
10244.049015	420.465000
10247.580800	420.606000
10366.115506	425.214000
10373.740520	425.527000
10495.721726	430.208000
10511.540838	430.860000
10631.001739	435.436000
10635.005892	435.603000
10755.186685	440.307000
10765.254959	440.736000
10872.724930	445.054000
10891.096568	445.844000
11003.584180	450.473000
11014.875942	450.952000
11113.527020	455.120000
11128.812550	455.775000
11231.541672	460.219000
11248.375422	460.935000
11352.256005	465.384000
11363.907458	465.863000
11465.962590	470.271000
11484.887640	471.035000
11574.394682	474.886000
11597.318092	475.799000
11709.820426	480.636000
11719.322289	481.018000
11812.216548	485.093000
11831.700133	485.881000
11924.816390	490.016000
11944.543854	490.828000
12051.351633	495.543000
12060.166488	495.899000
12159.409881	500.264000
12173.031922	500.816000
12266.651972	504.993000
12289.050194	505.892000
12395.369977	510.628000
12402.361268	510.905000
12496.212495	515.009000
12519.705132	515.951000
12618.371700	520.310000
12642.028519	521.262000
12735.115790	525.407000
12754.874155	526.200000
12845.236607	530.132000
12881.990441	531.621000
12972.485521	535.482000
13001.449546	536.643000
13087.928340	540.271000
13127.578204	541.860000
13206.845603	545.240000
13256.802877	547.207000
13331.727319	550.396000
13390.150961	552.740000
13449.532152	555.319000
13494.745030	557.222000
13571.157033	560.510000
13638.794850	563.398000
13681.914978	565.259000
13746.316919	567.944000
13804.385441	570.435000
13881.964951	573.708000
13924.624504	575.583000
13989.817366	578.414000
14027.245779	580.041000
14118.269478	584.004000
14150.482973	585.387000
14236.815984	589.133000
14264.781552	590.322000
14349.309291	593.970000
14372.744025	594.976000
14482.089873	599.676000
14494.693006	600.215000
14591.629349	604.365000
14613.082108	605.275000
14717.280725	609.742000
14722.177075	609.946000
14840.915582	614.938000
14843.615135	615.047000
14968.433568	620.125000
14969.227666	620.156000
15081.762692	624.711000
15094.702844	625.251000
15206.365649	629.762000
15224.256587	630.487000
15338.389966	635.066000
15357.389440	635.831000
15445.708658	639.443000
15473.172759	640.576000
15574.435217	644.808000
15600.056798	645.863000
15692.082493	649.733000
15730.198420	651.291000
15807.493867	654.497000
15842.853002	655.922000
15940.904448	659.955000
15971.922620	661.171000
16068.045990	665.158000
16099.107660	666.365000
16194.781066	670.252000
16220.989810	671.262000
16321.491322	675.264000
16346.921379	676.219000
16460.496470	680.725000
16480.394017	681.456000
16587.181055	685.713000
16611.146332	686.579000
16722.633738	690.946000
16733.226691	691.321000
16855.913367	695.965000
16871.097645	696.486000
17007.457409	701.538000
17011.501206	701.679000
17129.816096	706.200000
17138.752045	706.510000
17276.185684	711.622000
17281.029762	711.800000
17420.712565	716.654000
17422.287016	716.712000
17561.889114	721.468000
17576.913589	722.031000
17718.548597	726.860000
17721.103827	726.956000
17856.929263	731.529000
17885.876426	732.597000
17998.476165	736.508000
18018.690394	737.234000
18152.961306	741.883000
18175.737167	742.696000
18283.042404	746.330000
18326.990775	747.857000
18447.064160	751.774000
18479.470516	752.874000
18596.806128	756.568000
18647.016910	758.249000
18752.092733	761.437000
18800.825430	763.056000
18924.689289	766.695000
18983.395231	768.581000
19083.685094	771.533000
19150.262708	773.590000
19253.513531	776.646000
19319.406672	778.612000
19412.552666	781.338000
19501.243173	783.938000
19597.496269	786.666000
19682.731003	789.177000
19772.668410	791.687000
19851.092651	793.950000
19937.404228	796.300000
20049.830201	799.545000
20130.773638	801.682000
20224.585807	804.383000
20312.657285	806.688000
20421.801766	809.887000
20487.790242	811.571000
20580.619829	814.309000
20660.443086	816.435000
20800.394999	820.512000
20862.340759	822.142000
20954.823978	824.789000
21022.697385	826.486000
21162.344353	830.260000
21220.286082	831.612000
21375.850897	835.709000
21448.252474	837.345000
21569.578511	840.422000
21615.573985	841.453000
21789.624809	845.705000
21851.534149	847.005000
22038.691314	851.273000
22082.860756	852.137000
22234.870476	855.657000
22304.906047	856.878000
22501.408313	861.510000
22525.839501	861.959000
22720.970594	866.446000
22775.605452	867.425000
22967.149991	871.471000
23000.120527	872.022000
23246.416594	876.717000
23268.903739	877.046000
23558.880748	882.148000
23592.382335	882.547000
23843.981744	886.678000
23897.995331	887.323000
24209.667982	892.037000
24217.228344	892.142000
24652.521070	897.169000
24673.025229	897.393000
25024.410068	902.187000
25043.661019	902.359000
25504.928201	907.125000
25590.652987	907.335000
26729.236971	912.205000
27916.918006	907.125000
29862.462420	902.359000
29879.109074	902.187000
30415.673367	897.393000
30432.091849	897.169000
30892.245451	892.142000
30901.337501	892.037000
31240.761777	887.323000
31283.406847	886.678000
31629.345030	882.547000
31653.646207	882.148000
32082.029919	877.046000
32100.728946	876.717000
32421.632123	872.022000
32450.537156	871.471000
32692.640216	867.425000
32738.987745	866.446000
32989.392864	861.959000
33008.919020	861.510000
33260.957471	856.878000
33312.755672	855.657000
33514.660019	852.137000
33551.971496	851.273000
33770.160356	847.005000
33827.166990	845.705000
34029.658156	841.453000
34071.860978	840.422000
34209.133598	837.345000
34273.641039	835.709000
34454.954768	831.612000
34506.290777	830.260000
34668.030483	826.486000
34730.823516	824.789000
34836.693232	822.142000
34893.643608	820.512000
35048.584016	816.435000
35121.563601	814.309000
35224.365142	811.571000
35281.459746	809.887000
35406.814339	806.688000
35485.457049	804.383000
35588.659245	801.682000
35662.882350	799.545000
35785.793652	796.300000
35867.211537	793.950000
35950.327749	791.687000
36037.311773	789.177000
36127.285011	786.666000
36219.885710	783.938000
36311.622531	781.338000
36404.611117	778.612000
36471.788309	776.646000
36574.214269	773.590000
36643.712615	771.533000
36739.258125	768.581000
36803.332204	766.695000
36916.604168	763.056000
36971.711502	761.437000
37067.671871	758.249000
37123.077285	756.568000
37233.415551	752.874000
37268.355772	751.774000
37383.751858	747.857000
37430.561166	746.330000
37535.150805	742.696000
37559.157178	741.883000
37689.397006	737.234000
37710.365102	736.508000
37819.260212	732.597000
37850.008491	731.529000
37973.955473	726.956000
37976.806827	726.860000
38105.340237	722.031000
38121.853078	721.468000
38248.773863	716.712000
38250.476327	716.654000
38382.241614	711.800000
38387.363892	711.622000
38526.481461	706.510000
38534.815660	706.200000
38665.136391	701.679000
38668.826371	701.538000
38813.714758	696.486000
38827.777196	695.965000
38963.124200	691.321000
38973.031070	690.946000
39096.389541	686.579000
39118.498104	685.713000
39236.304321	681.456000
39254.641489	680.725000
39377.293123	676.219000
39401.364187	675.264000
39507.930769	671.262000
39533.294719	670.252000
39634.159463	666.365000
39663.868184	665.158000
39766.472062	661.171000
39795.788846	659.955000
39898.664083	655.922000
39933.309089	654.497000
40012.860940	651.291000
40050.423730	649.733000
40145.101931	645.863000
40170.189039	644.808000
40272.966792	640.576000
40300.076992	639.443000
40387.632450	635.831000
40406.337932	635.066000
40520.061584	630.487000
40538.132495	629.762000
40649.451147	625.251000
40662.818009	624.711000
40771.970590	620.156000
40772.736470	620.125000
40902.814838	615.047000
40905.494083	614.938000
41029.128638	609.946000
41033.980932	609.742000
41141.196582	605.275000
41162.423522	604.365000
41260.257532	600.215000
41272.847577	599.676000
41382.745025	594.976000
41406.149689	593.970000
41491.129720	590.322000
41518.680017	589.133000
41606.786843	585.387000
41638.660456	584.004000
41730.968540	580.041000
41768.338098	578.414000
41833.463997	575.583000
41876.641891	573.708000
41951.108405	570.435000
42010.152267	567.944000
42072.743187	565.259000
42117.380808	563.398000
42184.296945	560.510000
42261.302880	557.222000
42305.527954	555.319000
42366.801739	552.740000
42420.772080	550.396000
42500.257146	547.207000
42546.471125	545.240000
42632.315346	541.860000
42669.580405	540.271000
42760.108855	536.643000
42787.783022	535.482000
42884.105245	531.621000
42919.004798	530.132000
43016.060590	526.200000
43034.284757	525.407000
43137.561456	521.262000
43158.941211	520.310000
43267.260614	515.951000
43288.582914	515.009000
43390.932999	510.905000
43397.267499	510.628000
43516.800913	505.892000
43536.982815	504.993000
43641.051084	500.816000
43653.423185	500.264000
43761.140959	495.899000
43769.235036	495.543000
43885.982348	490.828000
43904.376391	490.016000
44004.835829	485.881000
44022.580838	485.093000
44123.336687	481.018000
44132.044811	480.636000
44252.360287	475.799000
44273.595480	474.886000
44370.285572	471.035000
44388.042877	470.271000
44497.233482	465.863000
44508.323411	465.384000
44616.543272	460.935000
44633.261298	460.219000
44737.743399	455.775000
44752.884617	455.120000
44850.151925	450.952000
44861.489225	450.473000
44970.611488	445.844000
44989.808985	445.054000
45090.225103	440.736000
45100.902411	440.307000
45211.301384	435.603000
45215.568007	435.436000
45325.286591	430.860000
45342.307681	430.208000
45455.880168	425.527000
45464.036570	425.214000
45576.292365	420.606000
45579.919403	420.465000
45705.460574	415.453000
45712.905189	415.167000
45833.311729	410.461000
45834.969033	410.396000
45967.147376	405.327000
45972.350193	405.127000
46090.862545	400.448000
46091.144975	400.437000
46225.656643	395.342000
46236.758951	394.906000
46356.051867	390.217000
46359.610759	390.076000
46471.876479	385.599000
46487.863438	384.951000
46608.689605	380.081000
46611.419265	379.967000
46724.640055	375.273000
46736.154840	374.776000
46843.550950	370.228000
46858.729199	369.562000
46962.218830	365.127000
46974.574413	364.580000
47079.588106	360.144000
47093.787626	359.503000
47206.452425	355.093000
47223.671170	354.326000
47338.891700	349.919000
47355.302887	349.213000
47472.610254	344.932000
47492.976169	344.079000
47612.082794	339.886000
47635.598462	338.969000
47761.698976	334.400000
47780.254973	333.681000
47885.151266	329.779000
47914.009830	328.662000
48028.978749	324.327000
48054.036835	323.373000
48165.370995	319.214000
48191.156834	318.264000
48303.454236	314.026000
48334.336152	312.979000
48446.339133	309.113000
48481.200744	307.959000
48597.819730	303.864000
48639.802323	302.446000
48748.245886	298.680000
48773.077800	297.810000
48893.163598	293.920000
48947.031751	292.052000
49052.412420	288.916000
49103.726787	287.172000
49236.976486	283.681000
49288.886791	282.056000
49429.521414	278.949000
49506.425649	276.755000
49666.953568	274.037000
49776.119257	271.601000
50007.088040	276.755000
50136.667972	278.949000
50245.574745	282.056000
50319.128418	283.681000
50430.647726	287.172000
50497.215321	288.916000
50589.487026	292.052000
50652.258420	293.920000
50764.435675	297.810000
50791.292911	298.680000
50898.783703	302.446000
50939.615612	303.864000
51060.855892	307.959000
51093.719948	309.113000
51210.509369	312.979000
51240.842302	314.026000
51365.844746	318.264000
51391.017595	319.214000
51503.905282	323.373000
51529.443341	324.327000
51643.307912	328.662000
51672.931968	329.779000
51773.743176	333.681000
51793.071837	334.400000
51910.988877	338.969000
51936.297297	339.886000
52043.823136	344.079000
52068.053508	344.932000
52170.265097	349.213000
52189.610811	349.919000
52292.052879	354.326000
52312.106010	355.093000
52411.108182	359.503000
52427.484176	360.144000
52525.751053	364.580000
52538.700217	365.127000
52638.877571	369.562000
52654.418517	370.228000
52758.068183	374.776000
52769.804301	375.273000
52878.557622	379.967000
52881.307338	380.081000
52997.916506	384.951000
53013.993581	385.599000
53124.446692	390.076000
53127.982423	390.217000
53246.334502	394.906000
53257.426784	395.342000
53387.165917	400.437000
53387.456324	400.448000
53507.591769	405.127000
53512.657482	405.327000
53644.522878	410.396000
53646.217807	410.461000
53766.206592	415.167000
53773.524116	415.453000
53903.987089	420.465000
53907.518874	420.606000
54026.053581	425.214000
54033.678595	425.527000
54155.659801	430.208000
54171.478912	430.860000
54290.939814	435.436000
54294.943967	435.603000
54415.124760	440.307000
54425.193034	440.736000
54532.663005	445.054000
54551.034643	445.844000
54663.522255	450.473000
54674.814016	450.952000
54773.465095	455.120000
54788.750624	455.775000
54891.479747	460.219000
54908.313497	460.935000
55012.194080	465.384000
55023.845533	465.863000
55125.900664	470.271000
55144.825715	471.035000
55234.332756	474.886000
55257.256167	475.799000
55369.758500	480.636000
55379.260363	481.018000
55472.154623	485.093000
55491.638208	485.881000
55584.754465	490.016000
55604.481929	490.828000
55711.289707	495.543000
55720.104562	495.899000
55819.347955	500.264000
55832.969997	500.816000
55926.590047	504.993000
55948.988269	505.892000
56055.308051	510.628000
56062.299343	510.905000
56156.150570	515.009000
56179.643206	515.951000
56278.309775	520.310000
56301.966593	521.262000
56395.053865	525.407000
56414.812229	526.200000
56505.174682	530.132000
56541.928516	531.621000
56632.423595	535.482000
56661.387620	536.643000
56747.866414	540.271000
56787.516278	541.860000
56866.783678	545.240000
56916.740951	547.207000
56991.665394	550.396000
57050.089036	552.740000
57109.470226	555.319000
57154.683104	557.222000
57231.095107	560.510000
57298.732924	563.398000
57341.853053	565.259000
57406.254994	567.944000
57464.323515	570.435000
57541.903026	573.708000
57584.562578	575.583000
57649.755441	578.414000
57687.183854	580.041000
57778.207552	584.004000
57810.421047	585.387000
57896.754058	589.133000
57924.719626	590.322000
58009.247365	593.970000
58032.682100	594.976000
58142.027947	599.676000
58154.631080	600.215000
58251.567424	604.365000
58273.020183	605.275000
58377.218800	609.742000
58382.115149	609.946000
58500.853657	614.938000
58503.553209	615.047000
58628.371643	620.125000
58629.165740	620.156000
58741.700766	624.711000
58754.640919	625.251000
58866.303723	629.762000
58884.194662	630.487000
58998.328040	635.066000
59017.327515	635.831000
59105.646733	639.443000
59133.110834	640.576000
59234.373292	644.808000
59259.994872	645.863000
59352.020568	649.733000
59390.136494	651.291000
59467.431941	654.497000
59502.791076	655.922000
59600.842522	659.955000
59631.860695	661.171000
59727.984064	665.158000
59759.045735	666.365000
59854.719140	670.252000
59880.927885	671.262000
59981.429397	675.264000
60006.859453	676.219000
60120.434545	680.725000
60140.332091	681.456000
60247.119129	685.713000
60271.084406	686.579000
60382.571812	690.946000
60393.164765	691.321000
60515.851441	695.965000
60531.035720	696.486000
60667.395483	701.538000
60671.439280	701.679000
60789.754171	706.200000
60798.690120	706.510000
60936.123759	711.622000
60940.967837	711.800000
61080.650639	716.654000
61082.225091	716.712000
61221.827188	721.468000
61236.851663	722.031000
61378.486671	726.860000
61381.041901	726.956000
61516.867338	731.529000
61545.814501	732.597000
61658.414239	736.508000
61678.628468	737.234000
61812.899380	741.883000
61835.675242	742.696000
61942.980478	746.330000
61986.928849	747.857000
62107.002234	751.774000
62139.408590	752.874000
62256.744203	756.568000
62306.954984	758.249000
62412.030807	761.437000
62460.763505	763.056000
62584.627364	766.695000
62643.333306	768.581000
62743.623169	771.533000
62810.200782	773.590000
62913.451606	776.646000
62979.344747	778.612000
63072.490740	781.338000
63161.181248	783.938000
63257.434343	786.666000
63342.669078	789.177000
63432.606484	791.687000
63511.030725	793.950000
63597.342302	796.300000
63709.768275	799.545000
63790.711712	801.682000
63884.523881	804.383000
63972.595360	806.688000
64081.739840	809.887000
64147.728317	811.571000
64240.557904	814.309000
64320.381160	816.435000
64460.333073	820.512000
64522.278834	822.142000
64614.762052	824.789000
64682.635459	826.486000
64822.282428	830.260000
64880.224156	831.612000
65035.788972	835.709000
65108.190548	837.345000
65229.516586	840.422000
65275.512059	841.453000
65449.562883	845.705000
65511.472223	847.005000
65698.629389	851.273000
65742.798830	852.137000
65894.808551	855.657000
65964.844121	856.878000
66161.346388	861.510000
66185.777576	861.959000
66380.908668	866.446000
66435.543527	867.425000
66627.088066	871.471000
66660.058601	872.022000
66906.354668	876.717000
66928.841813	877.046000
67218.818822	882.148000
67252.320410	882.547000
67503.919819	886.678000
67557.933406	887.323000
67869.606056	892.037000
67877.166419	892.142000
68312.459144	897.169000
68332.963303	897.393000
68684.348142	902.187000
68703.599093	902.359000
69164.866276	907.125000
69250.591061	907.335000
70389.175045	912.205000
71576.856080	907.125000
73522.400494	902.359000
73539.047149	902.187000
74075.611442	897.393000
74092.029924	897.169000
74552.183526	892.142000
74561.275576	892.037000
74900.699851	887.323000
74943.344921	886.678000
75289.283104	882.547000
75313.584282	882.148000
75741.967994	877.046000
75760.667021	876.717000
76081.570197	872.022000
76110.475231	871.471000
76352.578291	867.425000
76398.925820	866.446000
76649.330939	861.959000
76668.857094	861.510000
76920.895546	856.878000
76972.693747	855.657000
77174.598094	852.137000
77211.909570	851.273000
77430.098431	847.005000
77487.105065	845.705000
77689.596230	841.453000
77731.799052	840.422000
77869.071673	837.345000
77933.579114	835.709000
78114.892842	831.612000
78166.228852	830.260000
78327.968558	826.486000
78390.761591	824.789000
78496.631306	822.142000
78553.581683	820.512000
78708.522091	816.435000
78781.501676	814.309000
78884.303217	811.571000
78941.397820	809.887000
79066.752414	806.688000
79145.395123	804.383000
79248.597320	801.682000
79322.820425	799.545000
79445.731727	796.300000
79527.149612	793.950000
79610.265824	791.687000
79697.249847	789.177000
79787.223086	786.666000
79879.823785	783.938000
79971.560606	781.338000
80064.549192	778.612000
80131.726383	776.646000
80234.152344	773.590000
80303.650689	771.533000
80399.196200	768.581000
80463.270279	766.695000
80576.542242	763.056000
80631.649576	761.437000
80727.609946	758.249000
80783.015360	756.568000
80893.353626	752.874000
80928.293846	751.774000
81043.689933	747.857000
81090.499241	746.330000
81195.088880	742.696000
81219.095252	741.883000
81349.335080	737.234000
81370.303177	736.508000
81479.198286	732.597000
81509.946566	731.529000
81633.893548	726.956000
81636.744902	726.860000
81765.278312	722.031000
81781.791153	721.468000
81908.711937	716.712000
81910.414402	716.654000
82042.179688	711.800000
82047.301967	711.622000
82186.419536	706.510000
82194.753735	706.200000
82325.074465	701.679000
82328.764445	701.538000
82473.652833	696.486000
82487.715271	695.965000
82623.062275	691.321000
82632.969145	690.946000
82756.327616	686.579000
82778.436179	685.713000
82896.242395	681.456000
82914.579564	680.725000
83037.231198	676.219000
83061.302262	675.264000
83167.868844	671.262000
83193.232794	670.252000
83294.097538	666.365000
83323.806259	665.158000
83426.410137	661.171000
83455.726920	659.955000
83558.602158	655.922000
83593.247164	654.497000
83672.799014	651.291000
83710.361805	649.733000
83805.040006	645.863000
83830.127114	644.808000
83932.904867	640.576000
83960.015066	639.443000
84047.570525	635.831000
84066.276007	635.066000
84179.999659	630.487000
84198.070569	629.762000
84309.389222	625.251000
84322.756084	624.711000
84431.908664	620.156000
84432.674545	620.125000
84562.752912	615.047000
84565.432158	614.938000
84689.066712	609.946000
84693.919007	609.742000
84801.134656	605.275000
84822.361596	604.365000
84920.195606	600.215000
84932.785652	599.676000
85042.683099	594.976000
85066.087764	593.970000
85151.067795	590.322000
85178.618092	589.133000
85266.724918	585.387000
85298.598531	584.004000
85390.906615	580.041000
85428.276172	578.414000
85493.402072	575.583000
85536.579965	573.708000
85611.046480	570.435000
85670.090342	567.944000
85732.681261	565.259000
85777.318882	563.398000
85844.235020	560.510000
85921.240955	557.222000
85965.466029	555.319000
86026.739814	552.740000
86080.710155	550.396000
86160.195221	547.207000
86206.409200	545.240000
86292.253421	541.860000
86329.518480	540.271000
86420.046929	536.643000
86447.721097	535.482000
86544.043319	531.621000
86578.942872	530.132000
86675.998665	526.200000
86694.222832	525.407000
86797.499531	521.262000
86818.879285	520.310000
86927.198688	515.951000
86948.520989	515.009000
87050.871073	510.905000
87057.205574	510.628000
87176.738988	505.892000
87196.920889	504.993000
87300.989158	500.816000
87313.361260	500.264000
87421.079034	495.899000
87429.173111	495.543000
87545.920422	490.828000
87564.314466	490.016000
87664.773904	485.881000
87682.518912	485.093000
87783.274762	481.018000
87791.982886	480.636000
87912.298361	475.799000
87933.533555	474.886000
88030.223647	471.035000
88047.980952	470.271000
88157.171556	465.863000
88168.261486	465.384000
88276.481346	460.935000
88293.199372	460.219000
88397.681474	455.775000
88412.822692	455.120000
88510.089999	450.952000
88521.427299	450.473000
88630.549563	445.844000
88649.747060	445.054000
88750.163178	440.736000
88760.840486	440.307000
88871.239459	435.603000
88875.506081	435.436000
88985.224666	430.860000
89002.245756	430.208000
89115.818242	425.527000
89123.974644	425.214000
89236.230439	420.606000
89239.857478	420.465000
89365.398649	415.453000
89372.843264	415.167000
89493.249804	410.461000
89494.907108	410.396000
89627.085451	405.327000
89632.288268	405.127000
89750.800620	400.448000
89751.083050	400.437000
89885.594717	395.342000
89896.697026	394.906000
90015.989942	390.217000
90019.548833	390.076000
90131.814554	385.599000
90147.801513	384.951000
90268.627679	380.081000
90271.357339	379.967000
90384.578130	375.273000
90396.092915	374.776000
90503.489025	370.228000
90518.667274	369.562000
90622.156904	365.127000
90634.512488	364.580000
90739.526181	360.144000
90753.725700	359.503000
90866.390499	355.093000
90883.609244	354.326000
90998.829774	349.919000
91015.240961	349.213000
91132.548328	344.932000
91152.914244	344.079000
91272.020869	339.886000
91295.536536	338.969000
91421.637050	334.400000
91440.193048	333.681000
91545.089340	329.779000
91573.947905	328.662000
91688.916824	324.327000
91713.974909	323.373000
91825.309070	319.214000
91851.094909	318.264000
91963.392311	314.026000
91994.274227	312.979000
92106.277207	309.113000
92141.138819	307.959000
92257.757805	303.864000
92299.740398	302.446000
92408.183960	298.680000
92433.015874	297.810000
92553.101673	293.920000
92606.969825	292.052000
92712.350495	288.916000
92763.664862	287.172000
92896.914560	283.681000
92948.824866	282.056000
93089.459488	278.949000
93166.363723	276.755000
93326.891643	274.037000
93436.057331	271.601000
93667.026115	276.755000
93796.606047	278.949000
93905.512819	282.056000
93979.066492	283.681000
94090.585801	287.172000
94157.153396	288.916000
94249.425101	292.052000
94312.196495	293.920000
94424.373750	297.810000
94451.230985	298.680000
94558.721777	302.446000
94599.553687	303.864000
94720.793967	307.959000
94753.658023	309.113000
94870.447443	312.979000
94900.780377	314.026000
95025.782821	318.264000
95050.955669	319.214000
95163.843357	323.373000
95189.381416	324.327000
95303.245987	328.662000
95332.870043	329.779000
95433.681251	333.681000
95453.009912	334.400000
95570.926952	338.969000
95596.235372	339.886000
95703.761210	344.079000
95727.991583	344.932000
95830.203172	349.213000
95849.548886	349.919000
95951.990954	354.326000
95972.044084	355.093000
96071.046256	359.503000
96087.422251	360.144000
96185.689128	364.580000
96198.638291	365.127000
96298.815646	369.562000
96314.356591	370.228000
96418.006257	374.776000
96429.742376	375.273000
96538.495696	379.967000
96541.245413	380.081000
96657.854580	384.951000
96673.931655	385.599000
96784.384767	390.076000
96787.920497	390.217000
96906.272576	394.906000
96917.364859	395.342000
97047.103991	400.437000
97047.394399	400.448000
97167.529844	405.127000
97172.595556	405.327000
97304.460953	410.396000
97306.155881	410.461000
97426.144666	415.167000
97433.462191	415.453000
97563.925164	420.465000
97567.456949	420.606000
97685.991656	425.214000
97693.616669	425.527000
97815.597875	430.208000
97831.416987	430.860000
97950.877888	435.436000
97954.882041	435.603000
98075.062835	440.307000
98085.131108	440.736000
98192.601079	445.054000
98210.972717	445.844000
98323.460329	450.473000
98334.752091	450.952000
98433.403169	455.120000
98448.688699	455.775000
98551.417821	460.219000
98568.251571	460.935000
98672.132154	465.384000
98683.783607	465.863000
98785.838739	470.271000
98804.763789	471.035000
98894.270831	474.886000
98917.194241	475.799000
99029.696575	480.636000
99039.198438	481.018000
99132.092698	485.093000
99151.576283	485.881000
99244.692540	490.016000
99264.420004	490.828000
99371.227782	495.543000
99380.042637	495.899000
99479.286030	500.264000
99492.908071	500.816000
99586.528121	504.993000
99608.926343	505.892000
99715.246126	510.628000
99722.237417	510.905000
99816.088644	515.009000
99839.581281	515.951000
99938.247849	520.310000
99961.904668	521.262000
100054.991939	525.407000
100074.750304	526.200000
100165.112756	530.132000
100201.866590	531.621000
100292.361670	535.482000
100321.325695	536.643000
100407.804489	540.271000
100447.454353	541.860000
100526.721752	545.240000
100576.679026	547.207000
100651.603469	550.396000
100710.027110	552.740000
100769.408301	555.319000
100814.621179	557.222000
100891.033182	560.510000
100958.670999	563.398000
101001.791127	565.259000
101066.193068	567.944000
101124.261590	570.435000
101201.841100	573.708000
101244.500653	575.583000
101309.693515	578.414000
101347.121928	580.041000
101438.145627	584.004000
101470.359122	585.387000
101556.692133	589.133000
101584.657701	590.322000
101669.185440	593.970000
101692.620174	594.976000
101801.966022	599.676000
101814.569155	600.215000
101911.505499	604.365000
101932.958257	605.275000
102037.156874	609.742000
102042.053224	609.946000
102160.791731	614.938000
102163.491284	615.047000
102288.309717	620.125000
102289.103815	620.156000
102401.638841	624.711000
102414.578993	625.251000
102526.241798	629.762000
102544.132736	630.487000
102658.266115	635.066000
102677.265589	635.831000
102765.584807	639.443000
102793.048909	640.576000
102894.311366	644.808000
102919.932947	645.863000
103011.958642	649.733000
103050.074569	651.291000
103127.370016	654.497000
103162.729151	655.922000
103260.780597	659.955000
103291.798769	661.171000
103387.922139	665.158000
103418.983809	666.365000
103514.657215	670.252000
103540.865959	671.262000
103641.367471	675.264000
103666.797528	676.219000
103780.372619	680.725000
103800.270166	681.456000
103907.057204	685.713000
103931.022481	686.579000
104042.509887	690.946000
104053.102840	691.321000
104175.789516	695.965000
104190.973794	696.486000
104327.333558	701.538000
104331.377355	701.679000
104449.692245	706.200000
104458.628194	706.510000
104596.061833	711.622000
104600.905912	711.800000
104740.588714	716.654000
104742.163165	716.712000
104881.765263	721.468000
104896.789738	722.031000
105038.424746	726.860000
105040.979976	726.956000
105176.805412	731.529000
105205.752575	732.597000
105318.352314	736.508000
105338.566543	737.234000
105472.837455	741.883000
105495.613316	742.696000
105602.918553	746.330000
105646.866924	747.857000
105766.940309	751.774000
105799.346665	752.874000
105916.682278	756.568000
105966.893059	758.249000
106071.968882	761.437000
106120.701579	763.056000
106244.565438	766.695000
106303.271380	768.581000
106403.561243	771.533000
106470.138857	773.590000
106573.389680	776.646000
106639.282821	778.612000
106732.428815	781.338000
106821.119322	783.938000
106917.372418	786.666000
107002.607152	789.177000
107092.544559	791.687000
107170.968800	793.950000
107257.280377	796.300000
107369.706350	799.545000
107450.649787	801.682000
107544.461956	804.383000
107632.533434	806.688000
107741.677915	809.887000
107807.666391	811.571000
107900.495979	814.309000
107980.319235	816.435000
108120.271148	820.512000
108182.216909	822.142000
108274.700127	824.789000
108342.573534	826.486000
108482.220502	830.260000
108540.162231	831.612000
108695.727046	835.709000
108768.128623	837.345000
108889.454660	840.422000
108935.450134	841.453000
109109.500958	845.705000
109171.410298	847.005000
109358.567464	851.273000
109402.736905	852.137000
109554.746625	855.657000
109624.782196	856.878000
109821.284462	861.510000
109845.715651	861.959000
110040.846743	866.446000
110095.481601	867.425000
110287.026140	871.471000
110319.996676	872.022000
110566.292743	876.717000
110588.779888	877.046000
110878.756897	882.148000
110912.258485	882.547000
111163.857894	886.678000
111217.871481	887.323000
111529.544131	892.037000
111537.104493	892.142000
111972.397219	897.169000
111992.901378	897.393000
112344.286217	902.187000
112363.537168	902.359000
112824.804350	907.125000
112910.529136	907.335000
114049.113120	912.205000
115236.794155	907.125000
117182.338569	902.359000
117198.985223	902.187000
117735.549516	897.393000
117751.967999	897.169000
118212.121601	892.142000
118221.213651	892.037000
118560.637926	887.323000
118603.282996	886.678000
118949.221179	882.547000
118973.522356	882.148000
119401.906068	877.046000
119420.605095	876.717000
119741.508272	872.022000
119770.413306	871.471000
120012.516365	867.425000
120058.863895	866.446000
120309.269013	861.959000
120328.795169	861.510000
120580.833620	856.878000
120632.631821	855.657000
120834.536168	852.137000
120871.847645	851.273000
121090.036505	847.005000
121147.043140	845.705000
121349.534305	841.453000
121391.737127	840.422000
121529.009747	837.345000
121593.517189	835.709000
121774.830917	831.612000
121826.166926	830.260000
121987.906632	826.486000
122050.699665	824.789000
122156.569381	822.142000
122213.519757	820.512000
122368.460165	816.435000
122441.439750	814.309000
122544.241291	811.571000
122601.335895	809.887000
122726.690488	806.688000
122805.333198	804.383000
122908.535395	801.682000
122982.758499	799.545000
123105.669802	796.300000
123187.087686	793.950000
123270.203899	791.687000
123357.187922	789.177000
123447.161160	786.666000
123539.761860	783.938000
123631.498681	781.338000
123724.487267	778.612000
123791.664458	776.646000
123894.090418	773.590000
123963.588764	771.533000
124059.134274	768.581000
124123.208354	766.695000
124236.480317	763.056000
124291.587651	761.437000
124387.548020	758.249000
124442.953434	756.568000
124553.291700	752.874000
124588.231921	751.774000
124703.628008	747.857000
124750.437316	746.330000
124855.026955	742.696000
124879.033327	741.883000
125009.273155	737.234000
125030.241252	736.508000
125139.136361	732.597000
125169.884640	731.529000
125293.831622	726.956000
125296.682976	726.860000
125425.216386	722.031000
125441.729228	721.468000
125568.650012	716.712000
125570.352476	716.654000
125702.117763	711.800000
125707.240041	711.622000
125846.357610	706.510000
125854.691810	706.200000
125985.012540	701.679000
125988.702520	701.538000
126133.590907	696.486000
126147.653345	695.965000
126283.000350	691.321000
126292.907220	690.946000
126416.265691	686.579000
126438.374253	685.713000
126556.180470	681.456000
126574.517638	680.725000
126697.169273	676.219000
126721.240336	675.264000
126827.806919	671.262000
126853.170869	670.252000
126954.035612	666.365000
126983.744334	665.158000
127086.348211	661.171000
127115.664995	659.955000
127218.540232	655.922000
127253.185239	654.497000
127332.737089	651.291000
127370.299879	649.733000
127464.978080	645.863000
127490.065188	644.808000
127592.842941	640.576000
127619.953141	639.443000
127707.508599	635.831000
127726.214081	635.066000
127839.937734	630.487000
127858.008644	629.762000
127969.327297	625.251000
127982.694159	624.711000
128091.846739	620.156000
128092.612620	620.125000
128222.690987	615.047000
128225.370233	614.938000
128349.004787	609.946000
128353.857082	609.742000
128461.072731	605.275000
128482.299671	604.365000
128580.133681	600.215000
128592.723727	599.676000
128702.621174	594.976000
128726.025838	593.970000
128811.005870	590.322000
128838.556166	589.133000
128926.662992	585.387000
128958.536605	584.004000
129050.844689	580.041000
129088.214247	578.414000
129153.340146	575.583000
129196.518040	573.708000
129270.984554	570.435000
129330.028416	567.944000
129392.619336	565.259000
129437.256957	563.398000
129504.173094	560.510000
129581.179030	557.222000
129625.404103	555.319000
129686.677888	552.740000
129740.648230	550.396000
129820.133295	547.207000
129866.347274	545.240000
129952.191496	541.860000
129989.456554	540.271000
130079.985004	536.643000
130107.659171	535.482000
130203.981394	531.621000
130238.880947	530.132000
130335.936740	526.200000
130354.160907	525.407000
130457.437605	521.262000
130478.817360	520.310000
130587.136763	515.951000
130608.459063	515.009000
130710.809148	510.905000
130717.143648	510.628000
130836.677063	505.892000
130856.858964	504.993000
130960.927233	500.816000
130973.299334	500.264000
131081.017108	495.899000
131089.111186	495.543000
131205.858497	490.828000
131224.252541	490.016000
131324.711978	485.881000
131342.456987	485.093000
131443.212836	481.018000
131451.920961	480.636000
131572.236436	475.799000
131593.471629	474.886000
131690.161722	471.035000
131707.919026	470.271000
131817.109631	465.863000
131828.199560	465.384000
131936.419421	460.935000
131953.137447	460.219000
132057.619548	455.775000
132072.760767	455.120000
132170.028074	450.952000
132181.365374	450.473000
132290.487637	445.844000
132309.685134	445.054000
132410.101252	440.736000
132420.778561	440.307000
132531.177533	435.603000
132535.444156	435.436000
132645.162740	430.860000
132662.183830	430.208000
132775.756317	425.527000
132783.912719	425.214000
132896.168514	420.606000
132899.795552	420.465000
133025.336724	415.453000
133032.781339	415.167000
133153.187878	410.461000
133154.845182	410.396000
133287.023526	405.327000
133292.226343	405.127000
133410.738694	400.448000
133411.021124	400.437000
133545.532792	395.342000
133556.635100	394.906000
133675.928016	390.217000
133679.486908	390.076000
133791.752628	385.599000
133807.739588	384.951000
133928.565754	380.081000
133931.295414	379.967000
134044.516204	375.273000
134056.030989	374.776000
134163.427099	370.228000
134178.605349	369.562000
134282.094979	365.127000
134294.450562	364.580000
134399.464255	360.144000
134413.663775	359.503000
134526.328574	355.093000
134543.547319	354.326000
134658.767849	349.919000
134675.179036	349.213000
134792.486403	344.932000
134812.852319	344.079000
134931.958943	339.886000
134955.474611	338.969000
135081.575125	334.400000
135100.131122	333.681000
135205.027415	329.779000
135233.885980	328.662000
135348.854899	324.327000
135373.912984	323.373000
135485.247145	319.214000
135511.032983	318.264000
135623.330386	314.026000
135654.212301	312.979000
135766.215282	309.113000
135801.076894	307.959000
135917.695879	303.864000
135959.678472	302.446000
136068.122035	298.680000
136092.953949	297.810000
136213.039748	293.920000
136266.907900	292.052000
136372.288570	288.916000
136423.602936	287.172000
136556.852635	283.681000
136608.762941	282.056000
136749.397563	278.949000
136826.301798	276.755000
136986.829718	274.037000
137095.995406	271.601000
137326.964190	276.755000
137456.544122	278.949000
137565.450894	282.056000
137639.004567	283.681000
137750.523875	287.172000
137817.091470	288.916000
137909.363176	292.052000
137972.134569	293.920000
138084.311825	297.810000
138111.169060	298.680000
138218.659852	302.446000
138259.491762	303.864000
138380.732042	307.959000
138413.596098	309.113000
138530.385518	312.979000
138560.718452	314.026000
138685.720895	318.264000
138710.893744	319.214000
138823.781431	323.373000
138849.319491	324.327000
138963.184062	328.662000
138992.808118	329.779000
139093.619326	333.681000
139112.947986	334.400000
139230.865027	338.969000
139256.173447	339.886000
139363.699285	344.079000
139387.929657	344.932000
139490.141246	349.213000
139509.486960	349.919000
139611.929028	354.326000
139631.982159	355.093000
139730.984331	359.503000
139747.360326	360.144000
139845.627202	364.580000
139858.576366	365.127000
139958.753720	369.562000
139974.294666	370.228000
140077.944332	374.776000
140089.680450	375.273000
140198.433771	379.967000
140201.183488	380.081000
140317.792655	384.951000
140333.869730	385.599000
140444.322841	390.076000
140447.858572	390.217000
140566.210651	394.906000
140577.302933	395.342000
140707.042066	400.437000
140707.332474	400.448000
140827.467918	405.127000
140832.533631	405.327000
140964.399027	410.396000
140966.093956	410.461000
141086.082741	415.167000
141093.400265	415.453000
141223.863239	420.465000
141227.395024	420.606000
141345.929730	425.214000
141353.554744	425.527000
141475.535950	430.208000
141491.355061	430.860000
141610.815963	435.436000
141614.820116	435.603000
141735.000909	440.307000
141745.069183	440.736000
141852.539154	445.054000
141870.910792	445.844000
141983.398404	450.473000
141994.690166	450.952000
142093.341244	455.120000
142108.626773	455.775000
142211.355896	460.219000
142228.189646	460.935000
142332.070229	465.384000
142343.721682	465.863000
142445.776814	470.271000
142464.701864	471.035000
142554.208905	474.886000
142577.132316	475.799000
142689.634649	480.636000
142699.136512	481.018000
142792.030772	485.093000
142811.514357	485.881000
142904.630614	490.016000
142924.358078	490.828000
143031.165856	495.543000
143039.980712	495.899000
143139.224105	500.264000
143152.846146	500.816000
143246.466196	504.993000
143268.864418	505.892000
143375.184201	510.628000
143382.175492	510.905000
143476.026719	515.009000
143499.519355	515.951000
143598.185924	520.310000
143621.842742	521.262000
143714.930014	525.407000
143734.688379	526.200000
143825.050831	530.132000
143861.804665	531.621000
143952.299744	535.482000
143981.263769	536.643000
144067.742564	540.271000
144107.392428	541.860000
144186.659827	545.240000
144236.617100	547.207000
144311.541543	550.396000
144369.965185	552.740000
144429.346375	555.319000
144474.559254	557.222000
144550.971257	560.510000
144618.609073	563.398000
144661.729202	565.259000
144726.131143	567.944000
144784.199665	570.435000
144861.779175	573.708000
144904.438727	575.583000
144969.631590	578.414000
145007.060003	580.041000
145098.083702	584.004000
145130.297196	585.387000
145216.630208	589.133000
145244.595775	590.322000
145329.123514	593.970000
145352.558249	594.976000
145461.904097	599.676000
145474.507229	600.215000
145571.443573	604.365000
145592.896332	605.275000
145697.094949	609.742000
145701.991298	609.946000
145820.729806	614.938000
145823.429359	615.047000
145948.247792	620.125000
145949.041890	620.156000
146061.576916	624.711000
146074.517068	625.251000
146186.179873	629.762000
146204.070811	630.487000
146318.204190	635.066000
146337.203664	635.831000
146425.522882	639.443000
146452.986983	640.576000
146554.249441	644.808000
146579.871022	645.863000
146671.896717	649.733000
146710.012644	651.291000
146787.308091	654.497000
146822.667226	655.922000
146920.718672	659.955000
146951.736844	661.171000
147047.860213	665.158000
147078.921884	666.365000
147174.595289	670.252000
147200.804034	671.262000
147301.305546	675.264000
147326.735603	676.219000
147440.310694	680.725000
147460.208240	681.456000
147566.995279	685.713000
147590.960555	686.579000
147702.447961	690.946000
147713.040914	691.321000
147835.727591	695.965000
147850.911869	696.486000
147987.271632	701.538000
147991.315429	701.679000
148109.630320	706.200000
148118.566269	706.510000
148255.999908	711.622000
148260.843986	711.800000
148400.526789	716.654000
148402.101240	716.712000
148541.703338	721.468000
148556.727812	722.031000
148698.362820	726.860000
148700.918051	726.956000
148836.743487	731.529000
148865.690650	732.597000
148978.290388	736.508000
148998.504617	737.234000
149132.775530	741.883000
149155.551391	742.696000
149262.856628	746.330000
149306.804998	747.857000
149426.878384	751.774000
149459.284739	752.874000
149576.620352	756.568000
149626.831133	758.249000
149731.906957	761.437000
149780.639654	763.056000
149904.503513	766.695000
149963.209455	768.581000
150063.499318	771.533000
150130.076931	773.590000
150233.327755	776.646000
150299.220896	778.612000
150392.366889	781.338000
150481.057397	783.938000
150577.310492	786.666000
150662.545227	789.177000
150752.482634	791.687000
150830.906875	793.950000
150917.218452	796.300000
151029.644424	799.545000
151110.587861	801.682000
151204.400031	804.383000
151292.471509	806.688000
151401.615990	809.887000
151467.604466	811.571000
151560.434053	814.309000
151640.257310	816.435000
151780.209223	820.512000
151842.154983	822.142000
151934.638202	824.789000
152002.511608	826.486000
152142.158577	830.260000
152200.100305	831.612000
152355.665121	835.709000
152428.066698	837.345000
152549.392735	840.422000
152595.388208	841.453000
152769.439033	845.705000
152831.348373	847.005000
153018.505538	851.273000
153062.674979	852.137000
153214.684700	855.657000
153284.720270	856.878000
153481.222537	861.510000
153505.653725	861.959000
153700.784817	866.446000
153755.419676	867.425000
153946.964215	871.471000
153979.934750	872.022000
154226.230818	876.717000
154248.717963	877.046000
154538.694971	882.148000
154572.196559	882.547000
154823.795968	886.678000
154877.809555	887.323000
155189.482206	892.037000
155197.042568	892.142000
155632.335293	897.169000
155652.839452	897.393000
156004.224292	902.187000
156023.475243	902.359000
156484.742425	907.125000
156570.467210	907.335000
157709.051194	912.205000
158896.732229	907.125000
160842.276643	902.359000
160858.923298	902.187000
161395.487591	897.393000
161411.906073	897.169000
161872.059675	892.142000
161881.151725	892.037000
162220.576001	887.323000
162263.221071	886.678000
162609.159253	882.547000
162633.460431	882.148000
163061.844143	877.046000
163080.543170	876.717000
163401.446346	872.022000
163430.351380	871.471000
163672.454440	867.425000
163718.801969	866.446000
163969.207088	861.959000
163988.733244	861.510000
164240.771695	856.878000
164292.569896	855.657000
164494.474243	852.137000
164531.785720	851.273000
164749.974580	847.005000
164806.981214	845.705000
165009.472379	841.453000
165051.675202	840.422000
165188.947822	837.345000
165253.455263	835.709000
165434.768992	831.612000
165486.105001	830.260000
165647.844707	826.486000
165710.637740	824.789000
165816.507456	822.142000
165873.457832	820.512000
166028.398240	816.435000
166101.377825	814.309000
166204.179366	811.571000
166261.273970	809.887000
166386.628563	806.688000
166465.271273	804.383000
166568.473469	801.682000
166642.696574	799.545000
166765.607876	796.300000
166847.025761	793.950000
166930.141973	791.687000
167017.125996	789.177000
167107.099235	786.666000
167199.699934	783.938000
167291.436755	781.338000
167384.425341	778.612000
167451.602533	776.646000
167554.028493	773.590000
167623.526839	771.533000
167719.072349	768.581000
167783.146428	766.695000
167896.418392	763.056000
167951.525725	761.437000
168047.486095	758.249000
168102.891509	756.568000
168213.229775	752.874000
168248.169995	751.774000
168363.566082	747.857000
168410.375390	746.330000
168514.965029	742.696000
168538.971402	741.883000
168669.211229	737.234000
168690.179326	736.508000
168799.074435	732.597000
168829.822715	731.529000
168953.769697	726.956000
168956.621051	726.860000
169085.154461	722.031000
169101.667302	721.468000
169228.588086	716.712000
169230.290551	716.654000
169362.055838	711.800000
169367.178116	711.622000
169506.295685	706.510000
169514.629884	706.200000
169644.950615	701.679000
169648.640595	701.538000
169793.528982	696.486000
169807.591420	695.965000
169942.938424	691.321000
169952.845294	690.946000
170076.203765	686.579000
170098.312328	685.713000
170216.118545	681.456000
170234.455713	680.725000
170357.107347	676.219000
170381.178411	675.264000
170487.744993	671.262000
170513.108943	670.252000
170613.973687	666.365000
170643.682408	665.158000
170746.286286	661.171000
170775.603070	659.955000
170878.478307	655.922000
170913.123313	654.497000
170992.675164	651.291000
171030.237954	649.733000
171124.916155	645.863000
171150.003263	644.808000
171252.781016	640.576000
171279.891216	639.443000
171367.446674	635.831000
171386.152156	635.066000
171499.875808	630.487000
171517.946719	629.762000
171629.265371	625.251000
171642.632233	624.711000
171751.784814	620.156000
171752.550694	620.125000
171882.629062	615.047000
171885.308307	614.938000
172008.942862	609.946000
172013.795156	609.742000
172121.010806	605.275000
172142.237746	604.365000
172240.071756	600.215000
172252.661801	599.676000
172362.559249	594.976000
172385.963913	593.970000
172470.943944	590.322000
172498.494241	589.133000
172586.601067	585.387000
172618.474680	584.004000
172710.782764	580.041000
172748.152322	578.414000
172813.278221	575.583000
172856.456115	573.708000
172930.922629	570.435000
172989.966491	567.944000
173052.557411	565.259000
173097.195032	563.398000
173164.111169	560.510000
173241.117104	557.222000
173285.342178	555.319000
173346.615963	552.740000
173400.586304	550.396000
173480.071370	547.207000
173526.285349	545.240000
173612.129570	541.860000
173649.394629	540.271000
173739.923078	536.643000
173767.597246	535.482000
173863.919469	531.621000
173898.819022	530.132000
173995.874814	526.200000
174014.098981	525.407000
174117.375680	521.262000
174138.755435	520.310000
174247.074838	515.951000
174268.397138	515.009000
174370.747223	510.905000
174377.081723	510.628000
174496.615137	505.892000
174516.797039	504.993000
174620.865308	500.816000
174633.237409	500.264000
174740.955183	495.899000
174749.049260	495.543000
174865.796572	490.828000
174884.190615	490.016000
174984.650053	485.881000
175002.395062	485.093000
175103.150911	481.018000
175111.859035	480.636000
175232.174511	475.799000
175253.409704	474.886000
175350.099796	471.035000
175367.857101	470.271000
175477.047706	465.863000
175488.137635	465.384000
175596.357496	460.935000
175613.075522	460.219000
175717.557623	455.775000
175732.698841	455.120000
175829.966149	450.952000
175841.303449	450.473000
175950.425712	445.844000
175969.623209	445.054000
176070.039327	440.736000
176080.716635	440.307000
176191.115608	435.603000
176195.382231	435.436000
176305.100815	430.860000
176322.121905	430.208000
176435.694392	425.527000
176443.850794	425.214000
176556.106589	420.606000
176559.733627	420.465000
176685.274798	415.453000
176692.719413	415.167000
176813.125953	410.461000
176814.783257	410.396000
176946.961600	405.327000
176952.164417	405.127000
177070.676769	400.448000
177070.959199	400.437000
177205.470866	395.342000
177216.573175	394.906000
177335.866091	390.217000
177339.424983	390.076000
177451.690703	385.599000
177467.677662	384.951000
177588.503828	380.081000
177591.233489	379.967000
177704.454279	375.273000
177715.969064	374.776000
177823.365174	370.228000
177838.543423	369.562000
177942.033053	365.127000
177954.388637	364.580000
178059.402330	360.144000
178073.601849	359.503000
178186.266649	355.093000
178203.485394	354.326000
178318.705924	349.919000
178335.117110	349.213000
178452.424477	344.932000
178472.790393	344.079000
178591.897018	339.886000
178615.412686	338.969000
178741.513200	334.400000
178760.069197	333.681000
178864.965490	329.779000
178893.824054	328.662000
179008.792973	324.327000
179033.851059	323.373000
179145.185219	319.214000
179170.971058	318.264000
179283.268460	314.026000
179314.150376	312.979000
179426.153357	309.113000
179461.014968	307.959000
179577.633954	303.864000
179619.616547	302.446000
179728.060109	298.680000
179752.892024	297.810000
179872.977822	293.920000
179926.845975	292.052000
180032.226644	288.916000
180083.541011	287.172000
180216.790710	283.681000
180268.701015	282.056000
180409.335638	278.949000
180486.239873	276.755000
180646.767792	274.037000
180755.933480	271.601000
180986.902264	276.755000
181116.482196	278.949000
181225.388969	282.056000
181298.942641	283.681000
181410.461950	287.172000
181477.029545	288.916000
181569.301250	292.052000
181632.072644	293.920000
181744.249899	297.810000
181771.107134	298.680000
181878.597927	302.446000
181919.429836	303.864000
182040.670116	307.959000
182073.534172	309.113000
182190.323593	312.979000
182220.656526	314.026000
182345.658970	318.264000
182370.831818	319.214000
182483.719506	323.373000
182509.257565	324.327000
182623.122136	328.662000
182652.746192	329.779000
182753.557400	333.681000
182772.886061	334.400000
182890.803101	338.969000
182916.111521	339.886000
183023.637360	344.079000
183047.867732	344.932000
183150.079321	349.213000
183169.425035	349.919000
183271.867103	354.326000
183291.920234	355.093000
183390.922406	359.503000
183407.298400	360.144000
183505.565277	364.580000
183518.514441	365.127000
183618.691795	369.562000
183634.232741	370.228000
183737.882407	374.776000
183749.618525	375.273000
183858.371846	379.967000
183861.121562	380.081000
183977.730729	384.951000
183993.807805	385.599000
184104.260916	390.076000
184107.796647	390.217000
184226.148726	394.906000
184237.241008	395.342000
184366.980140	400.437000
184367.270548	400.448000
184487.405993	405.127000
184492.471706	405.327000
184624.337102	410.396000
184626.032031	410.461000
184746.020816	415.167000
184753.338340	415.453000
184883.801313	420.465000
184887.333098	420.606000
185005.867805	425.214000
185013.492819	425.527000
185135.474024	430.208000
185151.293136	430.860000
185270.754038	435.436000
185274.758191	435.603000
185394.938984	440.307000
185405.007257	440.736000
185512.477229	445.054000
185530.848867	445.844000
185643.336479	450.473000
185654.628240	450.952000
185753.279319	455.120000
185768.564848	455.775000
185871.293971	460.219000
185888.127721	460.935000
185992.008304	465.384000
186003.659756	465.863000
186105.714888	470.271000
186124.639939	471.035000
186214.146980	474.886000
186237.070390	475.799000
186349.572724	480.636000
186359.074587	481.018000
186451.968847	485.093000
186471.452432	485.881000
186564.568689	490.016000
186584.296153	490.828000
186691.103931	495.543000
186699.918786	495.899000
186799.162179	500.264000
186812.784221	500.816000
186906.404271	504.993000
186928.802493	505.892000
187035.122275	510.628000
187042.113567	510.905000
187135.964794	515.009000
187159.457430	515.951000
187258.123998	520.310000
187281.780817	521.262000
187374.868088	525.407000
187394.626453	526.200000
187484.988906	530.132000
187521.742740	531.621000
187612.237819	535.482000
187641.201844	536.643000
187727.680638	540.271000
187767.330502	541.860000
187846.597902	545.240000
187896.555175	547.207000
187971.479618	550.396000
188029.903260	552.740000
188089.284450	555.319000
188134.497328	557.222000
188210.909331	560.510000
188278.547148	563.398000
188321.667277	565.259000
188386.069218	567.944000
188444.137739	570.435000
188521.717250	573.708000
188564.376802	575.583000
188629.569664	578.414000
188666.998078	580.041000
188758.021776	584.004000
188790.235271	585.387000
188876.568282	589.133000
188904.533850	590.322000
188989.061589	593.970000
189012.496323	594.976000
189121.842171	599.676000
189134.445304	600.215000
189231.381648	604.365000
189252.834407	605.275000
189357.033024	609.742000
189361.929373	609.946000
189480.667881	614.938000
189483.367433	615.047000
189608.185866	620.125000
189608.979964	620.156000
189721.514990	624.711000
189734.455142	625.251000
189846.117947	629.762000
189864.008886	630.487000
189978.142264	635.066000
189997.141739	635.831000
190085.460956	639.443000
190112.925058	640.576000
190214.187516	644.808000
190239.809096	645.863000
190331.834791	649.733000
190369.950718	651.291000
190447.246165	654.497000
190482.605300	655.922000
190580.656746	659.955000
190611.674919	661.171000
190707.798288	665.158000
190738.859959	666.365000
190834.533364	670.252000
190860.742109	671.262000
190961.243621	675.264000
190986.673677	676.219000
191100.248768	680.725000
191120.146315	681.456000
191226.933353	685.713000
191250.898630	686.579000
191362.386036	690.946000
191372.978989	691.321000
191495.665665	695.965000
191510.849944	696.486000
191647.209707	701.538000
191651.253504	701.679000
191769.568394	706.200000
191778.504344	706.510000
191915.937983	711.622000
191920.782061	711.800000
192060.464863	716.654000
192062.039315	716.712000
192201.641412	721.468000
192216.665887	722.031000
192358.300895	726.860000
192360.856125	726.956000
192496.681562	731.529000
192525.628725	732.597000
192638.228463	736.508000
192658.442692	737.234000
192792.713604	741.883000
192815.489466	742.696000
192922.794702	746.330000
192966.743073	747.857000
193086.816458	751.774000
193119.222814	752.874000
193236.558427	756.568000
193286.769208	758.249000
193391.845031	761.437000
193440.577728	763.056000
193564.441587	766.695000
193623.147529	768.581000
193723.437393	771.533000
193790.015006	773.590000
193893.265830	776.646000
193959.158970	778.612000
194052.304964	781.338000
194140.995472	783.938000
194237.248567	786.666000
194322.483301	789.177000
194412.420708	791.687000
194490.844949	793.950000
194577.156526	796.300000
194689.582499	799.545000
194770.525936	801.682000
194864.338105	804.383000
194952.409584	806.688000
195061.554064	809.887000
195127.542541	811.571000
195220.372128	814.309000
195300.195384	816.435000
195440.147297	820.512000
195502.093058	822.142000
195594.576276	824.789000
195662.449683	826.486000
195802.096652	830.260000
195860.038380	831.612000
196015.603196	835.709000
196088.004772	837.345000
196209.330810	840.422000
196255.326283	841.453000
196429.377107	845.705000
196491.286447	847.005000
196678.443613	851.273000
196722.613054	852.137000
196874.622775	855.657000
196944.658345	856.878000
197141.160611	861.510000
197165.591800	861.959000
197360.722892	866.446000
197415.357751	867.425000
197606.902290	871.471000
197639.872825	872.022000
197886.168892	876.717000
197908.656037	877.046000
198198.633046	882.148000
198232.134634	882.547000
198483.734043	886.678000
198537.747630	887.323000
198849.420280	892.037000
198856.980643	892.142000
199292.273368	897.169000
199312.777527	897.393000
199664.162366	902.187000
