0.000000	500.000000
91.850336	495.899000
99.296117	495.543000
205.191423	490.828000
222.121709	490.016000
313.545238	485.881000
329.892819	485.093000
421.306276	481.018000
429.313676	480.636000
538.357117	475.799000
557.822148	474.886000
645.306415	471.035000
661.585276	470.271000
760.619088	465.863000
770.791973	465.384000
869.257300	460.935000
884.572196	460.219000
980.178659	455.775000
994.071231	455.120000
1083.182636	450.952000
1093.545514	450.473000
1193.354627	445.844000
1210.824683	445.054000
1302.872315	440.736000
1312.548265	440.307000
1413.598019	435.603000
1417.446097	435.436000
1517.519347	430.860000
1532.808032	430.208000
1636.188826	425.527000
1643.517624	425.214000
1745.628730	420.606000
1748.895784	420.465000
1862.533082	415.453000
1869.223730	415.167000
1977.789294	410.461000
1979.284583	410.396000
2098.036269	405.327000
2102.712715	405.127000
2209.770488	400.448000
2210.024976	400.437000
2330.582273	395.342000
2340.601647	394.906000
2448.276577	390.217000
2451.493545	390.076000
2553.093694	385.599000
2567.603896	384.951000
2677.160146	380.081000
2679.650409	379.967000
2782.814229	375.273000
2793.375659	374.776000
2891.578532	370.228000
2905.535983	369.562000
3000.349226	365.127000
3011.726541	364.580000
3107.711571	360.144000
3120.824911	359.503000
3222.438363	355.093000
3238.308519	354.326000
3341.772137	349.919000
3356.816672	349.213000
3461.165398	344.932000
3479.754110	344.079000
3584.888624	339.886000
3606.082683	338.969000
3718.084626	334.400000
3734.788599	333.681000
3828.464450	329.779000
3854.437435	328.662000
3957.386994	324.327000
3979.867962	323.373000
4079.377664	319.214000
4102.360099	318.264000
4202.934952	314.026000
4229.962126	312.979000
4328.390960	309.113000
4358.727864	307.959000
4461.608724	303.864000
4498.318539	302.446000
4593.750774	298.680000
4615.646487	297.810000
4719.590265	293.920000
4766.979632	292.052000
4856.152991	288.916000
4901.087906	287.172000
5009.470654	283.681000
5054.009790	282.056000
5161.268100	278.949000
5225.546589	276.755000
5333.184031	274.037000
5416.788569	271.601000
5574.146043	268.793000
5653.635276	266.612000
5871.749599	263.996000
5987.423996	261.292000
6215.008236	266.612000
6396.853550	268.793000
6499.194570	271.601000
6635.705541	274.037000
6728.988437	276.755000
6815.874584	278.949000
6906.901597	282.056000
6962.999039	283.681000
7058.682808	287.172000
7112.827613	288.916000
7193.628010	292.052000
7246.745304	293.920000
7345.430871	297.810000
7368.677937	298.680000
7463.458690	302.446000
7499.391486	303.864000
7605.404668	307.959000
7634.397223	309.113000
7736.028483	312.979000
7762.685231	314.026000
7872.084624	318.264000
7894.629719	319.214000
7995.244396	323.373000
8018.070137	324.327000
8120.224221	328.662000
8146.751247	329.779000
8237.482300	333.681000
8254.743432	334.400000
8360.891488	338.969000
8383.370320	339.886000
8480.280563	344.079000
8501.668528	344.932000
8594.960763	349.213000
8612.169406	349.919000
8706.080542	354.326000
8724.087485	355.093000
8815.335705	359.503000
8830.105370	360.144000
8920.855411	364.580000
8932.691257	365.127000
9024.936952	369.562000
9039.174972	370.228000
9134.488019	374.776000
9145.219512	375.273000
9244.968709	379.967000
9247.474179	380.081000
9353.856502	384.951000
9368.434007	385.599000
9468.684281	390.076000
9471.884107	390.217000
9578.865426	394.906000
9588.877426	395.342000
9705.961624	400.437000
9706.221904	400.448000
9814.472064	405.127000
9819.048161	405.327000
9937.572673	410.396000
9939.095431	410.461000
10047.354359	415.167000
10053.952266	415.453000
10171.202370	420.465000
10174.399269	420.606000
10281.169368	425.214000
10288.105300	425.527000
10397.709453	430.208000
10412.108999	430.860000
10519.411183	435.436000
10523.063332	435.603000
10631.454689	440.307000
10640.670323	440.736000
10738.061355	445.054000
10754.901936	445.844000
10857.267619	450.473000
10867.595673	450.952000
10957.767858	455.120000
10971.771690	455.775000
11066.029083	460.219000
11081.432825	460.935000
11176.594794	465.384000
11187.196029	465.863000
11280.812058	470.271000
11297.976720	471.035000
11380.031556	474.886000
11400.772438	475.799000
11503.896595	480.636000
11512.508254	481.018000
11597.927510	485.093000
11615.604517	485.881000
11701.387827	490.016000
11719.340887	490.828000
11817.649136	495.543000
11825.644624	495.899000
11916.939093	500.264000
11929.302269	500.816000
12015.610817	504.993000
12035.904698	505.892000
12133.897534	510.628000
12140.217180	510.905000
12226.474285	515.009000
12247.756015	515.951000
12338.581688	520.310000
12360.025910	521.262000
12445.817752	525.407000
12463.719617	526.200000
12546.706524	530.132000
12580.062378	531.621000
12662.911477	535.482000
12689.148100	536.643000
12768.101993	540.271000
12804.016872	541.860000
12876.580098	545.240000
12921.686210	547.207000
12990.253562	550.396000
13043.184367	552.740000
13097.702582	555.319000
13139.003644	557.222000
13209.055098	560.510000
13270.985817	563.398000
13310.535364	565.259000
13369.272103	567.944000
13422.480823	570.435000
13493.375678	573.708000
13532.614273	575.583000
13592.466865	578.414000
13626.834865	580.041000
13710.436385	584.004000
13739.957728	585.387000
13819.208781	589.133000
13844.797040	590.322000
13922.325116	593.970000
13943.800992	594.976000
14044.027408	599.676000
14055.570130	600.215000
14144.365217	604.365000
14163.986953	605.275000
14259.455282	609.742000
14263.920421	609.946000
14372.365285	614.938000
14374.813807	615.047000
14488.175888	620.125000
14488.891734	620.156000
14591.006409	624.711000
14602.810129	625.251000
14704.098892	629.762000
14720.336512	630.487000
14823.738903	635.066000
14840.963065	635.831000
14921.249282	639.443000
14946.252756	640.576000
15038.645016	644.808000
15061.963531	645.863000
15146.015171	649.733000
15180.661091	651.291000
15251.095973	654.497000
15283.156309	655.922000
15372.377486	659.955000
15400.361064	661.171000
15487.953007	665.158000
15515.929557	666.365000
15602.800977	670.252000
15626.369426	671.262000
15717.298928	675.264000
15740.052179	676.219000
15842.741502	680.725000
15860.465524	681.456000
15957.101254	685.713000
15978.375011	686.579000
16078.939796	690.946000
16088.301590	691.321000
16198.246230	695.965000
16211.572097	696.486000
16333.246361	701.538000
16336.808202	701.679000
16443.030646	706.200000
16450.892578	706.510000
16573.623677	711.622000
16577.938795	711.800000
16700.879976	716.654000
16702.283226	716.712000
16824.598089	721.468000
16838.035218	722.031000
16962.153567	726.860000
16964.440024	726.956000
17083.117180	731.529000
17108.924835	732.597000
17208.018376	736.508000
17225.939030	737.234000
17344.020006	741.883000
17364.185056	742.696000
17458.072037	746.330000
17496.751780	747.857000
17600.866794	751.774000
17629.236058	752.874000
17730.060458	756.568000
17773.873331	758.249000
17863.271218	761.437000
17905.715914	763.056000
18010.145088	766.695000
18060.853718	768.581000
18145.453924	771.533000
18202.378679	773.590000
18289.614917	776.646000
18345.414871	778.612000
18423.858177	781.338000
18498.585942	783.938000
18578.876753	786.666000
18650.794783	789.177000
18725.462759	791.687000
18791.235199	793.950000
18862.335747	796.300000
18956.631907	799.545000
19022.640291	801.682000
19101.266117	804.383000
19172.876767	806.688000
19264.833251	809.887000
19318.023994	811.571000
19396.377104	814.309000
19461.662368	816.435000
19579.365400	820.512000
19629.824981	822.142000
19707.199933	824.789000
19761.514154	826.486000
19876.274880	830.260000
19921.454362	831.612000
20048.210981	835.709000
20103.945606	837.345000
20201.528315	840.422000
20236.819281	841.453000
20374.927203	845.705000
20421.122334	847.005000
20565.731716	851.273000
20597.630741	852.137000
20715.803332	855.657000
20763.515205	856.878000
20917.343683	861.510000
20934.452585	861.959000
21085.726476	866.446000
21123.490645	867.425000
21266.789975	871.471000
21288.738169	872.022000
21464.400132	876.717000
21478.241471	877.046000
21676.756982	882.148000
21694.731609	882.547000
21860.565567	886.678000
21889.600121	887.323000
22085.389742	892.037000
22089.892389	892.142000
22318.328675	897.169000
22328.658352	897.393000
22535.524058	902.187000
22543.811798	902.359000
22766.597424	907.125000
22777.714023	907.335000
23031.182717	912.205000
23039.972412	912.361000
23312.011723	917.323000
23320.692734	917.470000
23594.677023	922.229000
23606.247883	922.408000
23906.125343	927.215000
23930.148700	927.604000
24266.213142	932.097000
24303.262832	932.622000
24678.468550	937.407000
24687.087545	937.516000
25057.915978	942.196000
25097.941195	942.662000
25483.387304	947.085000
25539.800674	947.704000
26036.844618	952.164000
26118.932539	952.884000
26648.633878	957.385000
26653.600564	957.434000
27106.459067	961.932000
27317.045277	962.959000
28296.147386	967.435000
29499.900493	961.932000
30422.214778	957.434000
30427.148097	957.385000
30883.373692	952.884000
30968.107076	952.164000
31476.596144	947.704000
31545.580494	947.085000
31948.676347	942.662000
31989.286315	942.196000
32391.256296	937.516000
32399.893112	937.407000
32778.259112	932.622000
32819.425884	932.097000
33136.500661	927.604000
33165.596826	927.215000
33462.461287	922.408000
33473.627932	922.229000
33781.257677	917.470000
33789.720734	917.323000
34082.749159	912.361000
34091.301785	912.205000
34365.698021	907.335000
34376.627883	907.125000
34628.921763	902.359000
34636.961866	902.187000
34867.958522	897.393000
34877.624337	897.169000
35109.442574	892.142000
35114.213970	892.037000
35316.361357	887.323000
35343.150561	886.678000
35529.106749	882.547000
35545.124118	882.148000
35774.965088	877.046000
35787.766265	876.717000
35985.289332	872.022000
36005.904825	871.471000
36167.070691	867.425000
36201.744454	866.446000
36374.827013	861.959000
36389.964516	861.510000
36566.464371	856.878000
36607.013717	855.657000
36744.561458	852.137000
36773.567458	851.273000
36931.142732	847.005000
36975.189638	845.705000
37126.283250	841.453000
37159.770849	840.422000
37265.096069	837.345000
37316.979498	835.709000
37456.554535	831.612000
37498.383910	830.260000
37624.498827	826.486000
37676.101622	824.789000
37760.821566	822.142000
37808.468401	820.512000
37934.679267	816.435000
37996.056909	814.309000
38080.135485	811.571000
38128.326368	809.887000
38229.369828	806.688000
38295.627939	804.383000
38379.541329	801.682000
38441.749174	799.545000
38541.981840	796.300000
38610.270277	793.950000
38678.738591	791.687000
38751.689905	789.177000
38826.387630	786.666000
38904.520798	783.938000
38981.044298	781.338000
39059.393486	778.612000
39115.967051	776.646000
39202.703909	773.590000
39261.422803	771.533000
39343.115498	768.581000
39397.165630	766.695000
39495.006938	763.056000
39541.467732	761.437000
39625.046293	758.249000
39672.184891	756.568000
39768.463742	752.874000
39798.487251	751.774000
39899.507622	747.857000
39940.095732	746.330000
40032.146935	742.696000
40053.151370	741.883000
40168.461721	737.234000
40186.901555	736.508000
40283.441056	732.597000
40310.501118	731.529000
40421.005241	726.956000
40423.496605	726.860000
40538.510154	722.031000
40552.980775	721.468000
40666.492295	716.712000
40667.983940	716.654000
40785.421447	711.800000
40789.929797	711.622000
40913.856106	706.510000
40921.298719	706.200000
41035.956125	701.679000
41039.268968	701.538000
41166.888946	696.486000
41179.436906	695.965000
41298.218716	691.321000
41307.096674	690.946000
41416.117889	686.579000
41436.060436	685.713000
41540.635936	681.456000
41557.229950	680.725000
41666.483638	676.219000
41688.247575	675.264000
41783.596798	671.262000
41806.545023	670.252000
41897.248551	666.365000
41924.224060	665.158000
42016.637073	661.171000
42043.351846	659.955000
42136.162515	655.922000
42167.687478	654.497000
42239.817610	651.291000
42274.046414	649.733000
42360.105280	645.863000
42383.018582	644.808000
42476.557877	640.576000
42501.293328	639.443000
42581.004315	635.831000
42598.008455	635.066000
42701.105763	630.487000
42717.477620	629.762000
42818.509215	625.251000
42830.634228	624.711000
42930.200788	620.156000
42930.895751	620.125000
43048.156045	615.047000
43050.589378	614.938000
43162.727163	609.946000
43167.158804	609.742000
43264.932210	605.275000
43284.380650	604.365000
43373.864394	600.215000
43385.397057	599.676000
43486.047888	594.976000
43507.500606	593.970000
43585.377339	590.322000
43610.646221	589.133000
43691.263225	585.387000
43720.522223	584.004000
43805.115918	580.041000
43839.438319	578.414000
43899.239061	575.583000
43938.880040	573.708000
44007.374930	570.435000
44061.331265	567.944000
44118.683900	565.259000
44159.394913	563.398000
44220.770029	560.510000
44291.278411	557.222000
44331.822181	555.319000
44387.794561	552.740000
44437.345044	550.396000
44509.357134	547.207000
44551.650010	545.240000
44629.158225	541.860000
44663.271528	540.271000
44745.272272	536.643000
44770.538388	535.482000
44857.790416	531.621000
44889.741285	530.132000
44977.824036	526.200000
44994.560714	525.407000
45088.133514	521.262000
45107.837696	520.310000
45206.026102	515.951000
45225.653949	515.009000
45318.371802	510.905000
45324.193736	510.628000
45432.243711	505.892000
45450.844969	504.993000
45545.135893	500.816000
45556.541763	500.264000
45654.304923	495.899000
45661.750703	495.543000
45767.646010	490.828000
45784.576296	490.016000
45875.999824	485.881000
45892.347405	485.093000
45983.760863	481.018000
45991.768263	480.636000
46100.811704	475.799000
46120.276735	474.886000
46207.761002	471.035000
46224.039863	470.271000
46323.073675	465.863000
46333.246560	465.384000
46431.711887	460.935000
46447.026783	460.219000
46542.633246	455.775000
46556.525818	455.120000
46645.637222	450.952000
46656.000101	450.473000
46755.809214	445.844000
46773.279270	445.054000
46865.326902	440.736000
46875.002852	440.307000
46976.052606	435.603000
46979.900683	435.436000
47079.973934	430.860000
47095.262619	430.208000
47198.643413	425.527000
47205.972210	425.214000
47308.083317	420.606000
47311.350371	420.465000
47424.987669	415.453000
47431.678317	415.167000
47540.243880	410.461000
47541.739169	410.396000
47660.490856	405.327000
47665.167301	405.127000
47772.225075	400.448000
47772.479563	400.437000
47893.036860	395.342000
47903.056234	394.906000
48010.731163	390.217000
48013.948132	390.076000
48115.548280	385.599000
48130.058483	384.951000
48239.614732	380.081000
48242.104996	379.967000
48345.268816	375.273000
48355.830245	374.776000
48454.033119	370.228000
48467.990570	369.562000
48562.803812	365.127000
48574.181128	364.580000
48670.166158	360.144000
48683.279498	359.503000
48784.892950	355.093000
48800.763105	354.326000
48904.226724	349.919000
48919.271258	349.213000
49023.619985	344.932000
49042.208696	344.079000
49147.343210	339.886000
49168.537270	338.969000
49280.539213	334.400000
49297.243186	333.681000
49390.919037	329.779000
49416.892021	328.662000
49519.841581	324.327000
49542.322549	323.373000
49641.832251	319.214000
49664.814685	318.264000
49765.389539	314.026000
49792.416713	312.979000
49890.845546	309.113000
49921.182451	307.959000
50024.063310	303.864000
50060.773125	302.446000
50156.205361	298.680000
50178.101074	297.810000
50282.044851	293.920000
50329.434219	292.052000
50418.607578	288.916000
50463.542492	287.172000
50571.925241	283.681000
50616.464377	282.056000
50723.722686	278.949000
50788.001175	276.755000
50895.638617	274.037000
50979.243156	271.601000
51136.600630	268.793000
51216.089863	266.612000
51434.204186	263.996000
51549.878582	261.292000
51777.462823	266.612000
51959.308136	268.793000
52061.649157	271.601000
52198.160128	274.037000
52291.443024	276.755000
52378.329171	278.949000
52469.356184	282.056000
52525.453626	283.681000
52621.137395	287.172000
52675.282200	288.916000
52756.082596	292.052000
52809.199891	293.920000
52907.885457	297.810000
52931.132523	298.680000
53025.913277	302.446000
53061.846073	303.864000
53167.859255	307.959000
53196.851809	309.113000
53298.483070	312.979000
53325.139818	314.026000
53434.539211	318.264000
53457.084306	319.214000
53557.698983	323.373000
53580.524724	324.327000
53682.678808	328.662000
53709.205834	329.779000
53799.936886	333.681000
53817.198018	334.400000
53923.346075	338.969000
53945.824907	339.886000
54042.735149	344.079000
54064.123115	344.932000
54157.415349	349.213000
54174.623992	349.919000
54268.535129	354.326000
54286.542071	355.093000
54377.790292	359.503000
54392.559957	360.144000
54483.309998	364.580000
54495.145844	365.127000
54587.391539	369.562000
54601.629559	370.228000
54696.942606	374.776000
54707.674098	375.273000
54807.423296	379.967000
54809.928766	380.081000
54916.311089	384.951000
54930.888594	385.599000
55031.138868	390.076000
55034.338694	390.217000
55141.320013	394.906000
55151.332013	395.342000
55268.416210	400.437000
55268.676491	400.448000
55376.926651	405.127000
55381.502747	405.327000
55500.027260	410.396000
55501.550017	410.461000
55609.808946	415.167000
55616.406853	415.453000
55733.656957	420.465000
55736.853856	420.606000
55843.623955	425.214000
55850.559887	425.527000
55960.164039	430.208000
55974.563586	430.860000
56081.865770	435.436000
56085.517919	435.603000
56193.909276	440.307000
56203.124910	440.736000
56300.515942	445.054000
56317.356523	445.844000
56419.722205	450.473000
56430.050260	450.952000
56520.222445	455.120000
56534.226277	455.775000
56628.483670	460.219000
56643.887411	460.935000
56739.049381	465.384000
56749.650615	465.863000
56843.266644	470.271000
56860.431307	471.035000
56942.486143	474.886000
56963.227024	475.799000
57066.351182	480.636000
57074.962841	481.018000
57160.382097	485.093000
57178.059104	485.881000
57263.842414	490.016000
57281.795474	490.828000
57380.103723	495.543000
57388.099211	495.899000
57479.393680	500.264000
57491.756856	500.816000
57578.065404	504.993000
57598.359285	505.892000
57696.352120	510.628000
57702.671766	510.905000
57788.928872	515.009000
57810.210601	515.951000
57901.036275	520.310000
57922.480497	521.262000
58008.272339	525.407000
58026.174204	526.200000
58109.161111	530.132000
58142.516964	531.621000
58225.366064	535.482000
58251.602687	536.643000
58330.556580	540.271000
58366.471459	541.860000
58439.034685	545.240000
58484.140797	547.207000
58552.708149	550.396000
58605.638954	552.740000
58660.157169	555.319000
58701.458231	557.222000
58771.509684	560.510000
58833.440404	563.398000
58872.989951	565.259000
58931.726690	567.944000
58984.935410	570.435000
59055.830265	573.708000
59095.068859	575.583000
59154.921451	578.414000
59189.289451	580.041000
59272.890972	584.004000
59302.412314	585.387000
59381.663368	589.133000
59407.251626	590.322000
59484.779703	593.970000
59506.255579	594.976000
59606.481994	599.676000
59618.024717	600.215000
59706.819803	604.365000
59726.441540	605.275000
59821.909869	609.742000
59826.375007	609.946000
59934.819872	614.938000
59937.268393	615.047000
60050.630474	620.125000
60051.346321	620.156000
60153.460996	624.711000
60165.264716	625.251000
60266.553479	629.762000
60282.791099	630.487000
60386.193490	635.066000
60403.417652	635.831000
60483.703869	639.443000
60508.707343	640.576000
60601.099603	644.808000
60624.418118	645.863000
60708.469757	649.733000
60743.115678	651.291000
60813.550560	654.497000
60845.610896	655.922000
60934.832072	659.955000
60962.815651	661.171000
61050.407594	665.158000
61078.384144	666.365000
61165.255564	670.252000
61188.824013	671.262000
61279.753515	675.264000
61302.506765	676.219000
61405.196088	680.725000
61422.920111	681.456000
61519.555841	685.713000
61540.829598	686.579000
61641.394383	690.946000
61650.756177	691.321000
61760.700817	695.965000
61774.026683	696.486000
61895.700948	701.538000
61899.262788	701.679000
62005.485233	706.200000
62013.347165	706.510000
62136.078264	711.622000
62140.393382	711.800000
62263.334562	716.654000
62264.737812	716.712000
62387.052676	721.468000
62400.489805	722.031000
62524.608154	726.860000
62526.894611	726.956000
62645.571767	731.529000
62671.379421	732.597000
62770.472963	736.508000
62788.393617	737.234000
62906.474593	741.883000
62926.639643	742.696000
63020.526624	746.330000
63059.206367	747.857000
63163.321381	751.774000
63191.690645	752.874000
63292.515045	756.568000
63336.327917	758.249000
63425.725805	761.437000
63468.170501	763.056000
63572.599674	766.695000
63623.308305	768.581000
63707.908511	771.533000
63764.833265	773.590000
63852.069503	776.646000
63907.869458	778.612000
63986.312764	781.338000
64061.040529	783.938000
64141.331340	786.666000
64213.249369	789.177000
64287.917346	791.687000
64353.689786	793.950000
64424.790334	796.300000
64519.086494	799.545000
64585.094878	801.682000
64663.720704	804.383000
64735.331353	806.688000
64827.287838	809.887000
64880.478581	811.571000
64958.831690	814.309000
65024.116954	816.435000
65141.819987	820.512000
65192.279568	822.142000
65269.654519	824.789000
65323.968741	826.486000
65438.729467	830.260000
65483.908949	831.612000
65610.665568	835.709000
65666.400193	837.345000
65763.982902	840.422000
65799.273868	841.453000
65937.381790	845.705000
65983.576920	847.005000
66128.186303	851.273000
66160.085328	852.137000
66278.257919	855.657000
66325.969792	856.878000
66479.798270	861.510000
66496.907172	861.959000
66648.181063	866.446000
66685.945232	867.425000
66829.244562	871.471000
66851.192756	872.022000
67026.854718	876.717000
67040.696058	877.046000
67239.211568	882.148000
67257.186195	882.547000
67423.020154	886.678000
67452.054708	887.323000
67647.844329	892.037000
67652.346975	892.142000
67880.783262	897.169000
67891.112939	897.393000
68097.978645	902.187000
68106.266385	902.359000
68329.052010	907.125000
68340.168610	907.335000
68593.637304	912.205000
68602.426999	912.361000
68874.466310	917.323000
68883.147321	917.470000
69157.131609	922.229000
69168.702470	922.408000
69468.579930	927.215000
69492.603286	927.604000
69828.667729	932.097000
69865.717419	932.622000
70240.923137	937.407000
70249.542132	937.516000
70620.370565	942.196000
70660.395781	942.662000
71045.841891	947.085000
71102.255261	947.704000
71599.299204	952.164000
71681.387126	952.884000
72211.088465	957.385000
72216.055151	957.434000
72668.913654	961.932000
72879.499863	962.959000
73858.601973	967.435000
75062.355080	961.932000
75984.669365	957.434000
75989.602683	957.385000
76445.828278	952.884000
76530.561663	952.164000
77039.050731	947.704000
77108.035081	947.085000
77511.130934	942.662000
77551.740901	942.196000
77953.710883	937.516000
77962.347699	937.407000
78340.713699	932.622000
78381.880470	932.097000
78698.955248	927.604000
78728.051413	927.215000
79024.915874	922.408000
79036.082519	922.229000
79343.712263	917.470000
79352.175321	917.323000
79645.203745	912.361000
79653.756372	912.205000
79928.152608	907.335000
79939.082470	907.125000
80191.376350	902.359000
80199.416452	902.187000
80430.413109	897.393000
80440.078924	897.169000
80671.897161	892.142000
80676.668557	892.037000
80878.815944	887.323000
80905.605147	886.678000
81091.561336	882.547000
81107.578704	882.148000
81337.419675	877.046000
81350.220851	876.717000
81547.743919	872.022000
81568.359412	871.471000
81729.525278	867.425000
81764.199041	866.446000
81937.281600	861.959000
81952.419103	861.510000
82128.918957	856.878000
82169.468304	855.657000
82307.016045	852.137000
82336.022045	851.273000
82493.597319	847.005000
82537.644225	845.705000
82688.737837	841.453000
82722.225435	840.422000
82827.550655	837.345000
82879.434085	835.709000
83019.009122	831.612000
83060.838497	830.260000
83186.953413	826.486000
83238.556209	824.789000
83323.276153	822.142000
83370.922987	820.512000
83497.133854	816.435000
83558.511496	814.309000
83642.590072	811.571000
83690.780955	809.887000
83791.824415	806.688000
83858.082526	804.383000
83941.995916	801.682000
84004.203761	799.545000
84104.436426	796.300000
84172.724863	793.950000
84241.193178	791.687000
84314.144492	789.177000
84388.842217	786.666000
84466.975385	783.938000
84543.498885	781.338000
84621.848073	778.612000
84678.421638	776.646000
84765.158495	773.590000
84823.877390	771.533000
84905.570085	768.581000
84959.620217	766.695000
85057.461524	763.056000
85103.922319	761.437000
85187.500880	758.249000
85234.639477	756.568000
85330.918329	752.874000
85360.941838	751.774000
85461.962209	747.857000
85502.550319	746.330000
85594.601522	742.696000
85615.605957	741.883000
85730.916308	737.234000
85749.356142	736.508000
85845.895643	732.597000
85872.955705	731.529000
85983.459827	726.956000
85985.951191	726.860000
86100.964741	722.031000
86115.435362	721.468000
86228.946882	716.712000
86230.438527	716.654000
86347.876034	711.800000
86352.384384	711.622000
86476.310692	706.510000
86483.753306	706.200000
86598.410712	701.679000
86601.723555	701.538000
86729.343533	696.486000
86741.891492	695.965000
86860.673302	691.321000
86869.551261	690.946000
86978.572475	686.579000
86998.515023	685.713000
87103.090523	681.456000
87119.684537	680.725000
87228.938224	676.219000
87250.702162	675.264000
87346.051385	671.262000
87368.999610	670.252000
87459.703138	666.365000
87486.678647	665.158000
87579.091659	661.171000
87605.806433	659.955000
87698.617102	655.922000
87730.142065	654.497000
87802.272197	651.291000
87836.501001	649.733000
87922.559866	645.863000
87945.473169	644.808000
88039.012463	640.576000
88063.747915	639.443000
88143.458902	635.831000
88160.463042	635.066000
88263.560350	630.487000
88279.932207	629.762000
88380.963802	625.251000
88393.088815	624.711000
88492.655375	620.156000
88493.350338	620.125000
88610.610632	615.047000
88613.043965	614.938000
88725.181750	609.946000
88729.613391	609.742000
88827.386797	605.275000
88846.835236	604.365000
88936.318980	600.215000
88947.851643	599.676000
89048.502474	594.976000
89069.955192	593.970000
89147.831926	590.322000
89173.100808	589.133000
89253.717812	585.387000
89282.976810	584.004000
89367.570505	580.041000
89401.892905	578.414000
89461.693648	575.583000
89501.334626	573.708000
89569.829517	570.435000
89623.785852	567.944000
89681.138487	565.259000
89721.849500	563.398000
89783.224616	560.510000
89853.732998	557.222000
89894.276768	555.319000
89950.249148	552.740000
89999.799631	550.396000
90071.811721	547.207000
90114.104596	545.240000
90191.612811	541.860000
90225.726115	540.271000
90307.726858	536.643000
90332.992974	535.482000
90420.245002	531.621000
90452.195872	530.132000
90540.278623	526.200000
90557.015301	525.407000
90650.588100	521.262000
90670.292282	520.310000
90768.480689	515.951000
90788.108536	515.009000
90880.826388	510.905000
90886.648323	510.628000
90994.698298	505.892000
91013.299556	504.993000
91107.590480	500.816000
91118.996350	500.264000
91216.759510	495.899000
91224.205290	495.543000
91330.100597	490.828000
91347.030882	490.016000
91438.454411	485.881000
91454.801992	485.093000
91546.215450	481.018000
91554.222850	480.636000
91663.266290	475.799000
91682.731322	474.886000
91770.215589	471.035000
91786.494450	470.271000
91885.528262	465.863000
91895.701147	465.384000
91994.166474	460.935000
92009.481370	460.219000
92105.087832	455.775000
92118.980405	455.120000
92208.091809	450.952000
92218.454687	450.473000
92318.263801	445.844000
92335.733857	445.054000
92427.781489	440.736000
92437.457439	440.307000
92538.507193	435.603000
92542.355270	435.436000
92642.428521	430.860000
92657.717206	430.208000
92761.098000	425.527000
92768.426797	425.214000
92870.537904	420.606000
92873.804958	420.465000
92987.442256	415.453000
92994.132904	415.167000
93102.698467	410.461000
93104.193756	410.396000
93222.945443	405.327000
93227.621888	405.127000
93334.679661	400.448000
93334.934150	400.437000
93455.491447	395.342000
93465.510821	394.906000
93573.185750	390.217000
93576.402719	390.076000
93678.002867	385.599000
93692.513070	384.951000
93802.069319	380.081000
93804.559583	379.967000
93907.723402	375.273000
93918.284832	374.776000
94016.487706	370.228000
94030.445157	369.562000
94125.258399	365.127000
94136.635715	364.580000
94232.620745	360.144000
94245.734085	359.503000
94347.347537	355.093000
94363.217692	354.326000
94466.681311	349.919000
94481.725845	349.213000
94586.074571	344.932000
94604.663283	344.079000
94709.797797	339.886000
94730.991857	338.969000
94842.993800	334.400000
94859.697773	333.681000
94953.373624	329.779000
94979.346608	328.662000
95082.296167	324.327000
95104.777135	323.373000
95204.286838	319.214000
95227.269272	318.264000
95327.844125	314.026000
95354.871300	312.979000
95453.300133	309.113000
95483.637038	307.959000
95586.517897	303.864000
95623.227712	302.446000
95718.659948	298.680000
95740.555661	297.810000
95844.499438	293.920000
95891.888806	292.052000
95981.062165	288.916000
96025.997079	287.172000
96134.379828	283.681000
96178.918964	282.056000
96286.177273	278.949000
96350.455762	276.755000
96458.093204	274.037000
96541.697742	271.601000
96699.055217	268.793000
96778.544449	266.612000
96996.658773	263.996000
97112.333169	261.292000
97339.917410	266.612000
97521.762723	268.793000
97624.103743	271.601000
97760.614715	274.037000
97853.897611	276.755000
97940.783758	278.949000
98031.810770	282.056000
98087.908212	283.681000
98183.591982	287.172000
98237.736786	288.916000
98318.537183	292.052000
98371.654477	293.920000
98470.340044	297.810000
98493.587110	298.680000
98588.367863	302.446000
98624.300660	303.864000
98730.313842	307.959000
98759.306396	309.113000
98860.937656	312.979000
98887.594405	314.026000
98996.993798	318.264000
99019.538892	319.214000
99120.153570	323.373000
99142.979311	324.327000
99245.133395	328.662000
99271.660421	329.779000
99362.391473	333.681000
99379.652605	334.400000
99485.800662	338.969000
99508.279493	339.886000
99605.189736	344.079000
99626.577702	344.932000
99719.869936	349.213000
99737.078579	349.919000
99830.989716	354.326000
99848.996658	355.093000
99940.244879	359.503000
99955.014544	360.144000
100045.764585	364.580000
100057.600431	365.127000
100149.846126	369.562000
100164.084146	370.228000
100259.397193	374.776000
100270.128685	375.273000
100369.877883	379.967000
100372.383353	380.081000
100478.765676	384.951000
100493.343181	385.599000
100593.593455	390.076000
100596.793281	390.217000
100703.774599	394.906000
100713.786600	395.342000
100830.870797	400.437000
100831.131078	400.448000
100939.381238	405.127000
100943.957334	405.327000
101062.481846	410.396000
101064.004604	410.461000
101172.263533	415.167000
101178.861440	415.453000
101296.111544	420.465000
101299.308443	420.606000
101406.078541	425.214000
101413.014474	425.527000
101522.618626	430.208000
101537.018173	430.860000
101644.320357	435.436000
101647.972505	435.603000
101756.363863	440.307000
101765.579497	440.736000
101862.970528	445.054000
101879.811110	445.844000
101982.176792	450.473000
101992.504847	450.952000
102082.677032	455.120000
102096.680863	455.775000
102190.938257	460.219000
102206.341998	460.935000
102301.503968	465.384000
102312.105202	465.863000
102405.721231	470.271000
102422.885893	471.035000
102504.940729	474.886000
102525.681611	475.799000
102628.805769	480.636000
102637.417428	481.018000
102722.836683	485.093000
102740.513691	485.881000
102826.297000	490.016000
102844.250061	490.828000
102942.558309	495.543000
102950.553798	495.899000
103041.848266	500.264000
103054.211443	500.816000
103140.519991	504.993000
103160.813872	505.892000
103258.806707	510.628000
103265.126353	510.905000
103351.383459	515.009000
103372.665188	515.951000
103463.490861	520.310000
103484.935083	521.262000
103570.726926	525.407000
103588.628791	526.200000
103671.615698	530.132000
103704.971551	531.621000
103787.820650	535.482000
103814.057274	536.643000
103893.011166	540.271000
103928.926045	541.860000
104001.489272	545.240000
104046.595384	547.207000
104115.162735	550.396000
104168.093541	552.740000
104222.611756	555.319000
104263.912818	557.222000
104333.964271	560.510000
104395.894991	563.398000
104435.444538	565.259000
104494.181276	567.944000
104547.389997	570.435000
104618.284852	573.708000
104657.523446	575.583000
104717.376038	578.414000
104751.744038	580.041000
104835.345559	584.004000
104864.866901	585.387000
104944.117954	589.133000
104969.706213	590.322000
105047.234290	593.970000
105068.710165	594.976000
105168.936581	599.676000
105180.479304	600.215000
105269.274390	604.365000
105288.896127	605.275000
105384.364455	609.742000
105388.829594	609.946000
105497.274459	614.938000
105499.722980	615.047000
105613.085061	620.125000
105613.800908	620.156000
105715.915583	624.711000
105727.719302	625.251000
105829.008065	629.762000
105845.245686	630.487000
105948.648076	635.066000
105965.872239	635.831000
106046.158455	639.443000
106071.161929	640.576000
106163.554190	644.808000
106186.872705	645.863000
106270.924344	649.733000
106305.570265	651.291000
106376.005146	654.497000
106408.065483	655.922000
106497.286659	659.955000
106525.270238	661.171000
106612.862180	665.158000
106640.838730	666.365000
106727.710150	670.252000
106751.278600	671.262000
106842.208102	675.264000
106864.961352	676.219000
106967.650675	680.725000
106985.374698	681.456000
107082.010428	685.713000
107103.284185	686.579000
107203.848970	690.946000
107213.210764	691.321000
107323.155404	695.965000
107336.481270	696.486000
107458.155535	701.538000
107461.717375	701.679000
107567.939819	706.200000
107575.801752	706.510000
107698.532851	711.622000
107702.847969	711.800000
107825.789149	716.654000
107827.192399	716.712000
107949.507263	721.468000
107962.944392	722.031000
108087.062741	726.860000
108089.349198	726.956000
108208.026354	731.529000
108233.834008	732.597000
108332.927549	736.508000
108350.848203	737.234000
108468.929180	741.883000
108489.094229	742.696000
108582.981210	746.330000
108621.660954	747.857000
108725.775968	751.774000
108754.145232	752.874000
108854.969632	756.568000
108898.782504	758.249000
108988.180392	761.437000
109030.625087	763.056000
109135.054261	766.695000
109185.762891	768.581000
109270.363098	771.533000
109327.287852	773.590000
109414.524090	776.646000
109470.324045	778.612000
109548.767351	781.338000
109623.495116	783.938000
109703.785927	786.666000
109775.703956	789.177000
109850.371933	791.687000
109916.144373	793.950000
109987.244920	796.300000
110081.541081	799.545000
110147.549465	801.682000
110226.175291	804.383000
110297.785940	806.688000
110389.742424	809.887000
110442.933168	811.571000
110521.286277	814.309000
110586.571541	816.435000
110704.274573	820.512000
110754.734154	822.142000
110832.109106	824.789000
110886.423328	826.486000
111001.184053	830.260000
111046.363536	831.612000
111173.120154	835.709000
111228.854780	837.345000
111326.437489	840.422000
111361.728454	841.453000
111499.836377	845.705000
111546.031507	847.005000
111690.640890	851.273000
111722.539914	852.137000
111840.712506	855.657000
111888.424379	856.878000
112042.252856	861.510000
112059.361758	861.959000
112210.635650	866.446000
112248.399818	867.425000
112391.699149	871.471000
112413.647343	872.022000
112589.309305	876.717000
112603.150645	877.046000
112801.666155	882.148000
112819.640782	882.547000
112985.474741	886.678000
113014.509294	887.323000
113210.298916	892.037000
113214.801562	892.142000
113443.237849	897.169000
113453.567526	897.393000
113660.433232	902.187000
113668.720971	902.359000
113891.506597	907.125000
113902.623197	907.335000
114156.091891	912.205000
114164.881586	912.361000
114436.920896	917.323000
114445.601908	917.470000
114719.586196	922.229000
114731.157056	922.408000
115031.034517	927.215000
115055.057873	927.604000
115391.122315	932.097000
115428.172006	932.622000
115803.377723	937.407000
115811.996719	937.516000
116182.825152	942.196000
116222.850368	942.662000
116608.296478	947.085000
116664.709847	947.704000
117161.753791	952.164000
117243.841712	952.884000
117773.543051	957.385000
117778.509738	957.434000
118231.368241	961.932000
118441.954450	962.959000
119421.056560	967.435000
120624.809667	961.932000
121547.123952	957.434000
121552.057270	957.385000
122008.282865	952.884000
122093.016250	952.164000
122601.505318	947.704000
122670.489668	947.085000
123073.585520	942.662000
123114.195488	942.196000
123516.165470	937.516000
123524.802286	937.407000
123903.168286	932.622000
123944.335057	932.097000
124261.409835	927.604000
124290.505999	927.215000
124587.370460	922.408000
124598.537106	922.229000
124906.166850	917.470000
124914.629907	917.323000
125207.658332	912.361000
125216.210959	912.205000
125490.607195	907.335000
125501.537056	907.125000
125753.830937	902.359000
125761.871039	902.187000
125992.867695	897.393000
126002.533511	897.169000
126234.351747	892.142000
126239.123144	892.037000
126441.270531	887.323000
126468.059734	886.678000
126654.015923	882.547000
126670.033291	882.148000
126899.874262	877.046000
126912.675438	876.717000
127110.198506	872.022000
127130.813999	871.471000
127291.979865	867.425000
127326.653628	866.446000
127499.736187	861.959000
127514.873690	861.510000
127691.373544	856.878000
127731.922890	855.657000
127869.470632	852.137000
127898.476631	851.273000
128056.051905	847.005000
128100.098812	845.705000
128251.192424	841.453000
128284.680022	840.422000
128390.005242	837.345000
128441.888671	835.709000
128581.463709	831.612000
128623.293083	830.260000
128749.408000	826.486000
128801.010796	824.789000
128885.730740	822.142000
128933.377574	820.512000
129059.588441	816.435000
129120.966083	814.309000
129205.044659	811.571000
129253.235541	809.887000
129354.279002	806.688000
129420.537113	804.383000
129504.450503	801.682000
129566.658348	799.545000
129666.891013	796.300000
129735.179450	793.950000
129803.647765	791.687000
129876.599079	789.177000
129951.296804	786.666000
130029.429971	783.938000
130105.953472	781.338000
130184.302659	778.612000
130240.876225	776.646000
130327.613082	773.590000
130386.331977	771.533000
130468.024672	768.581000
130522.074804	766.695000
130619.916111	763.056000
130666.376906	761.437000
130749.955466	758.249000
130797.094064	756.568000
130893.372916	752.874000
130923.396424	751.774000
131024.416796	747.857000
131065.004906	746.330000
131157.056109	742.696000
131178.060543	741.883000
131293.370895	737.234000
131311.810729	736.508000
131408.350230	732.597000
131435.410291	731.529000
131545.914414	726.956000
131548.405778	726.860000
131663.419327	722.031000
131677.889949	721.468000
131791.401469	716.712000
131792.893113	716.654000
131910.330621	711.800000
131914.838971	711.622000
132038.765279	706.510000
132046.207893	706.200000
132160.865299	701.679000
132164.178142	701.538000
132291.798119	696.486000
132304.346079	695.965000
132423.127889	691.321000
132432.005848	690.946000
132541.027062	686.579000
132560.969609	685.713000
132665.545110	681.456000
132682.139124	680.725000
132791.392811	676.219000
132813.156749	675.264000
132908.505972	671.262000
132931.454197	670.252000
133022.157725	666.365000
133049.133234	665.158000
133141.546246	661.171000
133168.261020	659.955000
133261.071689	655.922000
133292.596652	654.497000
133364.726784	651.291000
133398.955588	649.733000
133485.014453	645.863000
133507.927755	644.808000
133601.467050	640.576000
133626.202502	639.443000
133705.913488	635.831000
133722.917629	635.066000
133826.014936	630.487000
133842.386793	629.762000
133943.418389	625.251000
133955.543401	624.711000
134055.109962	620.156000
134055.804925	620.125000
134173.065219	615.047000
134175.498552	614.938000
134287.636337	609.946000
134292.067978	609.742000
134389.841384	605.275000
134409.289823	604.365000
134498.773567	600.215000
134510.306230	599.676000
134610.957061	594.976000
134632.409779	593.970000
134710.286512	590.322000
134735.555395	589.133000
134816.172399	585.387000
134845.431397	584.004000
134930.025091	580.041000
134964.347492	578.414000
135024.148235	575.583000
135063.789213	573.708000
135132.284104	570.435000
135186.240438	567.944000
135243.593074	565.259000
135284.304087	563.398000
135345.679203	560.510000
135416.187585	557.222000
135456.731355	555.319000
135512.703734	552.740000
135562.254218	550.396000
135634.266308	547.207000
135676.559183	545.240000
135754.067398	541.860000
135788.180702	540.271000
135870.181445	536.643000
135895.447561	535.482000
135982.699589	531.621000
136014.650459	530.132000
136102.733209	526.200000
136119.469887	525.407000
136213.042687	521.262000
136232.746869	520.310000
136330.935276	515.951000
136350.563123	515.009000
136443.280975	510.905000
136449.102909	510.628000
136557.152885	505.892000
136575.754143	504.993000
136670.045067	500.816000
136681.450937	500.264000
136779.214097	495.899000
136786.659877	495.543000
136892.555183	490.828000
136909.485469	490.016000
137000.908998	485.881000
137017.256579	485.093000
137108.670037	481.018000
137116.677437	480.636000
137225.720877	475.799000
137245.185908	474.886000
137332.670175	471.035000
137348.949037	470.271000
137447.982848	465.863000
137458.155734	465.384000
137556.621061	460.935000
137571.935956	460.219000
137667.542419	455.775000
137681.434992	455.120000
137770.546396	450.952000
137780.909274	450.473000
137880.718388	445.844000
137898.188444	445.054000
137990.236076	440.736000
137999.912026	440.307000
138100.961779	435.603000
138104.809857	435.436000
138204.883107	430.860000
138220.171793	430.208000
138323.552587	425.527000
138330.881384	425.214000
138432.992490	420.606000
138436.259544	420.465000
138549.896842	415.453000
138556.587491	415.167000
138665.153054	410.461000
138666.648343	410.396000
138785.400029	405.327000
138790.076475	405.127000
138897.134248	400.448000
138897.388737	400.437000
139017.946033	395.342000
139027.965407	394.906000
139135.640337	390.217000
139138.857306	390.076000
139240.457454	385.599000
139254.967657	384.951000
139364.523906	380.081000
139367.014170	379.967000
139470.177989	375.273000
139480.739419	374.776000
139578.942292	370.228000
139592.899744	369.562000
139687.712986	365.127000
139699.090302	364.580000
139795.075332	360.144000
139808.188672	359.503000
139909.802123	355.093000
139925.672279	354.326000
140029.135898	349.919000
140044.180432	349.213000
140148.529158	344.932000
140167.117870	344.079000
140272.252384	339.886000
140293.446444	338.969000
140405.448386	334.400000
140422.152359	333.681000
140515.828210	329.779000
140541.801195	328.662000
140644.750754	324.327000
140667.231722	323.373000
140766.741425	319.214000
140789.723859	318.264000
140890.298712	314.026000
140917.325886	312.979000
141015.754720	309.113000
141046.091625	307.959000
141148.972484	303.864000
141185.682299	302.446000
141281.114535	298.680000
141303.010248	297.810000
141406.954025	293.920000
141454.343392	292.052000
141543.516751	288.916000
141588.451666	287.172000
141696.834414	283.681000
141741.373551	282.056000
141848.631860	278.949000
141912.910349	276.755000
142020.547791	274.037000
142104.152329	271.601000
142261.509804	268.793000
142340.999036	266.612000
142559.113360	263.996000
142674.787756	261.292000
142902.371997	266.612000
143084.217310	268.793000
143186.558330	271.601000
143323.069302	274.037000
143416.352198	276.755000
143503.238345	278.949000
143594.265357	282.056000
143650.362799	283.681000
143746.046568	287.172000
143800.191373	288.916000
143880.991770	292.052000
143934.109064	293.920000
144032.794631	297.810000
144056.041697	298.680000
144150.822450	302.446000
144186.755246	303.864000
144292.768428	307.959000
144321.760983	309.113000
144423.392243	312.979000
144450.048991	314.026000
144559.448385	318.264000
144581.993479	319.214000
144682.608157	323.373000
144705.433898	324.327000
144807.587982	328.662000
144834.115008	329.779000
144924.846060	333.681000
144942.107192	334.400000
145048.255249	338.969000
145070.734080	339.886000
145167.644323	344.079000
145189.032289	344.932000
145282.324523	349.213000
145299.533166	349.919000
145393.444302	354.326000
145411.451245	355.093000
145502.699465	359.503000
145517.469130	360.144000
145608.219172	364.580000
145620.055017	365.127000
145712.300713	369.562000
145726.538733	370.228000
145821.851779	374.776000
145832.583272	375.273000
145932.332470	379.967000
145934.837940	380.081000
146041.220262	384.951000
146055.797767	385.599000
146156.048042	390.076000
146159.247867	390.217000
146266.229186	394.906000
146276.241186	395.342000
146393.325384	400.437000
146393.585665	400.448000
146501.835825	405.127000
146506.411921	405.327000
146624.936433	410.396000
146626.459191	410.461000
146734.718119	415.167000
146741.316027	415.453000
146858.566130	420.465000
146861.763030	420.606000
146968.533128	425.214000
146975.469060	425.527000
147085.073213	430.208000
147099.472760	430.860000
147206.774943	435.436000
147210.427092	435.603000
147318.818449	440.307000
147328.034084	440.736000
147425.425115	445.054000
147442.265696	445.844000
147544.631379	450.473000
147554.959434	450.952000
147645.131619	455.120000
147659.135450	455.775000
147753.392843	460.219000
147768.796585	460.935000
147863.958555	465.384000
147874.559789	465.863000
147968.175818	470.271000
147985.340480	471.035000
148067.395316	474.886000
148088.136198	475.799000
148191.260356	480.636000
148199.872015	481.018000
148285.291270	485.093000
148302.968277	485.881000
148388.751587	490.016000
148406.704648	490.828000
148505.012896	495.543000
148513.008385	495.899000
148604.302853	500.264000
148616.666029	500.816000
148702.974578	504.993000
148723.268459	505.892000
148821.261294	510.628000
148827.580940	510.905000
148913.838046	515.009000
148935.119775	515.951000
149025.945448	520.310000
149047.389670	521.262000
149133.181513	525.407000
149151.083378	526.200000
149234.070285	530.132000
149267.426138	531.621000
149350.275237	535.482000
149376.511861	536.643000
149455.465753	540.271000
149491.380632	541.860000
149563.943858	545.240000
149609.049970	547.207000
149677.617322	550.396000
149730.548127	552.740000
149785.066343	555.319000
149826.367405	557.222000
149896.418858	560.510000
149958.349578	563.398000
149997.899124	565.259000
150056.635863	567.944000
150109.844584	570.435000
150180.739438	573.708000
150219.978033	575.583000
150279.830625	578.414000
150314.198625	580.041000
150397.800146	584.004000
150427.321488	585.387000
150506.572541	589.133000
150532.160800	590.322000
150609.688877	593.970000
150631.164752	594.976000
150731.391168	599.676000
150742.933891	600.215000
150831.728977	604.365000
150851.350714	605.275000
150946.819042	609.742000
150951.284181	609.946000
151059.729045	614.938000
151062.177567	615.047000
151175.539648	620.125000
151176.255494	620.156000
151278.370170	624.711000
151290.173889	625.251000
151391.462652	629.762000
151407.700273	630.487000
151511.102663	635.066000
151528.326826	635.831000
151608.613042	639.443000
151633.616516	640.576000
151726.008776	644.808000
151749.327292	645.863000
151833.378931	649.733000
151868.024852	651.291000
151938.459733	654.497000
151970.520069	655.922000
152059.741246	659.955000
152087.724825	661.171000
152175.316767	665.158000
152203.293317	666.365000
152290.164737	670.252000
152313.733187	671.262000
152404.662689	675.264000
152427.415939	676.219000
152530.105262	680.725000
152547.829284	681.456000
152644.465015	685.713000
152665.738772	686.579000
152766.303556	690.946000
152775.665351	691.321000
152885.609991	695.965000
152898.935857	696.486000
153020.610122	701.538000
153024.171962	701.679000
153130.394406	706.200000
153138.256338	706.510000
153260.987438	711.622000
153265.302556	711.800000
153388.243736	716.654000
153389.646986	716.712000
153511.961850	721.468000
153525.398979	722.031000
153649.517328	726.860000
153651.803785	726.956000
153770.480941	731.529000
153796.288595	732.597000
153895.382136	736.508000
153913.302790	737.234000
154031.383767	741.883000
154051.548816	742.696000
154145.435797	746.330000
154184.115540	747.857000
154288.230554	751.774000
154316.599819	752.874000
154417.424219	756.568000
154461.237091	758.249000
154550.634979	761.437000
154593.079674	763.056000
154697.508848	766.695000
154748.217478	768.581000
154832.817685	771.533000
154889.742439	773.590000
154976.978677	776.646000
155032.778632	778.612000
155111.221937	781.338000
155185.949703	783.938000
155266.240514	786.666000
155338.158543	789.177000
155412.826520	791.687000
155478.598960	793.950000
155549.699507	796.300000
155643.995668	799.545000
155710.004052	801.682000
155788.629877	804.383000
155860.240527	806.688000
155952.197011	809.887000
156005.387754	811.571000
156083.740864	814.309000
156149.026128	816.435000
156266.729160	820.512000
156317.188741	822.142000
156394.563693	824.789000
156448.877914	826.486000
156563.638640	830.260000
156608.818123	831.612000
156735.574741	835.709000
156791.309367	837.345000
156888.892075	840.422000
156924.183041	841.453000
157062.290963	845.705000
157108.486094	847.005000
157253.095477	851.273000
157284.994501	852.137000
157403.167093	855.657000
157450.878965	856.878000
157604.707443	861.510000
157621.816345	861.959000
157773.090236	866.446000
157810.854405	867.425000
157954.153736	871.471000
157976.101929	872.022000
158151.763892	876.717000
158165.605231	877.046000
158364.120742	882.148000
158382.095369	882.547000
158547.929327	886.678000
158576.963881	887.323000
158772.753502	892.037000
158777.256149	892.142000
159005.692436	897.169000
159016.022112	897.393000
159222.887818	902.187000
159231.175558	902.359000
159453.961184	907.125000
159465.077784	907.335000
159718.546478	912.205000
159727.336172	912.361000
159999.375483	917.323000
160008.056494	917.470000
160282.040783	922.229000
160293.611643	922.408000
160593.489103	927.215000
160617.512460	927.604000
160953.576902	932.097000
160990.626592	932.622000
161365.832310	937.407000
161374.451306	937.516000
161745.279739	942.196000
161785.304955	942.662000
162170.751065	947.085000
162227.164434	947.704000
162724.208378	952.164000
162806.296299	952.884000
163335.997638	957.385000
163340.964324	957.434000
163793.822827	961.932000
164004.409037	962.959000
164983.511146	967.435000
166187.264254	961.932000
167109.578538	957.434000
167114.511857	957.385000
167570.737452	952.884000
167655.470837	952.164000
168163.959905	947.704000
168232.944255	947.085000
168636.040107	942.662000
168676.650075	942.196000
169078.620056	937.516000
169087.256872	937.407000
169465.622872	932.622000
169506.789644	932.097000
169823.864421	927.604000
169852.960586	927.215000
170149.825047	922.408000
170160.991693	922.229000
170468.621437	917.470000
170477.084494	917.323000
170770.112919	912.361000
170778.665545	912.205000
171053.061782	907.335000
171063.991643	907.125000
171316.285523	902.359000
171324.325626	902.187000
171555.322282	897.393000
171564.988097	897.169000
171796.806334	892.142000
171801.577731	892.037000
172003.725117	887.323000
172030.514321	886.678000
172216.470509	882.547000
172232.487878	882.148000
172462.328848	877.046000
172475.130025	876.717000
172672.653092	872.022000
172693.268586	871.471000
172854.434451	867.425000
172889.108214	866.446000
173062.190773	861.959000
173077.328277	861.510000
173253.828131	856.878000
173294.377477	855.657000
173431.925218	852.137000
173460.931218	851.273000
173618.506492	847.005000
173662.553399	845.705000
173813.647011	841.453000
173847.134609	840.422000
173952.459829	837.345000
174004.343258	835.709000
174143.918295	831.612000
174185.747670	830.260000
174311.862587	826.486000
174363.465383	824.789000
174448.185326	822.142000
174495.832161	820.512000
174622.043027	816.435000
174683.420669	814.309000
174767.499246	811.571000
174815.690128	809.887000
174916.733589	806.688000
174982.991699	804.383000
175066.905089	801.682000
175129.112935	799.545000
175229.345600	796.300000
175297.634037	793.950000
175366.102351	791.687000
175439.053666	789.177000
175513.751390	786.666000
175591.884558	783.938000
175668.408058	781.338000
175746.757246	778.612000
175803.330812	776.646000
175890.067669	773.590000
175948.786563	771.533000
176030.479259	768.581000
176084.529391	766.695000
176182.370698	763.056000
176228.831493	761.437000
176312.410053	758.249000
176359.548651	756.568000
176455.827503	752.874000
176485.851011	751.774000
176586.871383	747.857000
176627.459493	746.330000
176719.510696	742.696000
176740.515130	741.883000
176855.825481	737.234000
176874.265316	736.508000
176970.804816	732.597000
176997.864878	731.529000
177108.369001	726.956000
177110.860365	726.860000
177225.873914	722.031000
177240.344535	721.468000
177353.856055	716.712000
177355.347700	716.654000
177472.785208	711.800000
177477.293557	711.622000
177601.219866	706.510000
177608.662480	706.200000
177723.319885	701.679000
177726.632729	701.538000
177854.252706	696.486000
177866.800666	695.965000
177985.582476	691.321000
177994.460435	690.946000
178103.481649	686.579000
178123.424196	685.713000
178227.999696	681.456000
178244.593711	680.725000
178353.847398	676.219000
178375.611336	675.264000
178470.960558	671.262000
178493.908784	670.252000
178584.612312	666.365000
178611.587821	665.158000
178704.000833	661.171000
178730.715606	659.955000
178823.526275	655.922000
178855.051239	654.497000
178927.181370	651.291000
178961.410174	649.733000
179047.469040	645.863000
179070.382342	644.808000
179163.921637	640.576000
179188.657088	639.443000
179268.368075	635.831000
179285.372216	635.066000
179388.469523	630.487000
179404.841380	629.762000
179505.872975	625.251000
179517.997988	624.711000
179617.564549	620.156000
179618.259511	620.125000
179735.519805	615.047000
179737.953139	614.938000
179850.090923	609.946000
179854.522565	609.742000
179952.295970	605.275000
179971.744410	604.365000
180061.228154	600.215000
180072.760817	599.676000
180173.411648	594.976000
180194.864366	593.970000
180272.741099	590.322000
180298.009982	589.133000
180378.626986	585.387000
180407.885984	584.004000
180492.479678	580.041000
180526.802079	578.414000
180586.602822	575.583000
180626.243800	573.708000
180694.738690	570.435000
180748.695025	567.944000
180806.047660	565.259000
180846.758674	563.398000
180908.133790	560.510000
180978.642172	557.222000
181019.185942	555.319000
181075.158321	552.740000
181124.708805	550.396000
181196.720894	547.207000
181239.013770	545.240000
181316.521985	541.860000
181350.635289	540.271000
181432.636032	536.643000
181457.902148	535.482000
181545.154176	531.621000
181577.105046	530.132000
181665.187796	526.200000
181681.924474	525.407000
181775.497274	521.262000
181795.201456	520.310000
181893.389863	515.951000
181913.017710	515.009000
182005.735562	510.905000
182011.557496	510.628000
182119.607471	505.892000
182138.208730	504.993000
182232.499654	500.816000
182243.905524	500.264000
182341.668684	495.899000
182349.114464	495.543000
182455.009770	490.828000
182471.940056	490.016000
182563.363585	485.881000
182579.711166	485.093000
182671.124623	481.018000
182679.132023	480.636000
182788.175464	475.799000
182807.640495	474.886000
182895.124762	471.035000
182911.403623	470.271000
183010.437435	465.863000
183020.610320	465.384000
183119.075647	460.935000
183134.390543	460.219000
183229.997006	455.775000
183243.889578	455.120000
183333.000983	450.952000
183343.363861	450.473000
183443.172974	445.844000
183460.643030	445.054000
183552.690662	440.736000
183562.366613	440.307000
183663.416366	435.603000
183667.264444	435.436000
183767.337694	430.860000
183782.626379	430.208000
183886.007173	425.527000
183893.335971	425.214000
183995.447077	420.606000
183998.714131	420.465000
184112.351429	415.453000
184119.042077	415.167000
184227.607641	410.461000
184229.102930	410.396000
184347.854616	405.327000
184352.531062	405.127000
184459.588835	400.448000
184459.843323	400.437000
184580.400620	395.342000
184590.419994	394.906000
184698.094924	390.217000
184701.311892	390.076000
184802.912041	385.599000
184817.422243	384.951000
184926.978493	380.081000
184929.468756	379.967000
185032.632576	375.273000
185043.194006	374.776000
185141.396879	370.228000
185155.354330	369.562000
185250.167573	365.127000
185261.544888	364.580000
185357.529918	360.144000
185370.643258	359.503000
185472.256710	355.093000
185488.126866	354.326000
185591.590484	349.919000
185606.635019	349.213000
185710.983745	344.932000
185729.572457	344.079000
185834.706971	339.886000
185855.901030	338.969000
185967.902973	334.400000
185984.606946	333.681000
186078.282797	329.779000
186104.255782	328.662000
186207.205341	324.327000
186229.686309	323.373000
186329.196011	319.214000
186352.178446	318.264000
186452.753299	314.026000
186479.780473	312.979000
186578.209307	309.113000
186608.546211	307.959000
186711.427071	303.864000
186748.136886	302.446000
186843.569121	298.680000
186865.464834	297.810000
186969.408612	293.920000
187016.797979	292.052000
187105.971338	288.916000
187150.906253	287.172000
187259.289001	283.681000
187303.828137	282.056000
187411.086447	278.949000
187475.364936	276.755000
187583.002378	274.037000
187666.606916	271.601000
187823.964390	268.793000
187903.453623	266.612000
188121.567947	263.996000
188237.242343	261.292000
188464.826583	266.612000
188646.671897	268.793000
188749.012917	271.601000
188885.523888	274.037000
188978.806784	276.755000
189065.692932	278.949000
189156.719944	282.056000
189212.817386	283.681000
189308.501155	287.172000
189362.645960	288.916000
189443.446357	292.052000
189496.563651	293.920000
189595.249218	297.810000
189618.496284	298.680000
189713.277037	302.446000
189749.209833	303.864000
189855.223015	307.959000
189884.215570	309.113000
189985.846830	312.979000
190012.503578	314.026000
190121.902971	318.264000
190144.448066	319.214000
190245.062744	323.373000
190267.888484	324.327000
190370.042568	328.662000
190396.569594	329.779000
190487.300647	333.681000
190504.561779	334.400000
190610.709835	338.969000
190633.188667	339.886000
190730.098910	344.079000
190751.486875	344.932000
190844.779110	349.213000
190861.987753	349.919000
190955.898889	354.326000
190973.905832	355.093000
191065.154052	359.503000
191079.923717	360.144000
191170.673759	364.580000
191182.509604	365.127000
191274.755299	369.562000
191288.993319	370.228000
191384.306366	374.776000
191395.037859	375.273000
191494.787056	379.967000
191497.292526	380.081000
191603.674849	384.951000
191618.252354	385.599000
191718.502628	390.076000
191721.702454	390.217000
191828.683773	394.906000
191838.695773	395.342000
191955.779971	400.437000
191956.040251	400.448000
192064.290411	405.127000
192068.866508	405.327000
192187.391020	410.396000
192188.913778	410.461000
192297.172706	415.167000
192303.770613	415.453000
192421.020717	420.465000
192424.217616	420.606000
192530.987715	425.214000
192537.923647	425.527000
192647.527800	430.208000
192661.927346	430.860000
192769.229530	435.436000
192772.881679	435.603000
192881.273036	440.307000
192890.488671	440.736000
192987.879702	445.054000
193004.720283	445.844000
193107.085966	450.473000
193117.414020	450.952000
193207.586205	455.120000
193221.590037	455.775000
193315.847430	460.219000
193331.251172	460.935000
193426.413141	465.384000
193437.014376	465.863000
193530.630405	470.271000
193547.795067	471.035000
193629.849903	474.886000
193650.590785	475.799000
193753.714942	480.636000
193762.326601	481.018000
193847.745857	485.093000
193865.422864	485.881000
193951.206174	490.016000
193969.159234	490.828000
194067.467483	495.543000
194075.462971	495.899000
194166.757440	500.264000
194179.120616	500.816000
194265.429165	504.993000
194285.723045	505.892000
194383.715881	510.628000
194390.035527	510.905000
194476.292632	515.009000
194497.574362	515.951000
194588.400035	520.310000
194609.844257	521.262000
194695.636099	525.407000
194713.537964	526.200000
194796.524871	530.132000
194829.880725	531.621000
194912.729824	535.482000
194938.966448	536.643000
195017.920340	540.271000
195053.835219	541.860000
195126.398445	545.240000
195171.504557	547.207000
195240.071909	550.396000
195293.002714	552.740000
195347.520929	555.319000
195388.821991	557.222000
195458.873445	560.510000
195520.804165	563.398000
195560.353711	565.259000
195619.090450	567.944000
195672.299170	570.435000
195743.194025	573.708000
195782.432620	575.583000
195842.285212	578.414000
195876.653212	580.041000
195960.254732	584.004000
195989.776075	585.387000
196069.027128	589.133000
196094.615387	590.322000
196172.143463	593.970000
196193.619339	594.976000
196293.845755	599.676000
196305.388478	600.215000
196394.183564	604.365000
196413.805300	605.275000
196509.273629	609.742000
196513.738768	609.946000
196622.183632	614.938000
196624.632154	615.047000
196737.994235	620.125000
196738.710081	620.156000
196840.824756	624.711000
196852.628476	625.251000
196953.917239	629.762000
196970.154860	630.487000
197073.557250	635.066000
197090.781413	635.831000
197171.067629	639.443000
197196.071103	640.576000
197288.463363	644.808000
197311.781878	645.863000
197395.833518	649.733000
197430.479438	651.291000
197500.914320	654.497000
197532.974656	655.922000
197622.195833	659.955000
197650.179411	661.171000
197737.771354	665.158000
197765.747904	666.365000
197852.619324	670.252000
197876.187773	671.262000
197967.117275	675.264000
197989.870526	676.219000
198092.559849	680.725000
198110.283871	681.456000
198206.919601	685.713000
198228.193358	686.579000
198328.758143	690.946000
198338.119937	691.321000
198448.064577	695.965000
198461.390444	696.486000
198583.064709	701.538000
198586.626549	701.679000
198692.848993	706.200000
198700.710925	706.510000
198823.442024	711.622000
198827.757142	711.800000
198950.698323	716.654000
198952.101573	716.712000
199074.416436	721.468000
199087.853566	722.031000
199211.971914	726.860000
199214.258371	726.956000
199332.935527	731.529000
199358.743182	732.597000
199457.836723	736.508000
199475.757377	737.234000
199593.838353	741.883000
199614.003403	742.696000
199707.890384	746.330000
199746.570127	747.857000
199850.685141	751.774000
199879.054406	752.874000
