0.000000	500.000000
89.104837	495.899000
96.355369	495.543000
199.068577	490.828000
215.557549	490.016000
304.314863	485.881000
320.240405	485.093000
408.913110	481.018000
416.709636	480.636000
522.452868	475.799000
541.388378	474.886000
626.185918	471.035000
642.022429	470.271000
738.078406	465.863000
747.976589	465.384000
843.564799	460.935000
858.460463	460.219000
951.420646	455.775000
964.939009	455.120000
1051.613168	450.952000
1061.686124	450.473000
1158.720804	445.844000
1175.681185	445.054000
1265.225383	440.736000
1274.608216	440.307000
1372.868967	435.603000
1376.595625	435.436000
1473.810757	430.860000
1488.600726	430.208000
1588.972965	425.527000
1596.063360	425.214000
1695.183734	420.606000
1698.346609	420.465000
1808.506932	415.453000
1814.980304	415.167000
1920.112576	410.461000
1921.560832	410.396000
2036.445703	405.327000
2040.970426	405.127000
2144.695221	400.448000
2144.941618	400.437000
2261.498238	395.342000
2271.203091	394.906000
2375.502691	390.217000
2378.620049	390.076000
2477.106100	385.599000
2491.182754	384.951000
2597.436571	380.081000
2599.855865	379.967000
2700.045265	375.273000
2710.321176	374.776000
2805.786790	370.228000
2819.376829	369.562000
2911.597223	365.127000
2922.679351	364.580000
3015.978217	360.144000
3028.761980	359.503000
3127.169415	355.093000
3142.631918	354.326000
3242.712844	349.919000
3257.348490	349.213000
3358.033983	344.932000
3376.095363	344.079000
3477.336473	339.886000
3497.857923	338.969000
3605.885549	334.400000
3622.054168	333.681000
3712.534799	329.779000
3737.673985	328.662000
3837.183417	324.327000
3858.924149	323.373000
3955.061263	319.214000
3977.248302	318.264000
4074.466884	314.026000
4100.436777	312.979000
4195.113912	309.113000
4224.222727	307.959000
4323.279373	303.864000
4358.545321	302.446000
4450.372225	298.680000
4471.451358	297.810000
4571.056593	293.920000
4616.651833	292.052000
4701.644955	288.916000
4744.828259	287.172000
4847.234862	283.681000
4889.824412	282.056000
4989.909188	278.949000
5051.002768	276.755000
5149.452158	274.037000
5227.523746	271.601000
5360.940959	268.793000
5434.570788	266.612000
5594.261373	263.996000
5698.648451	261.292000
5961.556872	259.101000
6088.489627	256.228000
6312.223520	261.292000
6636.689230	263.996000
6737.679095	266.612000
6870.815627	268.793000
6965.612766	271.601000
7081.355048	274.037000
7168.464480	276.755000
7247.933929	278.949000
7334.450680	282.056000
7386.796275	283.681000
7478.291733	287.172000
7529.451033	288.916000
7607.101744	292.052000
7657.729025	293.920000
7752.678427	297.810000
7774.955176	298.680000
7866.201169	302.446000
7900.776462	303.864000
8002.619943	307.959000
8030.534807	309.113000
8128.051858	312.979000
8153.692562	314.026000
8258.812339	318.264000
8280.605084	319.214000
8377.737605	323.373000
8399.789735	324.327000
8498.580166	328.662000
8524.220774	329.779000
8612.039131	333.681000
8628.711497	334.400000
8731.457566	338.969000
8753.138750	339.886000
8846.973471	344.079000
8867.569385	344.932000
8958.215069	349.213000
8974.819591	349.919000
9066.178367	354.326000
9083.596581	355.093000
9172.500933	359.503000
9186.804598	360.144000
9275.273826	364.580000
9286.778443	365.127000
9376.630798	369.562000
9390.479453	370.228000
9483.283503	374.776000
9493.715871	375.273000
9590.768439	379.967000
9593.201671	380.081000
9696.552251	384.951000
9710.690336	385.599000
9807.945245	390.076000
9811.046995	390.217000
9914.715736	394.906000
9924.413886	395.342000
10037.822652	400.437000
10038.074296	400.448000
10142.882566	405.127000
10147.316197	405.327000
10261.995307	410.396000
10263.468481	410.461000
10368.322192	415.167000
10374.711446	415.453000
10488.153894	420.465000
10491.252977	420.606000
10594.618394	425.214000
10601.351179	425.527000
10707.389956	430.208000
10721.370452	430.860000
10825.172445	435.436000
10828.720287	435.603000
10933.691556	440.307000
10942.652836	440.736000
11037.093564	445.054000
11053.476129	445.844000
11152.855375	450.473000
11162.896337	450.952000
11250.545777	455.120000
11264.166596	455.775000
11355.885080	460.219000
11370.862464	460.935000
11463.419458	465.384000
11473.710929	465.863000
11564.799008	470.271000
11581.447548	471.035000
11661.272686	474.886000
11681.376595	475.799000
11781.695396	480.636000
11790.046423	481.018000
11873.216168	485.093000
11890.363184	485.881000
11973.931859	490.016000
11991.361348	490.828000
12087.107041	495.543000
12094.862269	495.899000
12183.762756	500.264000
12195.756385	500.816000
12279.853784	504.993000
12299.531898	505.892000
12395.007652	510.628000
12401.131629	510.905000
12485.105504	515.009000
12505.740498	515.951000
12594.201654	520.310000
12614.997862	521.262000
12698.584670	525.407000
12715.943301	526.200000
12796.715937	530.132000
12829.074372	531.621000
12909.641643	535.482000
12935.080537	536.643000
13011.800484	540.271000
13046.623006	541.860000
13117.185831	545.240000
13160.881718	547.207000
13227.553294	550.396000
13278.877021	552.740000
13331.936109	555.319000
13372.074662	557.222000
13440.222968	560.510000
13500.450090	563.398000
13538.930315	565.259000
13595.988530	567.944000
13647.744505	570.435000
13716.651355	573.708000
13754.859865	575.583000
13813.110187	578.414000
13846.559673	580.041000
13927.932549	584.004000
13956.648925	585.387000
14033.775651	589.133000
14058.655201	590.322000
14134.087026	593.970000
14154.977212	594.976000
14252.475898	599.676000
14263.701926	600.215000
14350.064827	604.365000
14369.141099	605.275000
14462.000183	609.742000
14466.337587	609.946000
14571.724489	614.938000
14574.099407	615.047000
14684.093990	620.125000
14684.787157	620.156000
14783.844036	624.711000
14795.310945	625.251000
14893.557457	629.762000
14909.309733	630.487000
15009.572509	635.066000
15026.276630	635.831000
15104.197529	639.443000
15128.474417	640.576000
15218.236533	644.808000
15240.875403	645.863000
15322.557963	649.733000
15356.182319	651.291000
15424.587851	654.497000
15455.681578	655.922000
15542.297824	659.955000
15569.400587	661.171000
15654.468926	665.158000
15681.552776	666.365000
15765.838090	670.252000
15788.644813	671.262000
15876.780908	675.264000
15898.769163	676.219000
15998.285682	680.725000
16015.393690	681.456000
16109.065836	685.713000
16129.581671	686.579000
16226.976996	690.946000
16235.994939	691.321000
16342.287372	695.965000
16355.100893	696.486000
16472.599587	701.538000
16476.027657	701.679000
16578.772084	706.200000
16586.336546	706.510000
16704.880942	711.622000
16709.046131	711.800000
16827.347098	716.654000
16828.701775	716.712000
16946.265177	721.468000
16959.249034	722.031000
17078.551263	726.860000
17080.760896	726.956000
17194.748780	731.529000
17219.665189	732.597000
17315.016009	736.508000
17332.292363	737.234000
17445.892849	741.883000
17465.326278	742.696000
17555.534640	746.330000
17592.754182	747.857000
17692.566230	751.774000
17719.827626	752.874000
17816.273115	756.568000
17858.340762	758.249000
17943.655138	761.437000
17984.390409	763.056000
18083.840100	766.695000
18132.407474	768.581000
18212.983773	771.533000
18267.371630	773.590000
18350.488849	776.646000
18403.682075	778.612000
18478.365898	781.338000
18549.520225	783.938000
18625.798810	786.666000
18694.300005	789.177000
18765.162305	791.687000
18827.723695	793.950000
18895.085520	796.300000
18984.779658	799.545000
19047.182330	801.682000
19121.958418	804.383000
19189.615559	806.688000
19277.173619	809.887000
19327.337336	811.571000
19401.973739	814.309000
19463.730962	816.435000
19575.758686	820.512000
19623.450678	822.142000
19697.007839	824.789000
19748.155511	826.486000
19856.825478	830.260000
19899.155858	831.612000
20018.967560	835.709000
20071.062577	837.345000
20163.050825	840.422000
20196.017346	841.453000
20325.854302	845.705000
20368.794979	847.005000
20504.053700	851.273000
20533.546628	852.137000
20644.204275	855.657000
20687.937693	856.878000
20832.174110	861.510000
20847.918253	861.959000
20989.498346	866.446000
21024.184310	867.425000
21157.447791	871.471000
21177.503253	872.022000
21339.598540	876.717000
21352.127478	877.046000
21534.213622	882.148000
21550.272813	882.547000
21701.610721	886.678000
21727.555248	887.323000
21905.188015	892.037000
21909.249478	892.142000
22112.983450	897.169000
22122.168143	897.393000
22308.546496	902.187000
22315.845808	902.359000
22513.368979	907.125000
22522.940234	907.335000
22742.119825	912.205000
22749.560850	912.361000
22981.614563	917.323000
22988.863141	917.470000
23219.374329	922.229000
23228.758543	922.408000
23474.873142	927.215000
23494.654165	927.604000
23752.660817	932.097000
23781.768661	932.622000
24064.143619	937.407000
24070.606507	937.516000
24348.417837	942.196000
24377.314549	942.662000
24653.652326	947.085000
24693.206467	947.704000
25004.692646	952.164000
25055.422802	952.884000
25376.346535	957.385000
25379.636406	957.434000
25680.737763	961.932000
25765.077133	962.959000
26136.284751	967.435000
26182.120464	967.924000
26717.339459	972.128000
26753.489341	972.451000
27585.445910	977.004000
27697.873991	978.083000
28284.708978	972.451000
28343.729837	972.128000
28814.237902	967.924000
28876.493394	967.435000
29296.044831	962.959000
29381.216909	961.932000
29750.601999	957.434000
29753.882116	957.385000
30056.080254	952.884000
30107.416643	952.164000
30421.661779	947.704000
30464.892708	947.085000
30747.522700	942.662000
30776.637193	942.196000
31066.844514	937.516000
31073.314906	937.407000
31357.029764	932.622000
31388.011343	932.097000
31637.119044	927.604000
31659.457034	927.215000
31903.897582	922.408000
31913.062240	922.229000
32162.556494	917.470000
32169.676717	917.323000
32414.353202	912.361000
32421.648723	912.205000
32653.942239	907.335000
32663.393515	907.125000
32880.615415	902.359000
32887.743822	902.187000
33091.190915	897.393000
33099.899457	897.169000
33306.022010	892.142000
33310.277444	892.037000
33492.617804	887.323000
33516.922669	886.678000
33683.088318	882.547000
33697.705559	882.148000
33903.053917	877.046000
33914.795654	876.717000
34093.590081	872.022000
34112.613404	871.471000
34259.880913	867.425000
34292.126328	866.446000
34451.100709	861.959000
34465.268184	861.510000
34627.688832	856.878000
34665.709700	855.657000
34791.788024	852.137000
34818.949446	851.273000
34964.639048	847.005000
35005.837814	845.705000
35146.286861	841.453000
35177.768964	840.422000
35276.156924	837.345000
35325.065853	835.709000
35455.526294	831.612000
35495.063863	830.260000
35613.225737	826.486000
35662.089789	824.789000
35741.870512	822.142000
35787.166384	820.512000
35906.454882	816.435000
35964.873067	814.309000
36044.408004	811.571000
36090.312936	809.887000
36185.606125	806.688000
36248.695006	804.383000
36327.975673	801.682000
36387.137650	799.545000
36481.895101	796.300000
36546.850794	793.950000
36611.718798	791.687000
36681.108584	789.177000
36751.999116	786.666000
36826.420168	783.938000
36899.119699	781.338000
36973.722274	778.612000
37027.584488	776.646000
37110.269382	773.590000
37166.215756	771.533000
37244.267750	768.581000
37295.747053	766.695000
37389.456848	763.056000
37433.702259	761.437000
37513.914763	758.249000
37558.900166	756.568000
37651.343882	752.874000
37680.063437	751.774000
37777.138791	747.857000
37816.049436	746.330000
37904.625608	742.696000
37924.807061	741.883000
38035.933764	737.234000
38053.673913	736.508000
38146.742536	732.597000
38172.780551	731.529000
38279.468506	726.956000
38281.861429	726.860000
38393.010573	722.031000
38406.919696	721.468000
38516.602151	716.712000
38518.035851	716.654000
38631.408370	711.800000
38635.746559	711.622000
38755.367053	706.510000
38762.555778	706.200000
38872.874906	701.679000
38876.079278	701.538000
38998.906277	696.486000
39011.023620	695.965000
39125.238570	691.321000
39133.821615	690.946000
39238.838567	686.579000
39258.152593	685.713000
39359.002370	681.456000
39375.087486	680.725000
39480.543962	676.219000
39501.635457	675.264000
39593.778911	671.262000
39616.022153	670.252000
39703.794164	666.365000
39729.966630	665.158000
39819.430846	661.171000
39845.375942	659.955000
39935.265289	655.922000
39965.869839	654.497000
40035.825270	651.291000
40069.067884	649.733000
40152.589230	645.863000
40174.856698	644.808000
40265.669682	640.576000
40289.700986	639.443000
40367.095620	635.831000
40383.598800	635.066000
40483.583340	630.487000
40499.458097	629.762000
40597.469843	625.251000
40609.230676	624.711000
40705.956176	620.156000
40706.630328	620.125000
40820.175571	615.047000
40822.536620	614.938000
40931.303504	609.946000
40935.610180	609.742000
41030.586567	605.275000
41049.503461	604.365000
41136.499647	600.215000
41147.716419	599.676000
41245.605718	594.976000
41266.474585	593.970000
41342.227468	590.322000
41366.813115	589.133000
41445.197298	585.387000
41473.672007	584.004000
41555.959062	580.041000
41589.366499	578.414000
41647.569015	575.583000
41686.148794	573.708000
41752.845569	570.435000
41805.288882	567.944000
41861.075631	565.259000
41900.623244	563.398000
41960.338928	560.510000
42028.907756	557.222000
42068.350040	555.319000
42122.746953	552.740000
42170.971266	550.396000
42240.796934	547.207000
42281.920481	545.240000
42357.005431	541.860000
42390.178309	540.271000
42469.684986	536.643000
42494.236215	535.482000
42578.835329	531.621000
42609.906209	530.132000
42695.355077	526.200000
42711.645184	525.407000
42802.378507	521.262000
42821.576249	520.310000
42916.797540	515.951000
42935.914403	515.009000
43025.814633	510.905000
43031.482460	510.628000
43136.186985	505.892000
43154.310444	504.993000
43245.740347	500.816000
43256.854008	500.264000
43351.694928	495.899000
43358.945461	495.543000
43461.658668	490.828000
43478.147640	490.016000
43566.904954	485.881000
43582.830496	485.093000
43671.503202	481.018000
43679.299728	480.636000
43785.042959	475.799000
43803.978470	474.886000
43888.776009	471.035000
43904.612521	470.271000
44000.668498	465.863000
44010.566681	465.384000
44106.154890	460.935000
44121.050554	460.219000
44214.010737	455.775000
44227.529101	455.120000
44314.203260	450.952000
44324.276216	450.473000
44421.310896	445.844000
44438.271277	445.054000
44527.815475	440.736000
44537.198308	440.307000
44635.459058	435.603000
44639.185717	435.436000
44736.400849	430.860000
44751.190818	430.208000
44851.563057	425.527000
44858.653451	425.214000
44957.773826	420.606000
44960.936700	420.465000
45071.097023	415.453000
45077.570395	415.167000
45182.702668	410.461000
45184.150924	410.396000
45299.035795	405.327000
45303.560518	405.127000
45407.285313	400.448000
45407.531710	400.437000
45524.088330	395.342000
45533.793182	394.906000
45638.092783	390.217000
45641.210141	390.076000
45739.696192	385.599000
45753.772846	384.951000
45860.026662	380.081000
45862.445957	379.967000
45962.635357	375.273000
45972.911268	374.776000
46068.376882	370.228000
46081.966921	369.562000
46174.187315	365.127000
46185.269443	364.580000
46278.568308	360.144000
46291.352072	359.503000
46389.759506	355.093000
46405.222009	354.326000
46505.302935	349.919000
46519.938582	349.213000
46620.624075	344.932000
46638.685455	344.079000
46739.926565	339.886000
46760.448014	338.969000
46868.475640	334.400000
46884.644260	333.681000
46975.124890	329.779000
47000.264077	328.662000
47099.773509	324.327000
47121.514240	323.373000
47217.651355	319.214000
47239.838394	318.264000
47337.056976	314.026000
47363.026869	312.979000
47457.704004	309.113000
47486.812819	307.959000
47585.869465	303.864000
47621.135412	302.446000
47712.962317	298.680000
47734.041450	297.810000
47833.646684	293.920000
47879.241924	292.052000
47964.235047	288.916000
48007.418351	287.172000
48109.824953	283.681000
48152.414503	282.056000
48252.499280	278.949000
48313.592859	276.755000
48412.042250	274.037000
48490.113838	271.601000
48623.531050	268.793000
48697.160879	266.612000
48856.851465	263.996000
48961.238542	261.292000
49224.146963	259.101000
49351.079719	256.228000
49574.813612	261.292000
49899.279322	263.996000
50000.269187	266.612000
50133.405718	268.793000
50228.202857	271.601000
50343.945140	274.037000
50431.054572	276.755000
50510.524021	278.949000
50597.040772	282.056000
50649.386366	283.681000
50740.881824	287.172000
50792.041124	288.916000
50869.691836	292.052000
50920.319117	293.920000
51015.268519	297.810000
51037.545268	298.680000
51128.791261	302.446000
51163.366553	303.864000
51265.210034	307.959000
51293.124899	309.113000
51390.641950	312.979000
51416.282654	314.026000
51521.402430	318.264000
51543.195175	319.214000
51640.327697	323.373000
51662.379826	324.327000
51761.170257	328.662000
51786.810865	329.779000
51874.629223	333.681000
51891.301589	334.400000
51994.047657	338.969000
52015.728842	339.886000
52109.563562	344.079000
52130.159476	344.932000
52220.805161	349.213000
52237.409683	349.919000
52328.768458	354.326000
52346.186673	355.093000
52435.091024	359.503000
52449.394690	360.144000
52537.863918	364.580000
52549.368534	365.127000
52639.220890	369.562000
52653.069544	370.228000
52745.873595	374.776000
52756.305963	375.273000
52853.358531	379.967000
52855.791763	380.081000
52959.142343	384.951000
52973.280427	385.599000
53070.535336	390.076000
53073.637086	390.217000
53177.305828	394.906000
53187.003978	395.342000
53300.412744	400.437000
53300.664387	400.448000
53405.472657	405.127000
53409.906288	405.327000
53524.585399	410.396000
53526.058573	410.461000
53630.912284	415.167000
53637.301538	415.453000
53750.743985	420.465000
53753.843069	420.606000
53857.208485	425.214000
53863.941271	425.527000
53969.980048	430.208000
53983.960543	430.860000
54087.762536	435.436000
54091.310379	435.603000
54196.281647	440.307000
54205.242927	440.736000
54299.683656	445.054000
54316.066221	445.844000
54415.445467	450.473000
54425.486429	450.952000
54513.135869	455.120000
54526.756688	455.775000
54618.475172	460.219000
54633.452555	460.935000
54726.009550	465.384000
54736.301021	465.863000
54827.389099	470.271000
54844.037640	471.035000
54923.862777	474.886000
54943.966686	475.799000
55044.285488	480.636000
55052.636514	481.018000
55135.806259	485.093000
55152.953276	485.881000
55236.521950	490.016000
55253.951440	490.828000
55349.697132	495.543000
55357.452361	495.899000
55446.352848	500.264000
55458.346476	500.816000
55542.443876	504.993000
55562.121990	505.892000
55657.597744	510.628000
55663.721721	510.905000
55747.695596	515.009000
55768.330590	515.951000
55856.791746	520.310000
55877.587953	521.262000
55961.174762	525.407000
55978.533393	526.200000
56059.306028	530.132000
56091.664463	531.621000
56172.231734	535.482000
56197.670629	536.643000
56274.390576	540.271000
56309.213098	541.860000
56379.775922	545.240000
56423.471809	547.207000
56490.143386	550.396000
56541.467113	552.740000
56594.526201	555.319000
56634.664753	557.222000
56702.813060	560.510000
56763.040182	563.398000
56801.520406	565.259000
56858.578622	567.944000
56910.334596	570.435000
56979.241447	573.708000
57017.449957	575.583000
57075.700279	578.414000
57109.149765	580.041000
57190.522641	584.004000
57219.239017	585.387000
57296.365743	589.133000
57321.245292	590.322000
57396.677117	593.970000
57417.567304	594.976000
57515.065990	599.676000
57526.292018	600.215000
57612.654918	604.365000
57631.731190	605.275000
57724.590275	609.742000
57728.927678	609.946000
57834.314581	614.938000
57836.689499	615.047000
57946.684081	620.125000
57947.377248	620.156000
58046.434127	624.711000
58057.901036	625.251000
58156.147549	629.762000
58171.899824	630.487000
58272.162600	635.066000
58288.866722	635.831000
58366.787621	639.443000
58391.064509	640.576000
58480.826625	644.808000
58503.465495	645.863000
58585.148055	649.733000
58618.772411	651.291000
58687.177943	654.497000
58718.271670	655.922000
58804.887915	659.955000
58831.990679	661.171000
58917.059018	665.158000
58944.142867	666.365000
59028.428182	670.252000
59051.234905	671.262000
59139.370999	675.264000
59161.359255	676.219000
59260.875774	680.725000
59277.983782	681.456000
59371.655928	685.713000
59392.171762	686.579000
59489.567088	690.946000
59498.585031	691.321000
59604.877464	695.965000
59617.690984	696.486000
59735.189679	701.538000
59738.617748	701.679000
59841.362176	706.200000
59848.926637	706.510000
59967.471034	711.622000
59971.636223	711.800000
60089.937189	716.654000
60091.291867	716.712000
60208.855269	721.468000
60221.839125	722.031000
60341.141355	726.860000
60343.350988	726.956000
60457.338872	731.529000
60482.255280	732.597000
60577.606100	736.508000
60594.882454	737.234000
60708.482941	741.883000
60727.916370	742.696000
60818.124732	746.330000
60855.344273	747.857000
60955.156322	751.774000
60982.417718	752.874000
61078.863207	756.568000
61120.930854	758.249000
61206.245229	761.437000
61246.980500	763.056000
61346.430191	766.695000
61394.997565	768.581000
61475.573865	771.533000
61529.961722	773.590000
61613.078940	776.646000
61666.272167	778.612000
61740.955990	781.338000
61812.110317	783.938000
61888.388902	786.666000
61956.890097	789.177000
62027.752397	791.687000
62090.313786	793.950000
62157.675611	796.300000
62247.369749	799.545000
62309.772421	801.682000
62384.548509	804.383000
62452.205651	806.688000
62539.763711	809.887000
62589.927428	811.571000
62664.563831	814.309000
62726.321054	816.435000
62838.348778	820.512000
62886.040770	822.142000
62959.597931	824.789000
63010.745603	826.486000
63119.415570	830.260000
63161.745949	831.612000
63281.557652	835.709000
63333.652668	837.345000
63425.640917	840.422000
63458.607438	841.453000
63588.444393	845.705000
63631.385071	847.005000
63766.643792	851.273000
63796.136719	852.137000
63906.794367	855.657000
63950.527785	856.878000
64094.764201	861.510000
64110.508344	861.959000
64252.088438	866.446000
64286.774402	867.425000
64420.037883	871.471000
64440.093344	872.022000
64602.188631	876.717000
64614.717570	877.046000
64796.803713	882.148000
64812.862905	882.547000
64964.200812	886.678000
64990.145340	887.323000
65167.778106	892.037000
65171.839570	892.142000
65375.573541	897.169000
65384.758234	897.393000
65571.136588	902.187000
65578.435899	902.359000
65775.959071	907.125000
65785.530325	907.335000
66004.709917	912.205000
66012.150941	912.361000
66244.204655	917.323000
66251.453232	917.470000
66481.964421	922.229000
66491.348634	922.408000
66737.463234	927.215000
66757.244256	927.604000
67015.250909	932.097000
67044.358753	932.622000
67326.733710	937.407000
67333.196598	937.516000
67611.007929	942.196000
67639.904641	942.662000
67916.242418	947.085000
67955.796558	947.704000
68267.282737	952.164000
68318.012894	952.884000
68638.936626	957.385000
68642.226497	957.434000
68943.327855	961.932000
69027.667225	962.959000
69398.874842	967.435000
69444.710555	967.924000
69979.929550	972.128000
70016.079433	972.451000
70848.036002	977.004000
70960.464082	978.083000
71547.299069	972.451000
71606.319928	972.128000
72076.827993	967.924000
72139.083485	967.435000
72558.634922	962.959000
72643.807001	961.932000
73013.192090	957.434000
73016.472207	957.385000
73318.670346	952.884000
73370.006735	952.164000
73684.251871	947.704000
73727.482800	947.085000
74010.112791	942.662000
74039.227284	942.196000
74329.434606	937.516000
74335.904998	937.407000
74619.619856	932.622000
74650.601434	932.097000
74899.709136	927.604000
74922.047125	927.215000
75166.487673	922.408000
75175.652332	922.229000
75425.146585	917.470000
75432.266809	917.323000
75676.943293	912.361000
75684.238815	912.205000
75916.532330	907.335000
75925.983606	907.125000
76143.205507	902.359000
76150.333913	902.187000
76353.781006	897.393000
76362.489548	897.169000
76568.612101	892.142000
76572.867535	892.037000
76755.207896	887.323000
76779.512761	886.678000
76945.678409	882.547000
76960.295651	882.148000
77165.644009	877.046000
77177.385745	876.717000
77356.180172	872.022000
77375.203496	871.471000
77522.471005	867.425000
77554.716419	866.446000
77713.690801	861.959000
77727.858276	861.510000
77890.278923	856.878000
77928.299792	855.657000
78054.378115	852.137000
78081.539538	851.273000
78227.229139	847.005000
78268.427906	845.705000
78408.876953	841.453000
78440.359056	840.422000
78538.747015	837.345000
78587.655944	835.709000
78718.116385	831.612000
78757.653955	830.260000
78875.815828	826.486000
78924.679881	824.789000
79004.460604	822.142000
79049.756476	820.512000
79169.044973	816.435000
79227.463158	814.309000
79306.998096	811.571000
79352.903027	809.887000
79448.196217	806.688000
79511.285097	804.383000
79590.565765	801.682000
79649.727742	799.545000
79744.485192	796.300000
79809.440885	793.950000
79874.308889	791.687000
79943.698676	789.177000
80014.589208	786.666000
80089.010259	783.938000
80161.709791	781.338000
80236.312366	778.612000
80290.174580	776.646000
80372.859473	773.590000
80428.805847	771.533000
80506.857842	768.581000
80558.337145	766.695000
80652.046940	763.056000
80696.292350	761.437000
80776.504854	758.249000
80821.490257	756.568000
80913.933973	752.874000
80942.653529	751.774000
81039.728882	747.857000
81078.639527	746.330000
81167.215700	742.696000
81187.397152	741.883000
81298.523855	737.234000
81316.264004	736.508000
81409.332628	732.597000
81435.370643	731.529000
81542.058598	726.956000
81544.451521	726.860000
81655.600664	722.031000
81669.509787	721.468000
81779.192242	716.712000
81780.625942	716.654000
81893.998461	711.800000
81898.336651	711.622000
82017.957144	706.510000
82025.145869	706.200000
82135.464998	701.679000
82138.669370	701.538000
82261.496368	696.486000
82273.613712	695.965000
82387.828661	691.321000
82396.411706	690.946000
82501.428659	686.579000
82520.742685	685.713000
82621.592462	681.456000
82637.677578	680.725000
82743.134053	676.219000
82764.225548	675.264000
82856.369002	671.262000
82878.612244	670.252000
82966.384255	666.365000
82992.556721	665.158000
83082.020937	661.171000
83107.966034	659.955000
83197.855381	655.922000
83228.459930	654.497000
83298.415362	651.291000
83331.657975	649.733000
83415.179321	645.863000
83437.446789	644.808000
83528.259774	640.576000
83552.291077	639.443000
83629.685712	635.831000
83646.188892	635.066000
83746.173431	630.487000
83762.048188	629.762000
83860.059934	625.251000
83871.820767	624.711000
83968.546268	620.156000
83969.220420	620.125000
84082.765662	615.047000
84085.126712	614.938000
84193.893595	609.946000
84198.200271	609.742000
84293.176658	605.275000
84312.093552	604.365000
84399.089738	600.215000
84410.306510	599.676000
84508.195809	594.976000
84529.064677	593.970000
84604.817559	590.322000
84629.403206	589.133000
84707.787389	585.387000
84736.262099	584.004000
84818.549154	580.041000
84851.956590	578.414000
84910.159107	575.583000
84948.738886	573.708000
85015.435661	570.435000
85067.878974	567.944000
85123.665723	565.259000
85163.213335	563.398000
85222.929019	560.510000
85291.497848	557.222000
85330.940131	555.319000
85385.337045	552.740000
85433.561357	550.396000
85503.387025	547.207000
85544.510572	545.240000
85619.595522	541.860000
85652.768401	540.271000
85732.275078	536.643000
85756.826307	535.482000
85841.425420	531.621000
85872.496300	530.132000
85957.945169	526.200000
85974.235276	525.407000
86064.968599	521.262000
86084.166341	520.310000
86179.387631	515.951000
86198.504495	515.009000
86288.404724	510.905000
86294.072552	510.628000
86398.777077	505.892000
86416.900536	504.993000
86508.330438	500.816000
86519.444100	500.264000
86614.285020	495.899000
86621.535552	495.543000
86724.248760	490.828000
86740.737732	490.016000
86829.495046	485.881000
86845.420588	485.093000
86934.093293	481.018000
86941.889819	480.636000
87047.633051	475.799000
87066.568562	474.886000
87151.366101	471.035000
87167.202612	470.271000
87263.258590	465.863000
87273.156772	465.384000
87368.744982	460.935000
87383.640646	460.219000
87476.600829	455.775000
87490.119192	455.120000
87576.793351	450.952000
87586.866307	450.473000
87683.900987	445.844000
87700.861368	445.054000
87790.405566	440.736000
87799.788399	440.307000
87898.049150	435.603000
87901.775809	435.436000
87998.990940	430.860000
88013.780909	430.208000
88114.153148	425.527000
88121.243543	425.214000
88220.363918	420.606000
88223.526792	420.465000
88333.687115	415.453000
88340.160487	415.167000
88445.292760	410.461000
88446.741015	410.396000
88561.625886	405.327000
88566.150610	405.127000
88669.875404	400.448000
88670.121801	400.437000
88786.678421	395.342000
88796.383274	394.906000
88900.682874	390.217000
88903.800232	390.076000
89002.286283	385.599000
89016.362937	384.951000
89122.616754	380.081000
89125.036048	379.967000
89225.225448	375.273000
89235.501359	374.776000
89330.966973	370.228000
89344.557012	369.562000
89436.777406	365.127000
89447.859534	364.580000
89541.158400	360.144000
89553.942164	359.503000
89652.349598	355.093000
89667.812101	354.326000
89767.893027	349.919000
89782.528673	349.213000
89883.214166	344.932000
89901.275546	344.079000
90002.516656	339.886000
90023.038106	338.969000
90131.065732	334.400000
90147.234351	333.681000
90237.714982	329.779000
90262.854168	328.662000
90362.363600	324.327000
90384.104332	323.373000
90480.241446	319.214000
90502.428485	318.264000
90599.647067	314.026000
90625.616960	312.979000
90720.294095	309.113000
90749.402910	307.959000
90848.459556	303.864000
90883.725504	302.446000
90975.552408	298.680000
90996.631541	297.810000
91096.236776	293.920000
91141.832016	292.052000
91226.825138	288.916000
91270.008442	287.172000
91372.415045	283.681000
91415.004595	282.056000
91515.089371	278.949000
91576.182951	276.755000
91674.632341	274.037000
91752.703929	271.601000
91886.121142	268.793000
91959.750971	266.612000
92119.441556	263.996000
92223.828634	261.292000
92486.737055	259.101000
92613.669810	256.228000
92837.403703	261.292000
93161.869413	263.996000
93262.859278	266.612000
93395.995810	268.793000
93490.792949	271.601000
93606.535232	274.037000
93693.644663	276.755000
93773.114112	278.949000
93859.630864	282.056000
93911.976458	283.681000
94003.471916	287.172000
94054.631216	288.916000
94132.281927	292.052000
94182.909208	293.920000
94277.858610	297.810000
94300.135359	298.680000
94391.381353	302.446000
94425.956645	303.864000
94527.800126	307.959000
94555.714990	309.113000
94653.232042	312.979000
94678.872745	314.026000
94783.992522	318.264000
94805.785267	319.214000
94902.917788	323.373000
94924.969918	324.327000
95023.760349	328.662000
95049.400957	329.779000
95137.219314	333.681000
95153.891680	334.400000
95256.637749	338.969000
95278.318933	339.886000
95372.153654	344.079000
95392.749568	344.932000
95483.395252	349.213000
95499.999774	349.919000
95591.358550	354.326000
95608.776764	355.093000
95697.681116	359.503000
95711.984781	360.144000
95800.454009	364.580000
95811.958626	365.127000
95901.810982	369.562000
95915.659636	370.228000
96008.463686	374.776000
96018.896054	375.273000
96115.948622	379.967000
96118.381854	380.081000
96221.732434	384.951000
96235.870519	385.599000
96333.125428	390.076000
96336.227178	390.217000
96439.895919	394.906000
96449.594069	395.342000
96563.002836	400.437000
96563.254479	400.448000
96668.062749	405.127000
96672.496380	405.327000
96787.175491	410.396000
96788.648664	410.461000
96893.502375	415.167000
96899.891629	415.453000
97013.334077	420.465000
97016.433160	420.606000
97119.798577	425.214000
97126.531363	425.527000
97232.570139	430.208000
97246.550635	430.860000
97350.352628	435.436000
97353.900470	435.603000
97458.871739	440.307000
97467.833019	440.736000
97562.273747	445.054000
97578.656313	445.844000
97678.035558	450.473000
97688.076520	450.952000
97775.725960	455.120000
97789.346779	455.775000
97881.065264	460.219000
97896.042647	460.935000
97988.599642	465.384000
97998.891112	465.863000
98089.979191	470.271000
98106.627731	471.035000
98186.452869	474.886000
98206.556778	475.799000
98306.875579	480.636000
98315.226606	481.018000
98398.396351	485.093000
98415.543367	485.881000
98499.112042	490.016000
98516.541531	490.828000
98612.287224	495.543000
98620.042452	495.899000
98708.942939	500.264000
98720.936568	500.816000
98805.033967	504.993000
98824.712081	505.892000
98920.187835	510.628000
98926.311812	510.905000
99010.285687	515.009000
99030.920681	515.951000
99119.381837	520.310000
99140.178045	521.262000
99223.764853	525.407000
99241.123484	526.200000
99321.896120	530.132000
99354.254555	531.621000
99434.821826	535.482000
99460.260720	536.643000
99536.980667	540.271000
99571.803189	541.860000
99642.366014	545.240000
99686.061901	547.207000
99752.733477	550.396000
99804.057204	552.740000
99857.116292	555.319000
99897.254845	557.222000
99965.403151	560.510000
100025.630273	563.398000
100064.110498	565.259000
100121.168713	567.944000
100172.924688	570.435000
100241.831538	573.708000
100280.040048	575.583000
100338.290370	578.414000
100371.739856	580.041000
100453.112733	584.004000
100481.829108	585.387000
100558.955834	589.133000
100583.835384	590.322000
100659.267209	593.970000
100680.157395	594.976000
100777.656081	599.676000
100788.882109	600.215000
100875.245010	604.365000
100894.321282	605.275000
100987.180366	609.742000
100991.517770	609.946000
101096.904672	614.938000
101099.279590	615.047000
101209.274173	620.125000
101209.967340	620.156000
101309.024219	624.711000
101320.491128	625.251000
101418.737640	629.762000
101434.489916	630.487000
101534.752692	635.066000
101551.456813	635.831000
101629.377712	639.443000
101653.654600	640.576000
101743.416716	644.808000
101766.055587	645.863000
101847.738146	649.733000
101881.362502	651.291000
101949.768034	654.497000
101980.861761	655.922000
102067.478007	659.955000
102094.580770	661.171000
102179.649109	665.158000
102206.732959	666.365000
102291.018273	670.252000
102313.824996	671.262000
102401.961091	675.264000
102423.949346	676.219000
102523.465865	680.725000
102540.573873	681.456000
102634.246019	685.713000
102654.761854	686.579000
102752.157179	690.946000
102761.175122	691.321000
102867.467556	695.965000
102880.281076	696.486000
102997.779771	701.538000
103001.207840	701.679000
103103.952267	706.200000
103111.516729	706.510000
103230.061125	711.622000
103234.226314	711.800000
103352.527281	716.654000
103353.881958	716.712000
103471.445360	721.468000
103484.429217	722.031000
103603.731446	726.860000
103605.941079	726.956000
103719.928963	731.529000
103744.845372	732.597000
103840.196192	736.508000
103857.472546	737.234000
103971.073032	741.883000
103990.506461	742.696000
104080.714823	746.330000
104117.934365	747.857000
104217.746413	751.774000
104245.007809	752.874000
104341.453299	756.568000
104383.520945	758.249000
104468.835321	761.437000
104509.570592	763.056000
104609.020283	766.695000
104657.587657	768.581000
104738.163956	771.533000
104792.551813	773.590000
104875.669032	776.646000
104928.862259	778.612000
105003.546081	781.338000
105074.700408	783.938000
105150.978993	786.666000
105219.480189	789.177000
105290.342489	791.687000
105352.903878	793.950000
105420.265703	796.300000
105509.959841	799.545000
105572.362513	801.682000
105647.138601	804.383000
105714.795742	806.688000
105802.353802	809.887000
105852.517519	811.571000
105927.153922	814.309000
105988.911146	816.435000
106100.938869	820.512000
106148.630861	822.142000
106222.188022	824.789000
106273.335694	826.486000
106382.005661	830.260000
106424.336041	831.612000
106544.147743	835.709000
106596.242760	837.345000
106688.231008	840.422000
106721.197530	841.453000
106851.034485	845.705000
106893.975163	847.005000
107029.233883	851.273000
107058.726811	852.137000
107169.384458	855.657000
107213.117876	856.878000
107357.354293	861.510000
107373.098436	861.959000
107514.678530	866.446000
107549.364493	867.425000
107682.627974	871.471000
107702.683436	872.022000
107864.778723	876.717000
107877.307661	877.046000
108059.393805	882.148000
108075.452996	882.547000
108226.790904	886.678000
108252.735431	887.323000
108430.368198	892.037000
108434.429661	892.142000
108638.163633	897.169000
108647.348326	897.393000
108833.726679	902.187000
108841.025991	902.359000
109038.549162	907.125000
109048.120417	907.335000
109267.300008	912.205000
109274.741033	912.361000
109506.794746	917.323000
109514.043324	917.470000
109744.554512	922.229000
109753.938726	922.408000
110000.053326	927.215000
110019.834348	927.604000
110277.841000	932.097000
110306.948844	932.622000
110589.323802	937.407000
110595.786690	937.516000
110873.598020	942.196000
110902.494732	942.662000
111178.832509	947.085000
111218.386650	947.704000
111529.872829	952.164000
111580.602985	952.884000
111901.526718	957.385000
111904.816589	957.434000
112205.917946	961.932000
112290.257316	962.959000
112661.464934	967.435000
112707.300647	967.924000
113242.519642	972.128000
113278.669524	972.451000
114110.626093	977.004000
114223.054174	978.083000
114809.889161	972.451000
114868.910020	972.128000
115339.418085	967.924000
115401.673577	967.435000
115821.225014	962.959000
115906.397092	961.932000
116275.782182	957.434000
116279.062299	957.385000
116581.260437	952.884000
116632.596826	952.164000
116946.841962	947.704000
116990.072892	947.085000
117272.702883	942.662000
117301.817376	942.196000
117592.024697	937.516000
117598.495089	937.407000
117882.209947	932.622000
117913.191526	932.097000
118162.299227	927.604000
118184.637217	927.215000
118429.077765	922.408000
118438.242423	922.229000
118687.736677	917.470000
118694.856901	917.323000
118939.533385	912.361000
118946.828906	912.205000
119179.122422	907.335000
119188.573698	907.125000
119405.795598	902.359000
119412.924005	902.187000
119616.371098	897.393000
119625.079640	897.169000
119831.202193	892.142000
119835.457627	892.037000
120017.797987	887.323000
120042.102852	886.678000
120208.268501	882.547000
120222.885742	882.148000
120428.234100	877.046000
120439.975837	876.717000
120618.770264	872.022000
120637.793587	871.471000
120785.061096	867.425000
120817.306511	866.446000
120976.280892	861.959000
120990.448367	861.510000
121152.869015	856.878000
121190.889883	855.657000
121316.968207	852.137000
121344.129629	851.273000
121489.819231	847.005000
121531.017997	845.705000
121671.467044	841.453000
121702.949147	840.422000
121801.337107	837.345000
121850.246036	835.709000
121980.706477	831.612000
122020.244046	830.260000
122138.405920	826.486000
122187.269972	824.789000
122267.050695	822.142000
122312.346567	820.512000
122431.635065	816.435000
122490.053250	814.309000
122569.588187	811.571000
122615.493119	809.887000
122710.786308	806.688000
122773.875189	804.383000
122853.155856	801.682000
122912.317833	799.545000
123007.075284	796.300000
123072.030977	793.950000
123136.898981	791.687000
123206.288767	789.177000
123277.179299	786.666000
123351.600351	783.938000
123424.299882	781.338000
123498.902457	778.612000
123552.764671	776.646000
123635.449565	773.590000
123691.395939	771.533000
123769.447933	768.581000
123820.927236	766.695000
123914.637031	763.056000
123958.882442	761.437000
124039.094946	758.249000
124084.080349	756.568000
124176.524065	752.874000
124205.243620	751.774000
124302.318974	747.857000
124341.229619	746.330000
124429.805791	742.696000
124449.987244	741.883000
124561.113947	737.234000
124578.854096	736.508000
124671.922719	732.597000
124697.960734	731.529000
124804.648689	726.956000
124807.041612	726.860000
124918.190756	722.031000
124932.099879	721.468000
125041.782334	716.712000
125043.216034	716.654000
125156.588553	711.800000
125160.926742	711.622000
125280.547236	706.510000
125287.735961	706.200000
125398.055090	701.679000
125401.259461	701.538000
125524.086460	696.486000
125536.203803	695.965000
125650.418753	691.321000
125659.001798	690.946000
125764.018750	686.579000
125783.332777	685.713000
125884.182553	681.456000
125900.267669	680.725000
126005.724145	676.219000
126026.815640	675.264000
126118.959094	671.262000
126141.202336	670.252000
126228.974347	666.365000
126255.146813	665.158000
126344.611029	661.171000
126370.556125	659.955000
126460.445472	655.922000
126491.050022	654.497000
126561.005453	651.291000
126594.248067	649.733000
126677.769413	645.863000
126700.036881	644.808000
126790.849865	640.576000
126814.881169	639.443000
126892.275803	635.831000
126908.778983	635.066000
127008.763523	630.487000
127024.638280	629.762000
127122.650026	625.251000
127134.410859	624.711000
127231.136359	620.156000
127231.810511	620.125000
127345.355754	615.047000
127347.716803	614.938000
127456.483687	609.946000
127460.790363	609.742000
127555.766750	605.275000
127574.683644	604.365000
127661.679830	600.215000
127672.896602	599.676000
127770.785901	594.976000
127791.654768	593.970000
127867.407651	590.322000
127891.993298	589.133000
127970.377481	585.387000
127998.852190	584.004000
128081.139245	580.041000
128114.546682	578.414000
128172.749198	575.583000
128211.328977	573.708000
128278.025752	570.435000
128330.469065	567.944000
128386.255814	565.259000
128425.803427	563.398000
128485.519111	560.510000
128554.087939	557.222000
128593.530223	555.319000
128647.927136	552.740000
128696.151449	550.396000
128765.977117	547.207000
128807.100664	545.240000
128882.185614	541.860000
128915.358492	540.271000
128994.865169	536.643000
129019.416398	535.482000
129104.015512	531.621000
129135.086392	530.132000
129220.535261	526.200000
129236.825367	525.407000
129327.558690	521.262000
129346.756433	520.310000
129441.977723	515.951000
129461.094587	515.009000
129550.994816	510.905000
129556.662643	510.628000
129661.367168	505.892000
129679.490627	504.993000
129770.920530	500.816000
129782.034191	500.264000
129876.875111	495.899000
129884.125644	495.543000
129986.838851	490.828000
130003.327823	490.016000
130092.085137	485.881000
130108.010679	485.093000
130196.683385	481.018000
130204.479911	480.636000
130310.223142	475.799000
130329.158653	474.886000
130413.956192	471.035000
130429.792704	470.271000
130525.848681	465.863000
130535.746864	465.384000
130631.335073	460.935000
130646.230737	460.219000
130739.190920	455.775000
130752.709284	455.120000
130839.383443	450.952000
130849.456399	450.473000
130946.491079	445.844000
130963.451460	445.054000
131052.995658	440.736000
131062.378491	440.307000
131160.639242	435.603000
131164.365900	435.436000
131261.581032	430.860000
131276.371001	430.208000
131376.743240	425.527000
131383.833634	425.214000
131482.954009	420.606000
131486.116883	420.465000
131596.277206	415.453000
131602.750578	415.167000
131707.882851	410.461000
131709.331107	410.396000
131824.215978	405.327000
131828.740701	405.127000
131932.465496	400.448000
131932.711893	400.437000
132049.268513	395.342000
132058.973365	394.906000
132163.272966	390.217000
132166.390324	390.076000
132264.876375	385.599000
132278.953029	384.951000
132385.206845	380.081000
132387.626140	379.967000
132487.815540	375.273000
132498.091451	374.776000
132593.557065	370.228000
132607.147104	369.562000
132699.367498	365.127000
132710.449626	364.580000
132803.748491	360.144000
132816.532255	359.503000
132914.939689	355.093000
132930.402192	354.326000
133030.483118	349.919000
133045.118765	349.213000
133145.804258	344.932000
133163.865638	344.079000
133265.106748	339.886000
133285.628197	338.969000
133393.655823	334.400000
133409.824443	333.681000
133500.305073	329.779000
133525.444260	328.662000
133624.953692	324.327000
133646.694423	323.373000
133742.831538	319.214000
133765.018577	318.264000
133862.237159	314.026000
133888.207052	312.979000
133982.884187	309.113000
134011.993002	307.959000
134111.049648	303.864000
134146.315596	302.446000
134238.142500	298.680000
134259.221633	297.810000
134358.826867	293.920000
134404.422107	292.052000
134489.415230	288.916000
134532.598534	287.172000
134635.005136	283.681000
134677.594687	282.056000
134777.679463	278.949000
134838.773042	276.755000
134937.222433	274.037000
135015.294021	271.601000
135148.711233	268.793000
135222.341062	266.612000
135382.031648	263.996000
135486.418725	261.292000
135749.327146	259.101000
135876.259902	256.228000
136099.993795	261.292000
136424.459505	263.996000
136525.449370	266.612000
136658.585901	268.793000
136753.383040	271.601000
136869.125323	274.037000
136956.234755	276.755000
137035.704204	278.949000
137122.220955	282.056000
137174.566549	283.681000
137266.062007	287.172000
137317.221307	288.916000
137394.872019	292.052000
137445.499300	293.920000
137540.448702	297.810000
137562.725451	298.680000
137653.971444	302.446000
137688.546736	303.864000
137790.390217	307.959000
137818.305082	309.113000
137915.822133	312.979000
137941.462837	314.026000
138046.582613	318.264000
138068.375358	319.214000
138165.507880	323.373000
138187.560010	324.327000
138286.350440	328.662000
138311.991048	329.779000
138399.809406	333.681000
138416.481772	334.400000
138519.227840	338.969000
138540.909025	339.886000
138634.743745	344.079000
138655.339659	344.932000
138745.985344	349.213000
138762.589866	349.919000
138853.948642	354.326000
138871.366856	355.093000
138960.271207	359.503000
138974.574873	360.144000
139063.044101	364.580000
139074.548717	365.127000
139164.401073	369.562000
139178.249727	370.228000
139271.053778	374.776000
139281.486146	375.273000
139378.538714	379.967000
139380.971946	380.081000
139484.322526	384.951000
139498.460610	385.599000
139595.715519	390.076000
139598.817269	390.217000
139702.486011	394.906000
139712.184161	395.342000
139825.592927	400.437000
139825.844570	400.448000
139930.652840	405.127000
139935.086471	405.327000
140049.765582	410.396000
140051.238756	410.461000
140156.092467	415.167000
140162.481721	415.453000
140275.924168	420.465000
140279.023252	420.606000
140382.388668	425.214000
140389.121454	425.527000
140495.160231	430.208000
140509.140726	430.860000
140612.942719	435.436000
140616.490562	435.603000
140721.461830	440.307000
140730.423110	440.736000
140824.863839	445.054000
140841.246404	445.844000
140940.625650	450.473000
140950.666612	450.952000
141038.316052	455.120000
141051.936871	455.775000
141143.655355	460.219000
141158.632738	460.935000
141251.189733	465.384000
141261.481204	465.863000
141352.569282	470.271000
141369.217823	471.035000
141449.042961	474.886000
141469.146869	475.799000
141569.465671	480.636000
141577.816697	481.018000
141660.986442	485.093000
141678.133459	485.881000
141761.702133	490.016000
141779.131623	490.828000
141874.877315	495.543000
141882.632544	495.899000
141971.533031	500.264000
141983.526659	500.816000
142067.624059	504.993000
142087.302173	505.892000
142182.777927	510.628000
142188.901904	510.905000
142272.875779	515.009000
142293.510773	515.951000
142381.971929	520.310000
142402.768136	521.262000
142486.354945	525.407000
142503.713576	526.200000
142584.486211	530.132000
142616.844646	531.621000
142697.411917	535.482000
142722.850812	536.643000
142799.570759	540.271000
142834.393281	541.860000
142904.956106	545.240000
142948.651992	547.207000
143015.323569	550.396000
143066.647296	552.740000
143119.706384	555.319000
143159.844936	557.222000
143227.993243	560.510000
143288.220365	563.398000
143326.700589	565.259000
143383.758805	567.944000
143435.514779	570.435000
143504.421630	573.708000
143542.630140	575.583000
143600.880462	578.414000
143634.329948	580.041000
143715.702824	584.004000
143744.419200	585.387000
143821.545926	589.133000
143846.425475	590.322000
143921.857300	593.970000
143942.747487	594.976000
144040.246173	599.676000
144051.472201	600.215000
144137.835101	604.365000
144156.911373	605.275000
144249.770458	609.742000
144254.107862	609.946000
144359.494764	614.938000
144361.869682	615.047000
144471.864264	620.125000
144472.557431	620.156000
144571.614310	624.711000
144583.081219	625.251000
144681.327732	629.762000
144697.080008	630.487000
144797.342783	635.066000
144814.046905	635.831000
144891.967804	639.443000
144916.244692	640.576000
145006.006808	644.808000
145028.645678	645.863000
145110.328238	649.733000
145143.952594	651.291000
145212.358126	654.497000
145243.451853	655.922000
145330.068098	659.955000
145357.170862	661.171000
145442.239201	665.158000
145469.323050	666.365000
145553.608365	670.252000
145576.415088	671.262000
145664.551182	675.264000
145686.539438	676.219000
145786.055957	680.725000
145803.163965	681.456000
145896.836111	685.713000
145917.351945	686.579000
146014.747271	690.946000
146023.765214	691.321000
146130.057647	695.965000
146142.871167	696.486000
146260.369862	701.538000
146263.797931	701.679000
146366.542359	706.200000
146374.106820	706.510000
146492.651217	711.622000
146496.816406	711.800000
146615.117372	716.654000
146616.472050	716.712000
146734.035452	721.468000
146747.019309	722.031000
146866.321538	726.860000
146868.531171	726.956000
146982.519055	731.529000
147007.435463	732.597000
147102.786283	736.508000
147120.062637	737.234000
147233.663124	741.883000
147253.096553	742.696000
147343.304915	746.330000
147380.524456	747.857000
147480.336505	751.774000
147507.597901	752.874000
147604.043390	756.568000
147646.111037	758.249000
147731.425413	761.437000
147772.160683	763.056000
147871.610374	766.695000
147920.177748	768.581000
148000.754048	771.533000
148055.141905	773.590000
148138.259123	776.646000
148191.452350	778.612000
148266.136173	781.338000
148337.290500	783.938000
148413.569085	786.666000
148482.070280	789.177000
148552.932580	791.687000
148615.493969	793.950000
148682.855794	796.300000
148772.549932	799.545000
148834.952604	801.682000
148909.728692	804.383000
148977.385834	806.688000
149064.943894	809.887000
149115.107611	811.571000
149189.744014	814.309000
149251.501237	816.435000
149363.528961	820.512000
149411.220953	822.142000
149484.778114	824.789000
149535.925786	826.486000
149644.595753	830.260000
149686.926132	831.612000
149806.737835	835.709000
149858.832851	837.345000
149950.821100	840.422000
149983.787621	841.453000
150113.624577	845.705000
150156.565254	847.005000
150291.823975	851.273000
150321.316902	852.137000
150431.974550	855.657000
150475.707968	856.878000
150619.944384	861.510000
150635.688527	861.959000
150777.268621	866.446000
150811.954585	867.425000
150945.218066	871.471000
150965.273528	872.022000
151127.368814	876.717000
151139.897753	877.046000
151321.983896	882.148000
151338.043088	882.547000
151489.380995	886.678000
151515.325523	887.323000
151692.958289	892.037000
151697.019753	892.142000
151900.753724	897.169000
151909.938417	897.393000
152096.316771	902.187000
152103.616082	902.359000
152301.139254	907.125000
152310.710508	907.335000
152529.890100	912.205000
152537.331124	912.361000
152769.384838	917.323000
152776.633416	917.470000
153007.144604	922.229000
153016.528817	922.408000
153262.643417	927.215000
153282.424439	927.604000
153540.431092	932.097000
153569.538936	932.622000
153851.913893	937.407000
153858.376781	937.516000
154136.188112	942.196000
154165.084824	942.662000
154441.422601	947.085000
154480.976742	947.704000
154792.462920	952.164000
154843.193077	952.884000
155164.116809	957.385000
155167.406680	957.434000
155468.508038	961.932000
155552.847408	962.959000
155924.055025	967.435000
155969.890738	967.924000
156505.109733	972.128000
156541.259616	972.451000
157373.216185	977.004000
157485.644265	978.083000
158072.479252	972.451000
158131.500111	972.128000
158602.008176	967.924000
158664.263668	967.435000
159083.815105	962.959000
159168.987184	961.932000
159538.372273	957.434000
159541.652390	957.385000
159843.850529	952.884000
159895.186918	952.164000
160209.432054	947.704000
160252.662983	947.085000
160535.292974	942.662000
160564.407467	942.196000
160854.614789	937.516000
160861.085181	937.407000
161144.800039	932.622000
161175.781617	932.097000
161424.889319	927.604000
161447.227309	927.215000
161691.667856	922.408000
161700.832515	922.229000
161950.326768	917.470000
161957.446992	917.323000
162202.123476	912.361000
162209.418998	912.205000
162441.712513	907.335000
162451.163789	907.125000
162668.385690	902.359000
162675.514096	902.187000
162878.961189	897.393000
162887.669731	897.169000
163093.792284	892.142000
163098.047718	892.037000
163280.388079	887.323000
163304.692944	886.678000
163470.858592	882.547000
163485.475834	882.148000
163690.824192	877.046000
163702.565928	876.717000
163881.360356	872.022000
163900.383679	871.471000
164047.651188	867.425000
164079.896602	866.446000
164238.870984	861.959000
164253.038459	861.510000
164415.459106	856.878000
164453.479975	855.657000
164579.558298	852.137000
164606.719721	851.273000
164752.409322	847.005000
164793.608089	845.705000
164934.057136	841.453000
164965.539239	840.422000
165063.927198	837.345000
165112.836127	835.709000
165243.296568	831.612000
165282.834138	830.260000
165400.996011	826.486000
165449.860064	824.789000
165529.640787	822.142000
165574.936659	820.512000
165694.225156	816.435000
165752.643341	814.309000
165832.178279	811.571000
165878.083210	809.887000
165973.376400	806.688000
166036.465280	804.383000
166115.745948	801.682000
166174.907925	799.545000
166269.665375	796.300000
166334.621068	793.950000
166399.489073	791.687000
166468.878859	789.177000
166539.769391	786.666000
166614.190442	783.938000
166686.889974	781.338000
166761.492549	778.612000
166815.354763	776.646000
166898.039656	773.590000
166953.986030	771.533000
167032.038025	768.581000
167083.517328	766.695000
167177.227123	763.056000
167221.472533	761.437000
167301.685037	758.249000
167346.670440	756.568000
167439.114156	752.874000
167467.833712	751.774000
167564.909065	747.857000
167603.819710	746.330000
167692.395883	742.696000
167712.577335	741.883000
167823.704038	737.234000
167841.444187	736.508000
167934.512811	732.597000
167960.550826	731.529000
168067.238781	726.956000
168069.631704	726.860000
168180.780847	722.031000
168194.689970	721.468000
168304.372425	716.712000
168305.806125	716.654000
168419.178644	711.800000
168423.516834	711.622000
168543.137327	706.510000
168550.326052	706.200000
168660.645181	701.679000
168663.849553	701.538000
168786.676551	696.486000
168798.793895	695.965000
168913.008844	691.321000
168921.591889	690.946000
169026.608842	686.579000
169045.922868	685.713000
169146.772645	681.456000
169162.857761	680.725000
169268.314236	676.219000
169289.405731	675.264000
169381.549185	671.262000
169403.792427	670.252000
169491.564438	666.365000
169517.736904	665.158000
169607.201120	661.171000
169633.146217	659.955000
169723.035564	655.922000
169753.640113	654.497000
169823.595545	651.291000
169856.838158	649.733000
169940.359504	645.863000
169962.626972	644.808000
170053.439957	640.576000
170077.471260	639.443000
170154.865895	635.831000
170171.369075	635.066000
170271.353614	630.487000
170287.228371	629.762000
170385.240118	625.251000
170397.000950	624.711000
170493.726451	620.156000
170494.400603	620.125000
170607.945845	615.047000
170610.306895	614.938000
170719.073778	609.946000
170723.380455	609.742000
170818.356841	605.275000
170837.273735	604.365000
170924.269921	600.215000
170935.486693	599.676000
171033.375992	594.976000
171054.244860	593.970000
171129.997742	590.322000
171154.583389	589.133000
171232.967572	585.387000
171261.442282	584.004000
171343.729337	580.041000
171377.136773	578.414000
171435.339290	575.583000
171473.919069	573.708000
171540.615844	570.435000
171593.059157	567.944000
171648.845906	565.259000
171688.393518	563.398000
171748.109202	560.510000
171816.678031	557.222000
171856.120314	555.319000
171910.517228	552.740000
171958.741540	550.396000
172028.567208	547.207000
172069.690755	545.240000
172144.775706	541.860000
172177.948584	540.271000
172257.455261	536.643000
172282.006490	535.482000
172366.605603	531.621000
172397.676483	530.132000
172483.125352	526.200000
172499.415459	525.407000
172590.148782	521.262000
172609.346524	520.310000
172704.567814	515.951000
172723.684678	515.009000
172813.584908	510.905000
172819.252735	510.628000
172923.957260	505.892000
172942.080719	504.993000
173033.510621	500.816000
173044.624283	500.264000
173139.465203	495.899000
173146.715735	495.543000
173249.428943	490.828000
173265.917915	490.016000
173354.675229	485.881000
173370.600771	485.093000
173459.273476	481.018000
173467.070002	480.636000
173572.813234	475.799000
173591.748745	474.886000
173676.546284	471.035000
173692.382795	470.271000
173788.438773	465.863000
173798.336955	465.384000
173893.925165	460.935000
173908.820829	460.219000
174001.781012	455.775000
174015.299375	455.120000
174101.973534	450.952000
174112.046490	450.473000
174209.081170	445.844000
174226.041551	445.054000
174315.585749	440.736000
174324.968582	440.307000
174423.229333	435.603000
174426.955992	435.436000
174524.171123	430.860000
174538.961093	430.208000
174639.333331	425.527000
174646.423726	425.214000
174745.544101	420.606000
174748.706975	420.465000
174858.867298	415.453000
174865.340670	415.167000
174970.472943	410.461000
174971.921198	410.396000
175086.806069	405.327000
175091.330793	405.127000
175195.055587	400.448000
175195.301984	400.437000
175311.858604	395.342000
175321.563457	394.906000
175425.863057	390.217000
175428.980415	390.076000
175527.466466	385.599000
175541.543120	384.951000
175647.796937	380.081000
175650.216232	379.967000
175750.405631	375.273000
175760.681542	374.776000
175856.147156	370.228000
175869.737195	369.562000
175961.957589	365.127000
175973.039717	364.580000
176066.338583	360.144000
176079.122347	359.503000
176177.529781	355.093000
176192.992284	354.326000
176293.073210	349.919000
176307.708856	349.213000
176408.394349	344.932000
176426.455729	344.079000
176527.696839	339.886000
176548.218289	338.969000
176656.245915	334.400000
176672.414534	333.681000
176762.895165	329.779000
176788.034351	328.662000
176887.543783	324.327000
176909.284515	323.373000
177005.421629	319.214000
177027.608668	318.264000
177124.827250	314.026000
177150.797143	312.979000
177245.474278	309.113000
177274.583093	307.959000
177373.639739	303.864000
177408.905687	302.446000
177500.732591	298.680000
177521.811724	297.810000
177621.416959	293.920000
177667.012199	292.052000
177752.005321	288.916000
177795.188625	287.172000
177897.595228	283.681000
177940.184778	282.056000
178040.269554	278.949000
178101.363134	276.755000
178199.812524	274.037000
178277.884112	271.601000
178411.301325	268.793000
178484.931154	266.612000
178644.621739	263.996000
178749.008817	261.292000
179011.917238	259.101000
179138.849993	256.228000
179362.583886	261.292000
179687.049596	263.996000
179788.039461	266.612000
179921.175993	268.793000
180015.973132	271.601000
180131.715415	274.037000
180218.824846	276.755000
180298.294295	278.949000
180384.811047	282.056000
180437.156641	283.681000
180528.652099	287.172000
180579.811399	288.916000
180657.462110	292.052000
180708.089391	293.920000
180803.038793	297.810000
180825.315543	298.680000
180916.561536	302.446000
180951.136828	303.864000
181052.980309	307.959000
181080.895173	309.113000
181178.412225	312.979000
181204.052928	314.026000
181309.172705	318.264000
181330.965450	319.214000
181428.097971	323.373000
181450.150101	324.327000
181548.940532	328.662000
181574.581140	329.779000
181662.399497	333.681000
181679.071863	334.400000
181781.817932	338.969000
181803.499116	339.886000
181897.333837	344.079000
181917.929751	344.932000
182008.575435	349.213000
182025.179957	349.919000
182116.538733	354.326000
182133.956947	355.093000
182222.861299	359.503000
182237.164964	360.144000
182325.634192	364.580000
182337.138809	365.127000
182426.991165	369.562000
182440.839819	370.228000
182533.643869	374.776000
182544.076237	375.273000
182641.128805	379.967000
182643.562037	380.081000
182746.912617	384.951000
182761.050702	385.599000
182858.305611	390.076000
182861.407361	390.217000
182965.076102	394.906000
182974.774252	395.342000
183088.183019	400.437000
183088.434662	400.448000
183193.242932	405.127000
183197.676563	405.327000
183312.355674	410.396000
183313.828847	410.461000
183418.682558	415.167000
183425.071812	415.453000
183538.514260	420.465000
183541.613343	420.606000
183644.978760	425.214000
183651.711546	425.527000
183757.750322	430.208000
183771.730818	430.860000
183875.532811	435.436000
183879.080653	435.603000
183984.051922	440.307000
183993.013202	440.736000
184087.453930	445.054000
184103.836496	445.844000
184203.215741	450.473000
184213.256703	450.952000
184300.906143	455.120000
184314.526962	455.775000
184406.245447	460.219000
184421.222830	460.935000
184513.779825	465.384000
184524.071295	465.863000
184615.159374	470.271000
184631.807914	471.035000
184711.633052	474.886000
184731.736961	475.799000
184832.055762	480.636000
184840.406789	481.018000
184923.576534	485.093000
184940.723550	485.881000
185024.292225	490.016000
185041.721714	490.828000
185137.467407	495.543000
185145.222635	495.899000
185234.123122	500.264000
185246.116751	500.816000
185330.214150	504.993000
185349.892264	505.892000
185445.368018	510.628000
185451.491995	510.905000
185535.465870	515.009000
185556.100864	515.951000
185644.562020	520.310000
185665.358228	521.262000
185748.945036	525.407000
185766.303667	526.200000
185847.076303	530.132000
185879.434738	531.621000
185960.002009	535.482000
185985.440903	536.643000
186062.160851	540.271000
186096.983372	541.860000
186167.546197	545.240000
186211.242084	547.207000
186277.913660	550.396000
186329.237388	552.740000
186382.296475	555.319000
186422.435028	557.222000
186490.583334	560.510000
186550.810456	563.398000
186589.290681	565.259000
186646.348896	567.944000
186698.104871	570.435000
186767.011721	573.708000
186805.220231	575.583000
186863.470553	578.414000
186896.920039	580.041000
186978.292916	584.004000
187007.009291	585.387000
187084.136017	589.133000
187109.015567	590.322000
187184.447392	593.970000
187205.337578	594.976000
187302.836264	599.676000
187314.062292	600.215000
187400.425193	604.365000
187419.501465	605.275000
187512.360549	609.742000
187516.697953	609.946000
187622.084855	614.938000
187624.459773	615.047000
187734.454356	620.125000
187735.147523	620.156000
187834.204402	624.711000
187845.671311	625.251000
187943.917823	629.762000
187959.670099	630.487000
188059.932875	635.066000
188076.636996	635.831000
188154.557895	639.443000
188178.834783	640.576000
188268.596899	644.808000
188291.235770	645.863000
188372.918329	649.733000
188406.542685	651.291000
188474.948217	654.497000
188506.041944	655.922000
188592.658190	659.955000
188619.760953	661.171000
188704.829292	665.158000
188731.913142	666.365000
188816.198457	670.252000
188839.005179	671.262000
188927.141274	675.264000
188949.129529	676.219000
189048.646048	680.725000
189065.754056	681.456000
189159.426202	685.713000
189179.942037	686.579000
189277.337362	690.946000
189286.355305	691.321000
189392.647739	695.965000
189405.461259	696.486000
189522.959954	701.538000
189526.388023	701.679000
189629.132451	706.200000
189636.696912	706.510000
189755.241308	711.622000
189759.406497	711.800000
189877.707464	716.654000
189879.062141	716.712000
189996.625543	721.468000
190009.609400	722.031000
190128.911629	726.860000
190131.121262	726.956000
190245.109146	731.529000
190270.025555	732.597000
190365.376375	736.508000
190382.652729	737.234000
190496.253215	741.883000
190515.686644	742.696000
190605.895006	746.330000
190643.114548	747.857000
190742.926596	751.774000
190770.187992	752.874000
190866.633482	756.568000
190908.701128	758.249000
190994.015504	761.437000
191034.750775	763.056000
191134.200466	766.695000
191182.767840	768.581000
191263.344140	771.533000
191317.731996	773.590000
191400.849215	776.646000
191454.042442	778.612000
191528.726264	781.338000
191599.880591	783.938000
191676.159176	786.666000
191744.660372	789.177000
191815.522672	791.687000
191878.084061	793.950000
191945.445886	796.300000
192035.140024	799.545000
192097.542696	801.682000
192172.318784	804.383000
192239.975925	806.688000
192327.533985	809.887000
192377.697702	811.571000
192452.334105	814.309000
192514.091329	816.435000
192626.119052	820.512000
192673.811044	822.142000
192747.368205	824.789000
192798.515877	826.486000
192907.185844	830.260000
192949.516224	831.612000
193069.327926	835.709000
193121.422943	837.345000
193213.411191	840.422000
193246.377713	841.453000
193376.214668	845.705000
193419.155346	847.005000
193554.414066	851.273000
193583.906994	852.137000
193694.564641	855.657000
193738.298060	856.878000
193882.534476	861.510000
193898.278619	861.959000
194039.858713	866.446000
194074.544676	867.425000
194207.808158	871.471000
194227.863619	872.022000
194389.958906	876.717000
194402.487844	877.046000
194584.573988	882.148000
194600.633179	882.547000
194751.971087	886.678000
194777.915615	887.323000
194955.548381	892.037000
194959.609844	892.142000
195163.343816	897.169000
195172.528509	897.393000
195358.906862	902.187000
195366.206174	902.359000
195563.729345	907.125000
195573.300600	907.335000
195792.480191	912.205000
195799.921216	912.361000
196031.974929	917.323000
196039.223507	917.470000
196269.734695	922.229000
196279.118909	922.408000
196525.233509	927.215000
196545.014531	927.604000
196803.021183	932.097000
196832.129027	932.622000
197114.503985	937.407000
197120.966873	937.516000
197398.778203	942.196000
197427.674915	942.662000
197704.012692	947.085000
197743.566833	947.704000
198055.053012	952.164000
198105.783168	952.884000
198426.706901	957.385000
198429.996772	957.434000
198731.098129	961.932000
198815.437499	962.959000
199186.645117	967.435000
199232.480830	967.924000
199767.699825	972.128000
