0.000000	500.000000
86.518388	495.899000
93.582972	495.543000
193.299830	490.828000
209.368314	490.016000
295.608455	485.881000
311.131575	485.093000
397.222999	481.018000
404.818762	480.636000
507.456409	475.799000
525.889088	474.886000
608.161677	471.035000
623.578096	470.271000
716.830224	465.863000
726.467395	465.384000
819.339770	460.935000
833.837533	460.219000
924.288351	455.775000
937.451084	455.120000
1021.811845	450.952000
1031.610122	450.473000
1126.014837	445.844000
1142.494050	445.054000
1229.660944	440.736000
1238.767969	440.307000
1334.383400	435.603000
1337.996234	435.436000
1432.508192	430.860000
1446.832110	430.208000
1544.363453	425.527000
1551.231001	425.214000
1647.528876	420.606000
1650.594184	420.465000
1757.485793	415.453000
1763.756032	415.167000
1865.670442	410.461000
1867.074594	410.396000
1978.345306	405.327000
1982.728171	405.127000
2083.324578	400.448000
2083.563395	400.437000
2196.387607	395.342000
2205.797470	394.906000
2306.930945	390.217000
2309.954760	390.076000
2405.513701	385.599000
2419.181908	384.951000
2522.326931	380.081000
2524.679092	379.967000
2622.057585	375.273000
2632.062231	374.776000
2724.933705	370.228000
2738.173938	369.562000
2827.933211	365.127000
2838.733981	364.580000
2929.487973	360.144000
2941.956841	359.503000
3037.358776	355.093000
3052.432426	354.326000
3149.352918	349.919000
3163.600256	349.213000
3260.887455	344.932000
3278.449808	344.079000
3376.099527	339.886000
3395.990779	338.969000
3500.335636	334.400000
3516.003124	333.681000
3603.510909	329.779000
3627.869719	328.662000
3724.171888	324.327000
3745.221495	323.373000
3838.218729	319.214000
3859.666819	318.264000
3953.755905	314.026000
3978.756492	312.979000
4069.983952	309.113000
4097.971357	307.959000
4193.501875	303.864000
4227.444924	302.446000
4315.953455	298.680000
4336.279929	297.810000
4431.938072	293.920000
4475.882373	292.052000
4557.129130	288.916000
4598.705921	287.172000
4695.883800	283.681000
4736.710192	282.056000
4830.727795	278.949000
4888.989164	276.755000
4980.067304	274.037000
5053.449836	271.601000
5170.930791	268.793000
5239.701076	266.612000
5371.049877	263.996000
5466.689421	261.292000
5622.503265	259.101000
5736.012204	256.228000
5936.085044	261.292000
6128.381089	263.996000
6220.908103	266.612000
6330.415647	268.793000
6418.956207	271.601000
6520.873446	274.037000
6602.751000	276.755000
6676.270294	278.949000
6758.776252	282.056000
6807.948638	283.681000
6895.656291	287.172000
6944.203475	288.916000
7018.965412	292.052000
7067.361121	293.920000
7158.872540	297.810000
7180.266521	298.680000
7268.254453	302.446000
7301.580288	303.864000
7399.603411	307.959000
7426.524587	309.113000
7520.284818	312.979000
7544.991272	314.026000
7646.187534	318.264000
7667.278764	319.214000
7761.176241	323.373000
7782.508138	324.327000
7878.158082	328.662000
7902.972274	329.779000
7988.064553	333.681000
8004.189130	334.400000
8103.750677	338.969000
8124.692728	339.886000
8215.645856	344.079000
8235.511158	344.932000
8323.652345	349.213000
8339.696438	349.919000
8428.631314	354.326000
8445.499482	355.093000
8532.168054	359.503000
8546.034866	360.144000
8632.324880	364.580000
8643.515690	365.127000
8731.086830	369.562000
8744.565900	370.228000
8834.981181	374.776000
8845.130065	375.273000
8939.620628	379.967000
8941.985593	380.081000
9042.468263	384.951000
9056.192693	385.599000
9150.625662	390.076000
9153.635224	390.217000
9254.193179	394.906000
9263.596932	395.342000
9373.558517	400.437000
9373.802102	400.448000
9475.386084	405.127000
9479.685995	405.327000
9590.769706	410.396000
9592.196535	410.461000
9693.857094	415.167000
9700.050787	415.453000
9809.933449	420.465000
9812.940576	420.606000
9913.117429	425.214000
9919.658496	425.527000
10022.364536	430.208000
10035.949333	430.860000
10136.480394	435.436000
10139.929585	435.603000
10241.694692	440.307000
10250.414722	440.736000
10342.079369	445.054000
10358.026994	445.844000
10454.586836	450.473000
10464.355654	450.952000
10549.614985	455.120000
10562.872254	455.775000
10652.177878	460.219000
10666.750962	460.935000
10756.835526	465.384000
10766.834597	465.863000
10855.520710	470.271000
10871.683284	471.035000
10949.390912	474.886000
10968.896203	475.799000
11066.551041	480.636000
11074.656806	481.018000
11155.684904	485.093000
11172.332767	485.881000
11253.789751	490.016000
11270.724938	490.828000
11364.029004	495.543000
11371.557997	495.899000
11458.178535	500.264000
11469.824024	500.816000
11551.811820	504.993000
11570.910614	505.892000
11663.985362	510.628000
11669.925588	510.905000
11751.726585	515.009000
11771.753208	515.951000
11857.961211	520.310000
11878.147536	521.262000
11959.631094	525.407000
11976.478648	526.200000
12055.145358	530.132000
12086.564188	531.621000
12164.966811	535.482000
12189.655332	536.643000
12264.260776	540.271000
12298.055817	541.860000
12366.721112	545.240000
12409.093855	547.207000
12473.967579	550.396000
12523.779435	552.740000
12575.451129	555.319000
12614.488847	557.222000
12680.829736	560.510000
12739.440584	563.398000
12776.904881	565.259000
12832.375649	567.944000
12882.752503	570.435000
12949.776231	573.708000
12987.003807	575.583000
13043.730657	578.414000
13076.306686	580.041000
13155.559815	584.004000
13183.511940	585.387000
13258.619020	589.133000
13282.826564	590.322000
13356.266815	593.970000
13376.600945	594.976000
13471.509474	599.676000
13482.434977	600.215000
13566.489559	604.365000
13585.048773	605.275000
13675.431057	609.742000
13679.647668	609.946000
13782.139283	614.938000
13784.444896	615.047000
13891.265324	620.125000
13891.937238	620.156000
13988.113921	624.711000
13999.262254	625.251000
14094.643982	629.762000
14109.939028	630.487000
14207.248200	635.066000
14223.462844	635.831000
14299.152614	639.443000
14322.743321	640.576000
14410.017192	644.808000
14432.014377	645.863000
14511.453804	649.733000
14544.114621	651.291000
14610.602248	654.497000
14640.786060	655.922000
14724.943230	659.955000
14751.220086	661.171000
14833.903402	665.158000
14860.151269	666.365000
14941.999418	670.252000
14964.093675	671.262000
15049.604638	675.264000
15070.880114	676.219000
15167.416515	680.725000
15183.952472	681.456000
15274.839125	685.713000
15294.652931	686.579000
15389.076727	690.946000
15397.777208	691.321000
15500.662675	695.965000
15513.005554	696.486000
15626.621666	701.538000
15629.926532	701.679000
15729.421927	706.200000
15736.712641	706.510000
15851.361752	711.622000
15855.387709	711.800000
15969.417340	716.654000
15970.726893	716.712000
16083.930703	721.468000
16096.492365	722.031000
16211.375113	726.860000
16213.513161	726.956000
16323.206927	731.529000
16347.295155	732.597000
16439.201050	736.508000
16455.881192	737.234000
16565.359804	741.883000
16584.116871	742.696000
16670.953324	746.330000
16706.828775	747.857000
16802.721390	751.774000
16828.966901	752.874000
16921.448255	756.568000
16961.919245	758.249000
17043.561103	761.437000
17082.734491	763.056000
17177.731993	766.695000
17224.354087	768.581000
17301.331335	771.533000
17353.430200	773.590000
17432.859568	776.646000
17483.715516	778.612000
17555.040343	781.338000
17623.000906	783.938000
17695.715967	786.666000
17761.160608	789.177000
17828.652623	791.687000
17888.352494	793.950000
17952.418839	796.300000
18038.011698	799.545000
18097.254908	801.682000
18168.601735	804.383000
18232.800516	806.688000
18316.427621	809.887000
18363.956438	811.571000
18435.267309	814.309000
18493.927881	816.435000
18600.889170	820.512000
18646.157660	822.142000
18716.317766	824.789000
18764.720167	826.486000
18868.029096	830.260000
18907.923145	831.612000
19021.652347	835.709000
19070.655075	837.345000
19157.779519	840.422000
19188.774339	841.453000
19311.473525	845.705000
19351.689744	847.005000
19478.989274	851.273000
19506.496453	852.137000
19610.737735	855.657000
19651.261398	856.878000
19787.278711	861.510000
19801.910390	861.959000
19935.225416	866.446000
19967.414651	867.425000
20092.266612	871.471000
20110.807372	872.022000
20261.763632	876.717000
20273.267516	877.046000
20442.075151	882.148000
20456.686979	882.547000
20596.462782	886.678000
20620.071487	887.323000
20783.439088	892.037000
20787.159030	892.142000
20972.309424	897.169000
20980.639261	897.393000
21151.205355	902.187000
21157.783875	902.359000
21336.580064	907.125000
21345.084622	907.335000
21540.349479	912.205000
21546.895946	912.361000
21751.951086	917.323000
21758.279331	917.470000
21960.368015	922.229000
21968.436670	922.408000
22181.335744	927.215000
22198.476388	927.604000
22414.754464	932.097000
22439.404168	932.622000
22674.160736	937.407000
22679.525880	937.516000
22910.066767	942.196000
22933.713220	942.662000
23159.280139	947.085000
23191.321862	947.704000
23435.612858	952.164000
23475.263758	952.884000
23724.934187	957.385000
23727.552837	957.434000
23967.481926	961.932000
24029.236463	962.959000
24299.797971	967.435000
24331.225403	967.924000
24636.235481	972.128000
24658.625290	972.451000
25020.585777	977.004000
25093.267625	978.083000
25489.138907	982.195000
25531.238390	982.771000
25863.678014	986.758000
25968.033993	987.924000
26246.856656	991.076000
26444.810332	992.804000
26693.655991	995.084000
27148.727270	997.855000
27229.455942	998.206000
27641.024105	1000.847000
28107.291406	997.855000
28744.610922	995.084000
29119.047053	992.804000
29307.645868	991.076000
29668.728036	987.924000
29771.871191	986.758000
30128.704201	982.771000
30176.731596	982.195000
30477.275126	978.083000
30581.152828	977.004000
30887.844632	972.451000
30913.522918	972.128000
31204.937015	967.924000
31240.415114	967.435000
31528.082165	962.959000
31590.161402	961.932000
31860.630639	957.434000
31863.244362	957.385000
32103.786108	952.884000
32143.724502	952.164000
32389.339798	947.704000
32423.244760	947.085000
32652.195546	942.662000
32675.960906	942.196000
32913.440299	937.516000
32918.809734	937.407000
33154.334633	932.622000
33180.091624	932.097000
33391.046135	927.604000
33409.771302	927.215000
33621.583831	922.408000
33629.511631	922.229000
33844.029665	917.470000
33850.271951	917.323000
34063.882502	912.361000
34070.329217	912.205000
34274.696483	907.335000
34283.116528	907.125000
34476.129497	902.359000
34482.582066	902.187000
34665.939184	897.393000
34673.908897	897.169000
34860.846798	892.142000
34864.714073	892.037000
35031.721748	887.323000
35054.074761	886.678000
35205.280281	882.547000
35218.780776	882.148000
35405.621748	877.046000
35416.507227	876.717000
35580.673584	872.022000
35598.389643	871.471000
35734.534678	867.425000
35764.744779	866.446000
35912.276035	861.959000
35925.616451	861.510000
36076.560637	856.878000
36112.414941	855.657000
36229.239916	852.137000
36254.826412	851.273000
36390.706782	847.005000
36429.481240	845.705000
36561.019212	841.453000
36590.770590	840.422000
36683.274044	837.345000
36729.596953	835.709000
36852.313442	831.612000
36889.843801	830.260000
37001.204853	826.486000
37047.658285	824.789000
37123.156904	822.142000
37166.360898	820.512000
37279.587666	816.435000
37335.363899	814.309000
37410.910769	811.571000
37454.770341	809.887000
37545.058159	806.688000
37605.314638	804.383000
37680.542798	801.682000
37736.991583	799.545000
37826.951441	796.300000
37888.937025	793.950000
37950.631552	791.687000
38016.847494	789.177000
38084.366398	786.666000
38155.466749	783.938000
38224.769959	781.338000
38296.023996	778.612000
38347.463691	776.646000
38426.515460	773.590000
38479.979534	771.533000
38554.746597	768.581000
38603.926506	766.695000
38693.882923	763.056000
38736.147544	761.437000
38813.284517	758.249000
38856.333439	756.568000
38945.268501	752.874000
38972.807616	751.774000
39066.265495	747.857000
39103.648191	746.330000
39189.025657	742.696000
39208.452744	741.883000
39315.711791	737.234000
39332.808258	736.508000
39422.665055	732.597000
39447.762344	731.529000
39550.904166	726.956000
39553.206943	726.860000
39660.755219	722.031000
39674.149087	721.468000
39780.265007	716.712000
39781.645542	716.654000
39891.241603	711.800000
39895.423159	711.622000
40011.045003	706.510000
40017.997512	706.200000
40124.324337	701.679000
40127.427379	701.538000
40245.839999	696.486000
40257.556942	695.965000
40367.576767	691.321000
40375.884702	690.946000
40477.204707	686.579000
40495.929463	685.713000
40593.328279	681.456000
40608.935078	680.725000
40710.865339	676.219000
40731.325229	675.264000
40820.481729	671.262000
40842.062456	670.252000
40927.092532	666.365000
40952.508204	665.158000
41039.210975	661.171000
41064.428661	659.955000
41151.578791	655.922000
41181.314464	654.497000
41249.222745	651.291000
41281.533326	649.733000
41362.661286	645.863000
41384.317254	644.808000
41472.556198	640.576000
41495.921344	639.443000
41571.128437	635.831000
41587.159077	635.066000
41684.213790	630.487000
41699.620898	629.762000
41794.787732	625.251000
41806.205629	624.711000
41900.243883	620.156000
41900.898433	620.125000
42010.962327	615.047000
42013.255243	614.938000
42118.848096	609.946000
42123.036456	609.742000
42215.367823	605.275000
42233.780153	604.365000
42318.418323	600.215000
42329.335292	599.676000
42424.604056	594.976000
42444.918520	593.970000
42518.655004	590.322000
42542.591533	589.133000
42618.858530	585.387000
42646.587598	584.004000
42726.684685	580.041000
42759.221864	578.414000
42815.904555	575.583000
42853.475323	573.708000
42918.459780	570.435000
42969.469895	567.944000
43023.770117	565.259000
43062.217454	563.398000
43120.356566	560.510000
43187.085260	557.222000
43225.481462	555.319000
43278.386493	552.740000
43325.349832	550.396000
43393.118608	547.207000
43433.133225	545.240000
43505.944548	541.860000
43538.225363	540.271000
43615.386099	536.643000
43639.260663	535.482000
43721.364349	531.621000
43751.600429	530.132000
43834.568084	526.200000
43850.433471	525.407000
43938.495403	521.262000
43957.210082	520.310000
44049.638853	515.951000
44068.268800	515.009000
44155.518545	510.905000
44161.039713	510.628000
44262.602562	505.892000
44280.270256	504.993000
44369.008478	500.816000
44379.843350	500.264000
44471.931320	495.899000
44478.995904	495.543000
44578.712762	490.828000
44594.781246	490.016000
44681.021387	485.881000
44696.544507	485.093000
44782.635931	481.018000
44790.231694	480.636000
44892.869341	475.799000
44911.302020	474.886000
44993.574609	471.035000
45008.991028	470.271000
45102.243156	465.863000
45111.880327	465.384000
45204.752702	460.935000
45219.250465	460.219000
45309.701283	455.775000
45322.864016	455.120000
45407.224777	450.952000
45417.023054	450.473000
45511.427769	445.844000
45527.906982	445.054000
45615.073876	440.736000
45624.180901	440.307000
45719.796332	435.603000
45723.409166	435.436000
45817.921124	430.860000
45832.245042	430.208000
45929.776385	425.527000
45936.643933	425.214000
46032.941808	420.606000
46036.007116	420.465000
46142.898725	415.453000
46149.168964	415.167000
46251.083374	410.461000
46252.487526	410.396000
46363.758238	405.327000
46368.141103	405.127000
46468.737510	400.448000
46468.976327	400.437000
46581.800539	395.342000
46591.210402	394.906000
46692.343877	390.217000
46695.367692	390.076000
46790.926633	385.599000
46804.594840	384.951000
46907.739863	380.081000
46910.092024	379.967000
47007.470517	375.273000
47017.475163	374.776000
47110.346637	370.228000
47123.586870	369.562000
47213.346143	365.127000
47224.146913	364.580000
47314.900905	360.144000
47327.369773	359.503000
47422.771708	355.093000
47437.845358	354.326000
47534.765850	349.919000
47549.013188	349.213000
47646.300387	344.932000
47663.862740	344.079000
47761.512459	339.886000
47781.403711	338.969000
47885.748568	334.400000
47901.416056	333.681000
47988.923841	329.779000
48013.282651	328.662000
48109.584820	324.327000
48130.634427	323.373000
48223.631661	319.214000
48245.079751	318.264000
48339.168837	314.026000
48364.169424	312.979000
48455.396884	309.113000
48483.384289	307.959000
48578.914807	303.864000
48612.857856	302.446000
48701.366387	298.680000
48721.692861	297.810000
48817.351004	293.920000
48861.295305	292.052000
48942.542062	288.916000
48984.118853	287.172000
49081.296732	283.681000
49122.123124	282.056000
49216.140727	278.949000
49274.402096	276.755000
49365.480236	274.037000
49438.862768	271.601000
49556.343723	268.793000
49625.114008	266.612000
49756.462809	263.996000
49852.102353	261.292000
50007.916197	259.101000
50121.425136	256.228000
50321.497976	261.292000
50513.794021	263.996000
50606.321035	266.612000
50715.828579	268.793000
50804.369139	271.601000
50906.286378	274.037000
50988.163932	276.755000
51061.683226	278.949000
51144.189184	282.056000
51193.361570	283.681000
51281.069223	287.172000
51329.616407	288.916000
51404.378344	292.052000
51452.774053	293.920000
51544.285472	297.810000
51565.679453	298.680000
51653.667385	302.446000
51686.993220	303.864000
51785.016343	307.959000
51811.937519	309.113000
51905.697750	312.979000
51930.404204	314.026000
52031.600466	318.264000
52052.691696	319.214000
52146.589173	323.373000
52167.921070	324.327000
52263.571014	328.662000
52288.385206	329.779000
52373.477485	333.681000
52389.602062	334.400000
52489.163609	338.969000
52510.105660	339.886000
52601.058788	344.079000
52620.924090	344.932000
52709.065277	349.213000
52725.109370	349.919000
52814.044246	354.326000
52830.912414	355.093000
52917.580986	359.503000
52931.447798	360.144000
53017.737812	364.580000
53028.928622	365.127000
53116.499762	369.562000
53129.978832	370.228000
53220.394113	374.776000
53230.542997	375.273000
53325.033560	379.967000
53327.398525	380.081000
53427.881195	384.951000
53441.605625	385.599000
53536.038594	390.076000
53539.048156	390.217000
53639.606111	394.906000
53649.009864	395.342000
53758.971449	400.437000
53759.215034	400.448000
53860.799016	405.127000
53865.098927	405.327000
53976.182638	410.396000
53977.609467	410.461000
54079.270026	415.167000
54085.463719	415.453000
54195.346381	420.465000
54198.353508	420.606000
54298.530361	425.214000
54305.071428	425.527000
54407.777468	430.208000
54421.362265	430.860000
54521.893326	435.436000
54525.342517	435.603000
54627.107624	440.307000
54635.827654	440.736000
54727.492301	445.054000
54743.439926	445.844000
54839.999768	450.473000
54849.768586	450.952000
54935.027917	455.120000
54948.285186	455.775000
55037.590810	460.219000
55052.163894	460.935000
55142.248458	465.384000
55152.247529	465.863000
55240.933642	470.271000
55257.096216	471.035000
55334.803844	474.886000
55354.309135	475.799000
55451.963973	480.636000
55460.069738	481.018000
55541.097836	485.093000
55557.745699	485.881000
55639.202683	490.016000
55656.137870	490.828000
55749.441936	495.543000
55756.970929	495.899000
55843.591467	500.264000
55855.236956	500.816000
55937.224752	504.993000
55956.323546	505.892000
56049.398294	510.628000
56055.338520	510.905000
56137.139517	515.009000
56157.166140	515.951000
56243.374143	520.310000
56263.560468	521.262000
56345.044026	525.407000
56361.891580	526.200000
56440.558290	530.132000
56471.977120	531.621000
56550.379743	535.482000
56575.068264	536.643000
56649.673708	540.271000
56683.468749	541.860000
56752.134044	545.240000
56794.506787	547.207000
56859.380511	550.396000
56909.192367	552.740000
56960.864061	555.319000
56999.901779	557.222000
57066.242668	560.510000
57124.853516	563.398000
57162.317813	565.259000
57217.788581	567.944000
57268.165435	570.435000
57335.189163	573.708000
57372.416739	575.583000
57429.143589	578.414000
57461.719618	580.041000
57540.972747	584.004000
57568.924872	585.387000
57644.031952	589.133000
57668.239496	590.322000
57741.679747	593.970000
57762.013877	594.976000
57856.922406	599.676000
57867.847909	600.215000
57951.902491	604.365000
57970.461705	605.275000
58060.843989	609.742000
58065.060600	609.946000
58167.552215	614.938000
58169.857828	615.047000
58276.678256	620.125000
58277.350170	620.156000
58373.526853	624.711000
58384.675186	625.251000
58480.056914	629.762000
58495.351960	630.487000
58592.661132	635.066000
58608.875776	635.831000
58684.565546	639.443000
58708.156253	640.576000
58795.430124	644.808000
58817.427309	645.863000
58896.866736	649.733000
58929.527553	651.291000
58996.015180	654.497000
59026.198992	655.922000
59110.356162	659.955000
59136.633018	661.171000
59219.316334	665.158000
59245.564201	666.365000
59327.412350	670.252000
59349.506607	671.262000
59435.017570	675.264000
59456.293046	676.219000
59552.829447	680.725000
59569.365404	681.456000
59660.252057	685.713000
59680.065863	686.579000
59774.489659	690.946000
59783.190140	691.321000
59886.075607	695.965000
59898.418486	696.486000
60012.034598	701.538000
60015.339464	701.679000
60114.834859	706.200000
60122.125573	706.510000
60236.774684	711.622000
60240.800641	711.800000
60354.830272	716.654000
60356.139825	716.712000
60469.343635	721.468000
60481.905297	722.031000
60596.788045	726.860000
60598.926093	726.956000
60708.619859	731.529000
60732.708087	732.597000
60824.613982	736.508000
60841.294124	737.234000
60950.772736	741.883000
60969.529803	742.696000
61056.366256	746.330000
61092.241707	747.857000
61188.134322	751.774000
61214.379833	752.874000
61306.861187	756.568000
61347.332177	758.249000
61428.974035	761.437000
61468.147423	763.056000
61563.144925	766.695000
61609.767019	768.581000
61686.744267	771.533000
61738.843132	773.590000
61818.272500	776.646000
61869.128448	778.612000
61940.453275	781.338000
62008.413838	783.938000
62081.128899	786.666000
62146.573540	789.177000
62214.065555	791.687000
62273.765426	793.950000
62337.831771	796.300000
62423.424630	799.545000
62482.667840	801.682000
62554.014667	804.383000
62618.213448	806.688000
62701.840553	809.887000
62749.369370	811.571000
62820.680241	814.309000
62879.340813	816.435000
62986.302102	820.512000
63031.570592	822.142000
63101.730698	824.789000
63150.133099	826.486000
63253.442028	830.260000
63293.336077	831.612000
63407.065279	835.709000
63456.068007	837.345000
63543.192451	840.422000
63574.187271	841.453000
63696.886457	845.705000
63737.102676	847.005000
63864.402206	851.273000
63891.909385	852.137000
63996.150667	855.657000
64036.674330	856.878000
64172.691643	861.510000
64187.323322	861.959000
64320.638348	866.446000
64352.827583	867.425000
64477.679544	871.471000
64496.220304	872.022000
64647.176564	876.717000
64658.680448	877.046000
64827.488083	882.148000
64842.099911	882.547000
64981.875714	886.678000
65005.484419	887.323000
65168.852020	892.037000
65172.571962	892.142000
65357.722356	897.169000
65366.052193	897.393000
65536.618287	902.187000
65543.196807	902.359000
65721.992996	907.125000
65730.497554	907.335000
65925.762411	912.205000
65932.308878	912.361000
66137.364018	917.323000
66143.692263	917.470000
66345.780947	922.229000
66353.849602	922.408000
66566.748676	927.215000
66583.889320	927.604000
66800.167397	932.097000
66824.817100	932.622000
67059.573668	937.407000
67064.938812	937.516000
67295.479699	942.196000
67319.126152	942.662000
67544.693071	947.085000
67576.734794	947.704000
67821.025790	952.164000
67860.676690	952.884000
68110.347119	957.385000
68112.965769	957.434000
68352.894858	961.932000
68414.649395	962.959000
68685.210903	967.435000
68716.638335	967.924000
69021.648413	972.128000
69044.038222	972.451000
69405.998709	977.004000
69478.680557	978.083000
69874.551839	982.195000
69916.651322	982.771000
70249.090946	986.758000
70353.446925	987.924000
70632.269588	991.076000
70830.223264	992.804000
71079.068923	995.084000
71534.140202	997.855000
71614.868874	998.206000
72026.437037	1000.847000
72492.704338	997.855000
73130.023854	995.084000
73504.459985	992.804000
73693.058800	991.076000
74054.140968	987.924000
74157.284123	986.758000
74514.117133	982.771000
74562.144528	982.195000
74862.688058	978.083000
74966.565760	977.004000
75273.257564	972.451000
75298.935850	972.128000
75590.349947	967.924000
75625.828046	967.435000
75913.495097	962.959000
75975.574334	961.932000
76246.043571	957.434000
76248.657294	957.385000
76489.199040	952.884000
76529.137434	952.164000
76774.752730	947.704000
76808.657692	947.085000
77037.608478	942.662000
77061.373838	942.196000
77298.853231	937.516000
77304.222666	937.407000
77539.747565	932.622000
77565.504556	932.097000
77776.459067	927.604000
77795.184234	927.215000
78006.996763	922.408000
78014.924563	922.229000
78229.442597	917.470000
78235.684883	917.323000
78449.295434	912.361000
78455.742149	912.205000
78660.109415	907.335000
78668.529460	907.125000
78861.542429	902.359000
78867.994998	902.187000
79051.352116	897.393000
79059.321829	897.169000
79246.259730	892.142000
79250.127005	892.037000
79417.134680	887.323000
79439.487693	886.678000
79590.693213	882.547000
79604.193708	882.148000
79791.034680	877.046000
79801.920159	876.717000
79966.086516	872.022000
79983.802575	871.471000
80119.947610	867.425000
80150.157711	866.446000
80297.688967	861.959000
80311.029383	861.510000
80461.973569	856.878000
80497.827873	855.657000
80614.652848	852.137000
80640.239344	851.273000
80776.119714	847.005000
80814.894172	845.705000
80946.432144	841.453000
80976.183522	840.422000
81068.686976	837.345000
81115.009885	835.709000
81237.726374	831.612000
81275.256733	830.260000
81386.617785	826.486000
81433.071217	824.789000
81508.569836	822.142000
81551.773830	820.512000
81665.000598	816.435000
81720.776831	814.309000
81796.323701	811.571000
81840.183273	809.887000
81930.471091	806.688000
81990.727570	804.383000
82065.955730	801.682000
82122.404515	799.545000
82212.364373	796.300000
82274.349957	793.950000
82336.044484	791.687000
82402.260426	789.177000
82469.779330	786.666000
82540.879681	783.938000
82610.182891	781.338000
82681.436928	778.612000
82732.876623	776.646000
82811.928392	773.590000
82865.392466	771.533000
82940.159529	768.581000
82989.339438	766.695000
83079.295855	763.056000
83121.560476	761.437000
83198.697449	758.249000
83241.746371	756.568000
83330.681433	752.874000
83358.220548	751.774000
83451.678427	747.857000
83489.061123	746.330000
83574.438589	742.696000
83593.865676	741.883000
83701.124723	737.234000
83718.221190	736.508000
83808.077987	732.597000
83833.175276	731.529000
83936.317098	726.956000
83938.619875	726.860000
84046.168151	722.031000
84059.562019	721.468000
84165.677939	716.712000
84167.058474	716.654000
84276.654535	711.800000
84280.836091	711.622000
84396.457935	706.510000
84403.410444	706.200000
84509.737269	701.679000
84512.840311	701.538000
84631.252931	696.486000
84642.969874	695.965000
84752.989699	691.321000
84761.297634	690.946000
84862.617639	686.579000
84881.342395	685.713000
84978.741211	681.456000
84994.348010	680.725000
85096.278271	676.219000
85116.738161	675.264000
85205.894661	671.262000
85227.475388	670.252000
85312.505464	666.365000
85337.921136	665.158000
85424.623907	661.171000
85449.841593	659.955000
85536.991723	655.922000
85566.727396	654.497000
85634.635677	651.291000
85666.946258	649.733000
85748.074218	645.863000
85769.730186	644.808000
85857.969130	640.576000
85881.334276	639.443000
85956.541369	635.831000
85972.572009	635.066000
86069.626722	630.487000
86085.033830	629.762000
86180.200664	625.251000
86191.618561	624.711000
86285.656815	620.156000
86286.311365	620.125000
86396.375259	615.047000
86398.668175	614.938000
86504.261028	609.946000
86508.449388	609.742000
86600.780755	605.275000
86619.193085	604.365000
86703.831255	600.215000
86714.748224	599.676000
86810.016988	594.976000
86830.331452	593.970000
86904.067936	590.322000
86928.004465	589.133000
87004.271462	585.387000
87032.000530	584.004000
87112.097617	580.041000
87144.634796	578.414000
87201.317487	575.583000
87238.888255	573.708000
87303.872712	570.435000
87354.882827	567.944000
87409.183049	565.259000
87447.630386	563.398000
87505.769498	560.510000
87572.498192	557.222000
87610.894394	555.319000
87663.799425	552.740000
87710.762764	550.396000
87778.531540	547.207000
87818.546157	545.240000
87891.357480	541.860000
87923.638295	540.271000
88000.799031	536.643000
88024.673595	535.482000
88106.777281	531.621000
88137.013361	530.132000
88219.981016	526.200000
88235.846403	525.407000
88323.908335	521.262000
88342.623014	520.310000
88435.051785	515.951000
88453.681732	515.009000
88540.931477	510.905000
88546.452645	510.628000
88648.015494	505.892000
88665.683188	504.993000
88754.421410	500.816000
88765.256282	500.264000
88857.344252	495.899000
88864.408836	495.543000
88964.125694	490.828000
88980.194178	490.016000
89066.434319	485.881000
89081.957439	485.093000
89168.048863	481.018000
89175.644626	480.636000
89278.282273	475.799000
89296.714952	474.886000
89378.987541	471.035000
89394.403960	470.271000
89487.656088	465.863000
89497.293259	465.384000
89590.165634	460.935000
89604.663397	460.219000
89695.114215	455.775000
89708.276948	455.120000
89792.637709	450.952000
89802.435986	450.473000
89896.840701	445.844000
89913.319914	445.054000
90000.486808	440.736000
90009.593833	440.307000
90105.209264	435.603000
90108.822098	435.436000
90203.334056	430.860000
90217.657974	430.208000
90315.189317	425.527000
90322.056865	425.214000
90418.354740	420.606000
90421.420048	420.465000
90528.311657	415.453000
90534.581896	415.167000
90636.496306	410.461000
90637.900458	410.396000
90749.171170	405.327000
90753.554035	405.127000
90854.150442	400.448000
90854.389259	400.437000
90967.213471	395.342000
90976.623334	394.906000
91077.756809	390.217000
91080.780624	390.076000
91176.339565	385.599000
91190.007772	384.951000
91293.152795	380.081000
91295.504956	379.967000
91392.883449	375.273000
91402.888095	374.776000
91495.759569	370.228000
91508.999802	369.562000
91598.759075	365.127000
91609.559845	364.580000
91700.313837	360.144000
91712.782705	359.503000
91808.184640	355.093000
91823.258290	354.326000
91920.178782	349.919000
91934.426120	349.213000
92031.713319	344.932000
92049.275672	344.079000
92146.925391	339.886000
92166.816643	338.969000
92271.161500	334.400000
92286.828988	333.681000
92374.336773	329.779000
92398.695583	328.662000
92494.997752	324.327000
92516.047359	323.373000
92609.044593	319.214000
92630.492683	318.264000
92724.581769	314.026000
92749.582356	312.979000
92840.809816	309.113000
92868.797221	307.959000
92964.327739	303.864000
92998.270788	302.446000
93086.779319	298.680000
93107.105793	297.810000
93202.763936	293.920000
93246.708237	292.052000
93327.954994	288.916000
93369.531785	287.172000
93466.709664	283.681000
93507.536056	282.056000
93601.553659	278.949000
93659.815028	276.755000
93750.893168	274.037000
93824.275700	271.601000
93941.756655	268.793000
94010.526940	266.612000
94141.875741	263.996000
94237.515285	261.292000
94393.329129	259.101000
94506.838068	256.228000
94706.910908	261.292000
94899.206953	263.996000
94991.733967	266.612000
95101.241511	268.793000
95189.782071	271.601000
95291.699310	274.037000
95373.576864	276.755000
95447.096158	278.949000
95529.602116	282.056000
95578.774502	283.681000
95666.482155	287.172000
95715.029339	288.916000
95789.791276	292.052000
95838.186985	293.920000
95929.698404	297.810000
95951.092385	298.680000
96039.080317	302.446000
96072.406152	303.864000
96170.429275	307.959000
96197.350451	309.113000
96291.110682	312.979000
96315.817136	314.026000
96417.013398	318.264000
96438.104628	319.214000
96532.002105	323.373000
96553.334002	324.327000
96648.983946	328.662000
96673.798138	329.779000
96758.890417	333.681000
96775.014994	334.400000
96874.576541	338.969000
96895.518592	339.886000
96986.471720	344.079000
97006.337022	344.932000
97094.478209	349.213000
97110.522302	349.919000
97199.457178	354.326000
97216.325346	355.093000
97302.993918	359.503000
97316.860730	360.144000
97403.150744	364.580000
97414.341554	365.127000
97501.912694	369.562000
97515.391764	370.228000
97605.807045	374.776000
97615.955929	375.273000
97710.446492	379.967000
97712.811457	380.081000
97813.294127	384.951000
97827.018557	385.599000
97921.451526	390.076000
97924.461088	390.217000
98025.019043	394.906000
98034.422796	395.342000
98144.384381	400.437000
98144.627966	400.448000
98246.211948	405.127000
98250.511859	405.327000
98361.595570	410.396000
98363.022399	410.461000
98464.682958	415.167000
98470.876651	415.453000
98580.759313	420.465000
98583.766440	420.606000
98683.943293	425.214000
98690.484360	425.527000
98793.190400	430.208000
98806.775197	430.860000
98907.306258	435.436000
98910.755449	435.603000
99012.520556	440.307000
99021.240586	440.736000
99112.905233	445.054000
99128.852858	445.844000
99225.412700	450.473000
99235.181518	450.952000
99320.440849	455.120000
99333.698118	455.775000
99423.003742	460.219000
99437.576826	460.935000
99527.661390	465.384000
99537.660461	465.863000
99626.346574	470.271000
99642.509148	471.035000
99720.216776	474.886000
99739.722067	475.799000
99837.376905	480.636000
99845.482670	481.018000
99926.510768	485.093000
99943.158631	485.881000
100024.615615	490.016000
100041.550802	490.828000
100134.854868	495.543000
100142.383861	495.899000
100229.004399	500.264000
100240.649888	500.816000
100322.637684	504.993000
100341.736478	505.892000
100434.811226	510.628000
100440.751452	510.905000
100522.552449	515.009000
100542.579072	515.951000
100628.787075	520.310000
100648.973400	521.262000
100730.456958	525.407000
100747.304512	526.200000
100825.971222	530.132000
100857.390052	531.621000
100935.792675	535.482000
100960.481196	536.643000
101035.086640	540.271000
101068.881681	541.860000
101137.546976	545.240000
101179.919719	547.207000
101244.793443	550.396000
101294.605299	552.740000
101346.276993	555.319000
101385.314711	557.222000
101451.655600	560.510000
101510.266448	563.398000
101547.730745	565.259000
101603.201513	567.944000
101653.578367	570.435000
101720.602095	573.708000
101757.829671	575.583000
101814.556521	578.414000
101847.132550	580.041000
101926.385679	584.004000
101954.337804	585.387000
102029.444884	589.133000
102053.652428	590.322000
102127.092679	593.970000
102147.426809	594.976000
102242.335338	599.676000
102253.260841	600.215000
102337.315423	604.365000
102355.874637	605.275000
102446.256921	609.742000
102450.473532	609.946000
102552.965147	614.938000
102555.270760	615.047000
102662.091188	620.125000
102662.763102	620.156000
102758.939785	624.711000
102770.088118	625.251000
102865.469846	629.762000
102880.764892	630.487000
102978.074064	635.066000
102994.288708	635.831000
103069.978478	639.443000
103093.569185	640.576000
103180.843056	644.808000
103202.840241	645.863000
103282.279668	649.733000
103314.940485	651.291000
103381.428112	654.497000
103411.611924	655.922000
103495.769094	659.955000
103522.045950	661.171000
103604.729266	665.158000
103630.977133	666.365000
103712.825282	670.252000
103734.919539	671.262000
103820.430502	675.264000
103841.705978	676.219000
103938.242379	680.725000
103954.778336	681.456000
104045.664989	685.713000
104065.478795	686.579000
104159.902591	690.946000
104168.603072	691.321000
104271.488539	695.965000
104283.831418	696.486000
104397.447530	701.538000
104400.752396	701.679000
104500.247791	706.200000
104507.538505	706.510000
104622.187616	711.622000
104626.213573	711.800000
104740.243204	716.654000
104741.552757	716.712000
104854.756567	721.468000
104867.318229	722.031000
104982.200977	726.860000
104984.339025	726.956000
105094.032791	731.529000
105118.121019	732.597000
105210.026914	736.508000
105226.707056	737.234000
105336.185668	741.883000
105354.942735	742.696000
105441.779188	746.330000
105477.654639	747.857000
105573.547254	751.774000
105599.792765	752.874000
105692.274119	756.568000
105732.745109	758.249000
105814.386967	761.437000
105853.560355	763.056000
105948.557857	766.695000
105995.179951	768.581000
106072.157199	771.533000
106124.256064	773.590000
106203.685432	776.646000
106254.541380	778.612000
106325.866207	781.338000
106393.826770	783.938000
106466.541831	786.666000
106531.986472	789.177000
106599.478487	791.687000
106659.178358	793.950000
106723.244703	796.300000
106808.837562	799.545000
106868.080772	801.682000
106939.427599	804.383000
107003.626380	806.688000
107087.253485	809.887000
107134.782302	811.571000
107206.093173	814.309000
107264.753745	816.435000
107371.715034	820.512000
107416.983524	822.142000
107487.143630	824.789000
107535.546031	826.486000
107638.854960	830.260000
107678.749009	831.612000
107792.478211	835.709000
107841.480939	837.345000
107928.605383	840.422000
107959.600203	841.453000
108082.299389	845.705000
108122.515608	847.005000
108249.815138	851.273000
108277.322317	852.137000
108381.563599	855.657000
108422.087262	856.878000
108558.104575	861.510000
108572.736254	861.959000
108706.051280	866.446000
108738.240515	867.425000
108863.092476	871.471000
108881.633236	872.022000
109032.589496	876.717000
109044.093380	877.046000
109212.901015	882.148000
109227.512843	882.547000
109367.288646	886.678000
109390.897351	887.323000
109554.264952	892.037000
109557.984894	892.142000
109743.135288	897.169000
109751.465125	897.393000
109922.031219	902.187000
109928.609739	902.359000
110107.405928	907.125000
110115.910486	907.335000
110311.175343	912.205000
110317.721810	912.361000
110522.776950	917.323000
110529.105195	917.470000
110731.193879	922.229000
110739.262534	922.408000
110952.161608	927.215000
110969.302252	927.604000
111185.580329	932.097000
111210.230032	932.622000
111444.986600	937.407000
111450.351744	937.516000
111680.892631	942.196000
111704.539084	942.662000
111930.106003	947.085000
111962.147726	947.704000
112206.438722	952.164000
112246.089622	952.884000
112495.760051	957.385000
112498.378701	957.434000
112738.307790	961.932000
112800.062327	962.959000
113070.623835	967.435000
113102.051267	967.924000
113407.061345	972.128000
113429.451154	972.451000
113791.411641	977.004000
113864.093489	978.083000
114259.964771	982.195000
114302.064254	982.771000
114634.503878	986.758000
114738.859857	987.924000
115017.682520	991.076000
115215.636196	992.804000
115464.481855	995.084000
115919.553134	997.855000
116000.281806	998.206000
116411.849969	1000.847000
116878.117270	997.855000
117515.436786	995.084000
117889.872917	992.804000
118078.471732	991.076000
118439.553900	987.924000
118542.697055	986.758000
118899.530065	982.771000
118947.557460	982.195000
119248.100990	978.083000
119351.978692	977.004000
119658.670496	972.451000
119684.348782	972.128000
119975.762879	967.924000
120011.240978	967.435000
120298.908029	962.959000
120360.987266	961.932000
120631.456503	957.434000
120634.070226	957.385000
120874.611972	952.884000
120914.550366	952.164000
121160.165662	947.704000
121194.070624	947.085000
121423.021410	942.662000
121446.786770	942.196000
121684.266163	937.516000
121689.635598	937.407000
121925.160497	932.622000
121950.917488	932.097000
122161.871999	927.604000
122180.597166	927.215000
122392.409695	922.408000
122400.337495	922.229000
122614.855529	917.470000
122621.097815	917.323000
122834.708366	912.361000
122841.155081	912.205000
123045.522347	907.335000
123053.942392	907.125000
123246.955361	902.359000
123253.407930	902.187000
123436.765048	897.393000
123444.734761	897.169000
123631.672662	892.142000
123635.539937	892.037000
123802.547612	887.323000
123824.900625	886.678000
123976.106145	882.547000
123989.606640	882.148000
124176.447612	877.046000
124187.333091	876.717000
124351.499448	872.022000
124369.215507	871.471000
124505.360542	867.425000
124535.570643	866.446000
124683.101899	861.959000
124696.442315	861.510000
124847.386501	856.878000
124883.240805	855.657000
125000.065780	852.137000
125025.652276	851.273000
125161.532646	847.005000
125200.307104	845.705000
125331.845076	841.453000
125361.596454	840.422000
125454.099908	837.345000
125500.422817	835.709000
125623.139306	831.612000
125660.669665	830.260000
125772.030717	826.486000
125818.484149	824.789000
125893.982768	822.142000
125937.186762	820.512000
126050.413530	816.435000
126106.189763	814.309000
126181.736633	811.571000
126225.596205	809.887000
126315.884023	806.688000
126376.140502	804.383000
126451.368662	801.682000
126507.817447	799.545000
126597.777305	796.300000
126659.762889	793.950000
126721.457416	791.687000
126787.673358	789.177000
126855.192262	786.666000
126926.292613	783.938000
126995.595823	781.338000
127066.849860	778.612000
127118.289555	776.646000
127197.341324	773.590000
127250.805398	771.533000
127325.572461	768.581000
127374.752370	766.695000
127464.708787	763.056000
127506.973408	761.437000
127584.110381	758.249000
127627.159303	756.568000
127716.094365	752.874000
127743.633480	751.774000
127837.091359	747.857000
127874.474055	746.330000
127959.851521	742.696000
127979.278608	741.883000
128086.537655	737.234000
128103.634122	736.508000
128193.490919	732.597000
128218.588208	731.529000
128321.730030	726.956000
128324.032807	726.860000
128431.581083	722.031000
128444.974951	721.468000
128551.090871	716.712000
128552.471406	716.654000
128662.067467	711.800000
128666.249023	711.622000
128781.870867	706.510000
128788.823376	706.200000
128895.150201	701.679000
128898.253243	701.538000
129016.665863	696.486000
129028.382806	695.965000
129138.402631	691.321000
129146.710566	690.946000
129248.030571	686.579000
129266.755327	685.713000
129364.154143	681.456000
129379.760942	680.725000
129481.691203	676.219000
129502.151093	675.264000
129591.307593	671.262000
129612.888320	670.252000
129697.918396	666.365000
129723.334068	665.158000
129810.036839	661.171000
129835.254525	659.955000
129922.404655	655.922000
129952.140328	654.497000
130020.048609	651.291000
130052.359190	649.733000
130133.487150	645.863000
130155.143118	644.808000
130243.382062	640.576000
130266.747208	639.443000
130341.954301	635.831000
130357.984941	635.066000
130455.039654	630.487000
130470.446762	629.762000
130565.613596	625.251000
130577.031493	624.711000
130671.069747	620.156000
130671.724297	620.125000
130781.788191	615.047000
130784.081107	614.938000
130889.673960	609.946000
130893.862320	609.742000
130986.193687	605.275000
131004.606017	604.365000
131089.244187	600.215000
131100.161156	599.676000
131195.429920	594.976000
131215.744384	593.970000
131289.480868	590.322000
131313.417397	589.133000
131389.684394	585.387000
131417.413462	584.004000
131497.510549	580.041000
131530.047728	578.414000
131586.730419	575.583000
131624.301187	573.708000
131689.285644	570.435000
131740.295759	567.944000
131794.595981	565.259000
131833.043318	563.398000
131891.182430	560.510000
131957.911124	557.222000
131996.307326	555.319000
132049.212357	552.740000
132096.175696	550.396000
132163.944472	547.207000
132203.959089	545.240000
132276.770412	541.860000
132309.051227	540.271000
132386.211963	536.643000
132410.086527	535.482000
132492.190213	531.621000
132522.426293	530.132000
132605.393948	526.200000
132621.259335	525.407000
132709.321267	521.262000
132728.035946	520.310000
132820.464717	515.951000
132839.094664	515.009000
132926.344409	510.905000
132931.865577	510.628000
133033.428426	505.892000
133051.096120	504.993000
133139.834342	500.816000
133150.669214	500.264000
133242.757184	495.899000
133249.821768	495.543000
133349.538626	490.828000
133365.607110	490.016000
133451.847251	485.881000
133467.370371	485.093000
133553.461795	481.018000
133561.057558	480.636000
133663.695205	475.799000
133682.127884	474.886000
133764.400473	471.035000
133779.816892	470.271000
133873.069020	465.863000
133882.706191	465.384000
133975.578566	460.935000
133990.076329	460.219000
134080.527147	455.775000
134093.689880	455.120000
134178.050641	450.952000
134187.848918	450.473000
134282.253634	445.844000
134298.732846	445.054000
134385.899740	440.736000
134395.006765	440.307000
134490.622196	435.603000
134494.235030	435.436000
134588.746988	430.860000
134603.070906	430.208000
134700.602249	425.527000
134707.469797	425.214000
134803.767672	420.606000
134806.832980	420.465000
134913.724589	415.453000
134919.994828	415.167000
135021.909238	410.461000
135023.313390	410.396000
135134.584102	405.327000
135138.966967	405.127000
135239.563374	400.448000
135239.802191	400.437000
135352.626403	395.342000
135362.036266	394.906000
135463.169741	390.217000
135466.193556	390.076000
135561.752497	385.599000
135575.420704	384.951000
135678.565727	380.081000
135680.917888	379.967000
135778.296381	375.273000
135788.301027	374.776000
135881.172501	370.228000
135894.412734	369.562000
135984.172007	365.127000
135994.972777	364.580000
136085.726769	360.144000
136098.195637	359.503000
136193.597572	355.093000
136208.671222	354.326000
136305.591714	349.919000
136319.839052	349.213000
136417.126251	344.932000
136434.688604	344.079000
136532.338323	339.886000
136552.229575	338.969000
136656.574432	334.400000
136672.241920	333.681000
136759.749705	329.779000
136784.108515	328.662000
136880.410684	324.327000
136901.460291	323.373000
136994.457525	319.214000
137015.905615	318.264000
137109.994701	314.026000
137134.995288	312.979000
137226.222748	309.113000
137254.210153	307.959000
137349.740671	303.864000
137383.683720	302.446000
137472.192251	298.680000
137492.518725	297.810000
137588.176868	293.920000
137632.121169	292.052000
137713.367926	288.916000
137754.944717	287.172000
137852.122596	283.681000
137892.948988	282.056000
137986.966591	278.949000
138045.227960	276.755000
138136.306100	274.037000
138209.688632	271.601000
138327.169587	268.793000
138395.939872	266.612000
138527.288673	263.996000
138622.928217	261.292000
138778.742061	259.101000
138892.251000	256.228000
139092.323840	261.292000
139284.619885	263.996000
139377.146899	266.612000
139486.654443	268.793000
139575.195003	271.601000
139677.112242	274.037000
139758.989796	276.755000
139832.509090	278.949000
139915.015048	282.056000
139964.187434	283.681000
140051.895087	287.172000
140100.442271	288.916000
140175.204208	292.052000
140223.599917	293.920000
140315.111336	297.810000
140336.505317	298.680000
140424.493249	302.446000
140457.819084	303.864000
140555.842207	307.959000
140582.763383	309.113000
140676.523614	312.979000
140701.230068	314.026000
140802.426330	318.264000
140823.517560	319.214000
140917.415037	323.373000
140938.746934	324.327000
141034.396878	328.662000
141059.211070	329.779000
141144.303349	333.681000
141160.427926	334.400000
141259.989473	338.969000
141280.931525	339.886000
141371.884652	344.079000
141391.749954	344.932000
141479.891141	349.213000
141495.935234	349.919000
141584.870110	354.326000
141601.738278	355.093000
141688.406850	359.503000
141702.273662	360.144000
141788.563676	364.580000
141799.754486	365.127000
141887.325626	369.562000
141900.804696	370.228000
141991.219977	374.776000
142001.368861	375.273000
142095.859424	379.967000
142098.224389	380.081000
142198.707059	384.951000
142212.431489	385.599000
142306.864458	390.076000
142309.874020	390.217000
142410.431975	394.906000
142419.835728	395.342000
142529.797313	400.437000
142530.040898	400.448000
142631.624880	405.127000
142635.924791	405.327000
142747.008502	410.396000
142748.435331	410.461000
142850.095890	415.167000
142856.289583	415.453000
142966.172245	420.465000
142969.179372	420.606000
143069.356225	425.214000
143075.897292	425.527000
143178.603332	430.208000
143192.188129	430.860000
143292.719190	435.436000
143296.168381	435.603000
143397.933488	440.307000
143406.653518	440.736000
143498.318165	445.054000
143514.265790	445.844000
143610.825632	450.473000
143620.594450	450.952000
143705.853781	455.120000
143719.111050	455.775000
143808.416674	460.219000
143822.989758	460.935000
143913.074322	465.384000
143923.073393	465.863000
144011.759506	470.271000
144027.922080	471.035000
144105.629708	474.886000
144125.134999	475.799000
144222.789837	480.636000
144230.895602	481.018000
144311.923700	485.093000
144328.571563	485.881000
144410.028547	490.016000
144426.963734	490.828000
144520.267800	495.543000
144527.796793	495.899000
144614.417331	500.264000
144626.062820	500.816000
144708.050616	504.993000
144727.149410	505.892000
144820.224158	510.628000
144826.164384	510.905000
144907.965381	515.009000
144927.992004	515.951000
145014.200007	520.310000
145034.386332	521.262000
145115.869890	525.407000
145132.717444	526.200000
145211.384154	530.132000
145242.802984	531.621000
145321.205607	535.482000
145345.894128	536.643000
145420.499572	540.271000
145454.294613	541.860000
145522.959908	545.240000
145565.332651	547.207000
145630.206375	550.396000
145680.018231	552.740000
145731.689925	555.319000
145770.727643	557.222000
145837.068532	560.510000
145895.679380	563.398000
145933.143677	565.259000
145988.614445	567.944000
146038.991299	570.435000
146106.015027	573.708000
146143.242603	575.583000
146199.969453	578.414000
146232.545482	580.041000
146311.798611	584.004000
146339.750736	585.387000
146414.857816	589.133000
146439.065360	590.322000
146512.505611	593.970000
146532.839741	594.976000
146627.748270	599.676000
146638.673773	600.215000
146722.728355	604.365000
146741.287569	605.275000
146831.669853	609.742000
146835.886464	609.946000
146938.378079	614.938000
146940.683692	615.047000
147047.504120	620.125000
147048.176034	620.156000
147144.352717	624.711000
147155.501050	625.251000
147250.882778	629.762000
147266.177824	630.487000
147363.486996	635.066000
147379.701640	635.831000
147455.391410	639.443000
147478.982117	640.576000
147566.255988	644.808000
147588.253173	645.863000
147667.692600	649.733000
147700.353417	651.291000
147766.841044	654.497000
147797.024856	655.922000
147881.182026	659.955000
147907.458882	661.171000
147990.142198	665.158000
148016.390065	666.365000
148098.238214	670.252000
148120.332471	671.262000
148205.843434	675.264000
148227.118910	676.219000
148323.655311	680.725000
148340.191268	681.456000
148431.077921	685.713000
148450.891727	686.579000
148545.315523	690.946000
148554.016004	691.321000
148656.901471	695.965000
148669.244350	696.486000
148782.860462	701.538000
148786.165328	701.679000
148885.660723	706.200000
148892.951437	706.510000
149007.600548	711.622000
149011.626505	711.800000
149125.656136	716.654000
149126.965689	716.712000
149240.169499	721.468000
149252.731161	722.031000
149367.613909	726.860000
149369.751957	726.956000
149479.445723	731.529000
149503.533951	732.597000
149595.439846	736.508000
149612.119988	737.234000
149721.598600	741.883000
149740.355667	742.696000
149827.192120	746.330000
149863.067571	747.857000
149958.960186	751.774000
149985.205697	752.874000
150077.687051	756.568000
150118.158041	758.249000
150199.799899	761.437000
150238.973287	763.056000
150333.970789	766.695000
150380.592883	768.581000
150457.570131	771.533000
150509.668996	773.590000
150589.098364	776.646000
150639.954312	778.612000
150711.279139	781.338000
150779.239702	783.938000
150851.954763	786.666000
150917.399404	789.177000
150984.891419	791.687000
151044.591290	793.950000
151108.657635	796.300000
151194.250494	799.545000
151253.493704	801.682000
151324.840531	804.383000
151389.039312	806.688000
151472.666417	809.887000
151520.195234	811.571000
151591.506105	814.309000
151650.166677	816.435000
151757.127966	820.512000
151802.396456	822.142000
151872.556562	824.789000
151920.958963	826.486000
152024.267892	830.260000
152064.161941	831.612000
152177.891143	835.709000
152226.893871	837.345000
152314.018315	840.422000
152345.013135	841.453000
152467.712321	845.705000
152507.928540	847.005000
152635.228070	851.273000
152662.735249	852.137000
152766.976531	855.657000
152807.500194	856.878000
152943.517507	861.510000
152958.149186	861.959000
153091.464212	866.446000
153123.653447	867.425000
153248.505408	871.471000
153267.046168	872.022000
153418.002428	876.717000
153429.506312	877.046000
153598.313947	882.148000
153612.925775	882.547000
153752.701578	886.678000
153776.310283	887.323000
153939.677884	892.037000
153943.397826	892.142000
154128.548220	897.169000
154136.878057	897.393000
154307.444151	902.187000
154314.022671	902.359000
154492.818860	907.125000
154501.323418	907.335000
154696.588275	912.205000
154703.134742	912.361000
154908.189882	917.323000
154914.518127	917.470000
155116.606811	922.229000
155124.675466	922.408000
155337.574540	927.215000
155354.715184	927.604000
155570.993261	932.097000
155595.642964	932.622000
155830.399532	937.407000
155835.764676	937.516000
156066.305563	942.196000
156089.952016	942.662000
156315.518935	947.085000
156347.560658	947.704000
156591.851654	952.164000
156631.502554	952.884000
156881.172983	957.385000
156883.791633	957.434000
157123.720722	961.932000
157185.475259	962.959000
157456.036767	967.435000
157487.464199	967.924000
157792.474277	972.128000
157814.864086	972.451000
158176.824573	977.004000
158249.506421	978.083000
158645.377703	982.195000
158687.477186	982.771000
159019.916810	986.758000
159124.272789	987.924000
159403.095452	991.076000
159601.049128	992.804000
159849.894787	995.084000
160304.966066	997.855000
160385.694738	998.206000
160797.262901	1000.847000
161263.530202	997.855000
161900.849718	995.084000
162275.285849	992.804000
162463.884664	991.076000
162824.966832	987.924000
162928.109987	986.758000
163284.942997	982.771000
163332.970392	982.195000
163633.513922	978.083000
163737.391624	977.004000
164044.083428	972.451000
164069.761714	972.128000
164361.175811	967.924000
164396.653910	967.435000
164684.320961	962.959000
164746.400198	961.932000
165016.869435	957.434000
165019.483158	957.385000
165260.024904	952.884000
165299.963298	952.164000
165545.578594	947.704000
165579.483556	947.085000
165808.434342	942.662000
165832.199702	942.196000
166069.679095	937.516000
166075.048530	937.407000
166310.573429	932.622000
166336.330420	932.097000
166547.284931	927.604000
166566.010098	927.215000
166777.822627	922.408000
166785.750427	922.229000
167000.268461	917.470000
167006.510747	917.323000
167220.121298	912.361000
167226.568013	912.205000
167430.935279	907.335000
167439.355324	907.125000
167632.368293	902.359000
167638.820862	902.187000
167822.177980	897.393000
167830.147693	897.169000
168017.085594	892.142000
168020.952869	892.037000
168187.960544	887.323000
168210.313557	886.678000
168361.519077	882.547000
168375.019572	882.148000
168561.860544	877.046000
168572.746023	876.717000
168736.912380	872.022000
168754.628439	871.471000
168890.773474	867.425000
168920.983575	866.446000
169068.514831	861.959000
169081.855247	861.510000
169232.799433	856.878000
169268.653737	855.657000
169385.478712	852.137000
169411.065208	851.273000
169546.945578	847.005000
169585.720036	845.705000
169717.258008	841.453000
169747.009386	840.422000
169839.512840	837.345000
169885.835749	835.709000
170008.552238	831.612000
170046.082597	830.260000
170157.443649	826.486000
170203.897081	824.789000
170279.395700	822.142000
170322.599694	820.512000
170435.826462	816.435000
170491.602695	814.309000
170567.149565	811.571000
170611.009137	809.887000
170701.296955	806.688000
170761.553434	804.383000
170836.781594	801.682000
170893.230379	799.545000
170983.190237	796.300000
171045.175821	793.950000
171106.870348	791.687000
171173.086290	789.177000
171240.605194	786.666000
171311.705545	783.938000
171381.008755	781.338000
171452.262792	778.612000
171503.702487	776.646000
171582.754256	773.590000
171636.218330	771.533000
171710.985393	768.581000
171760.165302	766.695000
171850.121719	763.056000
171892.386340	761.437000
171969.523313	758.249000
172012.572235	756.568000
172101.507297	752.874000
172129.046412	751.774000
172222.504291	747.857000
172259.886987	746.330000
172345.264453	742.696000
172364.691540	741.883000
172471.950587	737.234000
172489.047054	736.508000
172578.903851	732.597000
172604.001140	731.529000
172707.142962	726.956000
172709.445739	726.860000
172816.994015	722.031000
172830.387883	721.468000
172936.503803	716.712000
172937.884338	716.654000
173047.480399	711.800000
173051.661955	711.622000
173167.283799	706.510000
173174.236308	706.200000
173280.563133	701.679000
173283.666175	701.538000
173402.078795	696.486000
173413.795738	695.965000
173523.815563	691.321000
173532.123498	690.946000
173633.443503	686.579000
173652.168259	685.713000
173749.567075	681.456000
173765.173874	680.725000
173867.104135	676.219000
173887.564025	675.264000
173976.720525	671.262000
173998.301252	670.252000
174083.331328	666.365000
174108.747000	665.158000
174195.449771	661.171000
174220.667457	659.955000
174307.817587	655.922000
174337.553260	654.497000
174405.461541	651.291000
174437.772122	649.733000
174518.900082	645.863000
174540.556050	644.808000
174628.794994	640.576000
174652.160140	639.443000
174727.367233	635.831000
174743.397873	635.066000
174840.452586	630.487000
174855.859694	629.762000
174951.026528	625.251000
174962.444425	624.711000
175056.482679	620.156000
175057.137229	620.125000
175167.201123	615.047000
175169.494039	614.938000
175275.086892	609.946000
175279.275252	609.742000
175371.606619	605.275000
175390.018949	604.365000
175474.657119	600.215000
175485.574088	599.676000
175580.842852	594.976000
175601.157316	593.970000
175674.893800	590.322000
175698.830329	589.133000
175775.097326	585.387000
175802.826394	584.004000
175882.923481	580.041000
175915.460660	578.414000
175972.143351	575.583000
176009.714119	573.708000
176074.698576	570.435000
176125.708691	567.944000
176180.008913	565.259000
176218.456250	563.398000
176276.595362	560.510000
176343.324056	557.222000
176381.720258	555.319000
176434.625289	552.740000
176481.588628	550.396000
176549.357404	547.207000
176589.372021	545.240000
176662.183344	541.860000
176694.464159	540.271000
176771.624895	536.643000
176795.499459	535.482000
176877.603145	531.621000
176907.839225	530.132000
176990.806880	526.200000
177006.672267	525.407000
177094.734199	521.262000
177113.448878	520.310000
177205.877649	515.951000
177224.507596	515.009000
177311.757341	510.905000
177317.278509	510.628000
177418.841358	505.892000
177436.509052	504.993000
177525.247274	500.816000
177536.082146	500.264000
177628.170116	495.899000
177635.234700	495.543000
177734.951558	490.828000
177751.020042	490.016000
177837.260183	485.881000
177852.783303	485.093000
177938.874727	481.018000
177946.470490	480.636000
178049.108137	475.799000
178067.540816	474.886000
178149.813405	471.035000
178165.229824	470.271000
178258.481952	465.863000
178268.119123	465.384000
178360.991498	460.935000
178375.489261	460.219000
178465.940079	455.775000
178479.102812	455.120000
178563.463573	450.952000
178573.261850	450.473000
178667.666566	445.844000
178684.145778	445.054000
178771.312672	440.736000
178780.419697	440.307000
178876.035128	435.603000
178879.647962	435.436000
178974.159920	430.860000
178988.483838	430.208000
179086.015181	425.527000
179092.882729	425.214000
179189.180604	420.606000
179192.245912	420.465000
179299.137521	415.453000
179305.407760	415.167000
179407.322170	410.461000
179408.726322	410.396000
179519.997034	405.327000
179524.379899	405.127000
179624.976306	400.448000
179625.215123	400.437000
179738.039335	395.342000
179747.449198	394.906000
179848.582673	390.217000
179851.606488	390.076000
179947.165429	385.599000
179960.833636	384.951000
180063.978659	380.081000
180066.330820	379.967000
180163.709313	375.273000
180173.713959	374.776000
180266.585433	370.228000
180279.825666	369.562000
180369.584939	365.127000
180380.385709	364.580000
180471.139701	360.144000
180483.608569	359.503000
180579.010504	355.093000
180594.084154	354.326000
180691.004646	349.919000
180705.251984	349.213000
180802.539183	344.932000
180820.101536	344.079000
180917.751255	339.886000
180937.642507	338.969000
181041.987364	334.400000
181057.654852	333.681000
181145.162637	329.779000
181169.521447	328.662000
181265.823616	324.327000
181286.873223	323.373000
181379.870457	319.214000
181401.318547	318.264000
181495.407633	314.026000
181520.408220	312.979000
181611.635680	309.113000
181639.623085	307.959000
181735.153603	303.864000
181769.096652	302.446000
181857.605183	298.680000
181877.931657	297.810000
181973.589800	293.920000
182017.534101	292.052000
182098.780858	288.916000
182140.357649	287.172000
182237.535528	283.681000
182278.361920	282.056000
182372.379523	278.949000
182430.640892	276.755000
182521.719032	274.037000
182595.101564	271.601000
182712.582519	268.793000
182781.352804	266.612000
182912.701605	263.996000
183008.341149	261.292000
183164.154993	259.101000
183277.663932	256.228000
183477.736772	261.292000
183670.032817	263.996000
183762.559831	266.612000
183872.067375	268.793000
183960.607935	271.601000
184062.525174	274.037000
184144.402728	276.755000
184217.922022	278.949000
184300.427980	282.056000
184349.600366	283.681000
184437.308019	287.172000
184485.855203	288.916000
184560.617140	292.052000
184609.012849	293.920000
184700.524268	297.810000
184721.918249	298.680000
184809.906181	302.446000
184843.232016	303.864000
184941.255139	307.959000
184968.176315	309.113000
185061.936546	312.979000
185086.643000	314.026000
185187.839262	318.264000
185208.930492	319.214000
185302.827969	323.373000
185324.159866	324.327000
185419.809810	328.662000
185444.624002	329.779000
185529.716281	333.681000
185545.840858	334.400000
185645.402405	338.969000
185666.344457	339.886000
185757.297584	344.079000
185777.162886	344.932000
185865.304073	349.213000
185881.348166	349.919000
185970.283042	354.326000
185987.151210	355.093000
186073.819782	359.503000
186087.686594	360.144000
186173.976608	364.580000
186185.167418	365.127000
186272.738558	369.562000
186286.217628	370.228000
186376.632909	374.776000
186386.781793	375.273000
186481.272356	379.967000
186483.637321	380.081000
186584.119991	384.951000
186597.844421	385.599000
186692.277390	390.076000
186695.286952	390.217000
186795.844907	394.906000
186805.248660	395.342000
186915.210245	400.437000
186915.453830	400.448000
187017.037812	405.127000
187021.337723	405.327000
187132.421434	410.396000
187133.848263	410.461000
187235.508822	415.167000
187241.702515	415.453000
187351.585177	420.465000
187354.592304	420.606000
187454.769157	425.214000
187461.310224	425.527000
187564.016264	430.208000
187577.601061	430.860000
187678.132122	435.436000
187681.581313	435.603000
187783.346420	440.307000
187792.066450	440.736000
187883.731097	445.054000
187899.678722	445.844000
187996.238564	450.473000
188006.007382	450.952000
188091.266713	455.120000
188104.523982	455.775000
188193.829606	460.219000
188208.402690	460.935000
188298.487254	465.384000
188308.486325	465.863000
188397.172438	470.271000
188413.335012	471.035000
188491.042640	474.886000
188510.547931	475.799000
188608.202769	480.636000
188616.308534	481.018000
188697.336632	485.093000
188713.984495	485.881000
188795.441479	490.016000
188812.376666	490.828000
188905.680732	495.543000
188913.209725	495.899000
188999.830263	500.264000
189011.475752	500.816000
189093.463548	504.993000
189112.562342	505.892000
189205.637090	510.628000
189211.577316	510.905000
189293.378313	515.009000
189313.404936	515.951000
189399.612939	520.310000
189419.799264	521.262000
189501.282822	525.407000
189518.130376	526.200000
189596.797086	530.132000
189628.215916	531.621000
189706.618539	535.482000
189731.307060	536.643000
189805.912504	540.271000
189839.707545	541.860000
189908.372840	545.240000
189950.745583	547.207000
190015.619307	550.396000
190065.431163	552.740000
190117.102857	555.319000
190156.140575	557.222000
190222.481464	560.510000
190281.092312	563.398000
190318.556609	565.259000
190374.027377	567.944000
190424.404231	570.435000
190491.427959	573.708000
190528.655535	575.583000
190585.382385	578.414000
190617.958414	580.041000
190697.211543	584.004000
190725.163668	585.387000
190800.270748	589.133000
190824.478292	590.322000
190897.918543	593.970000
190918.252673	594.976000
191013.161202	599.676000
191024.086705	600.215000
191108.141287	604.365000
191126.700501	605.275000
191217.082785	609.742000
191221.299396	609.946000
191323.791011	614.938000
191326.096624	615.047000
191432.917052	620.125000
191433.588966	620.156000
191529.765649	624.711000
191540.913982	625.251000
191636.295710	629.762000
191651.590756	630.487000
191748.899928	635.066000
191765.114572	635.831000
191840.804342	639.443000
191864.395049	640.576000
191951.668920	644.808000
191973.666105	645.863000
192053.105532	649.733000
192085.766349	651.291000
192152.253976	654.497000
192182.437788	655.922000
192266.594958	659.955000
192292.871814	661.171000
192375.555130	665.158000
192401.802997	666.365000
192483.651146	670.252000
192505.745403	671.262000
192591.256366	675.264000
192612.531842	676.219000
192709.068243	680.725000
192725.604200	681.456000
192816.490853	685.713000
192836.304659	686.579000
192930.728455	690.946000
192939.428936	691.321000
193042.314403	695.965000
193054.657282	696.486000
193168.273394	701.538000
193171.578260	701.679000
193271.073655	706.200000
193278.364369	706.510000
193393.013480	711.622000
193397.039437	711.800000
193511.069068	716.654000
193512.378621	716.712000
193625.582431	721.468000
193638.144093	722.031000
193753.026841	726.860000
193755.164889	726.956000
193864.858655	731.529000
193888.946883	732.597000
193980.852778	736.508000
193997.532920	737.234000
194107.011532	741.883000
194125.768599	742.696000
194212.605052	746.330000
194248.480503	747.857000
194344.373118	751.774000
194370.618629	752.874000
194463.099983	756.568000
194503.570973	758.249000
194585.212831	761.437000
194624.386219	763.056000
194719.383721	766.695000
194766.005815	768.581000
194842.983063	771.533000
194895.081928	773.590000
194974.511296	776.646000
195025.367244	778.612000
195096.692071	781.338000
195164.652634	783.938000
195237.367695	786.666000
195302.812336	789.177000
195370.304351	791.687000
195430.004222	793.950000
195494.070567	796.300000
195579.663426	799.545000
195638.906636	801.682000
195710.253463	804.383000
195774.452244	806.688000
195858.079349	809.887000
195905.608166	811.571000
195976.919037	814.309000
196035.579609	816.435000
196142.540898	820.512000
196187.809388	822.142000
196257.969494	824.789000
196306.371895	826.486000
196409.680824	830.260000
196449.574873	831.612000
196563.304075	835.709000
196612.306803	837.345000
196699.431247	840.422000
196730.426067	841.453000
196853.125253	845.705000
196893.341472	847.005000
197020.641002	851.273000
197048.148181	852.137000
197152.389463	855.657000
197192.913126	856.878000
197328.930439	861.510000
197343.562118	861.959000
197476.877144	866.446000
197509.066379	867.425000
197633.918340	871.471000
197652.459100	872.022000
197803.415360	876.717000
197814.919244	877.046000
197983.726879	882.148000
197998.338707	882.547000
198138.114510	886.678000
198161.723215	887.323000
198325.090816	892.037000
198328.810758	892.142000
198513.961152	897.169000
198522.290989	897.393000
198692.857083	902.187000
198699.435603	902.359000
198878.231792	907.125000
198886.736350	907.335000
199082.001207	912.205000
199088.547674	912.361000
199293.602814	917.323000
199299.931059	917.470000
199502.019743	922.229000
199510.088398	922.408000
199722.987472	927.215000
199740.128116	927.604000
199956.406193	932.097000
