0.000000	500.000000
81.770351	495.899000
88.488587	495.543000
182.708348	490.828000
197.993138	490.016000
279.599195	485.881000
294.371540	485.093000
375.726098	481.018000
382.948087	480.636000
479.893039	475.799000
497.392802	474.886000
575.045076	471.035000
589.681992	470.271000
677.790577	465.863000
686.943099	465.384000
774.816765	460.935000
788.576794	460.219000
874.380716	455.775000
886.882933	455.120000
966.954102	450.952000
976.244324	450.473000
1065.781105	445.844000
1081.374530	445.054000
1164.130641	440.736000
1172.732152	440.307000
1263.447393	435.603000
1266.852625	435.436000
1356.376229	430.860000
1369.853624	430.208000
1462.153644	425.527000
1468.616277	425.214000
1559.720534	420.606000
1562.608121	420.465000
1663.515772	415.453000
1669.416840	415.167000
1765.463859	410.461000
1766.787538	410.396000
1871.492109	405.327000
1875.617131	405.127000
1970.498401	400.448000
1970.723406	400.437000
2076.782865	395.342000
2085.654364	394.906000
2181.008582	390.217000
2183.861397	390.076000
2274.062862	385.599000
2286.981232	384.951000
2384.424974	380.081000
2386.653218	379.967000
2478.850110	375.273000
2488.351132	374.776000
2576.422431	370.228000
2589.011375	369.562000
2674.207076	365.127000
2684.483202	364.580000
2770.530266	360.144000
2782.410031	359.503000
2872.330245	355.093000
2886.678053	354.326000
2977.859649	349.919000
2991.386479	349.213000
3082.559481	344.932000
3099.200245	344.079000
3190.435162	339.886000
3209.177819	338.969000
3306.906158	334.400000
3321.661395	333.681000
3403.800124	329.779000
3426.738641	328.662000
3517.232997	324.327000
3537.028744	323.373000
3624.350542	319.214000
3644.466603	318.264000
3732.887724	314.026000
3756.170393	312.979000
3841.261091	309.113000
3867.270972	307.959000
3956.506531	303.864000
3988.106831	302.446000
4070.704749	298.680000
4089.688170	297.810000
4178.417901	293.920000
4219.422470	292.052000
4294.213551	288.916000
4332.941634	287.172000
4421.363565	283.681000
4459.117796	282.056000
4543.359104	278.949000
4596.785684	276.755000
4676.633346	274.037000
4742.443326	271.601000
4839.366495	268.793000
4900.471628	266.612000
5001.941225	263.996000
5084.703119	261.292000
5186.234258	259.101000
5281.541232	256.228000
5461.556661	253.907000
5585.007339	250.909000
5695.909561	249.006000
5839.853575	245.758000
5912.831272	244.176000
6093.187490	240.610000
6215.539806	238.619000
6351.999054	235.224000
6447.345529	233.968000
6617.265486	230.037000
6908.180990	228.921000
7103.636480	224.914000
7353.528787	230.037000
8378.249975	233.968000
8432.541368	235.224000
8690.265320	238.619000
8770.291936	240.610000
8989.432247	244.176000
9069.444456	245.758000
9219.274772	249.006000
9303.611428	250.909000
9478.327592	253.907000
9573.900982	256.228000
9796.729214	259.101000
9869.411979	261.292000
9994.715584	263.996000
10074.784044	266.612000
10159.380829	268.793000
10238.052637	271.601000
10322.135557	274.037000
10395.563934	276.755000
10460.017860	278.949000
10535.677105	282.056000
10579.736367	283.681000
10660.844072	287.172000
10705.017044	288.916000
10774.656533	292.052000
10819.206832	293.920000
10904.596432	297.810000
10924.440871	298.680000
11006.615083	302.446000
11037.715414	303.864000
11128.972981	307.959000
11154.120194	309.113000
11241.255550	312.979000
11264.300030	314.026000
11358.542579	318.264000
11378.363264	319.214000
11466.429259	323.373000
11486.459313	324.327000
11576.411686	328.662000
11599.729378	329.779000
11679.860172	333.681000
11694.995422	334.400000
11788.759925	338.969000
11808.374039	339.886000
11894.075196	344.079000
11912.635507	344.932000
11996.151466	349.213000
12011.187238	349.919000
12095.624543	354.326000
12111.493906	355.093000
12193.989129	359.503000
12207.059164	360.144000
12289.272332	364.580000
12299.882734	365.127000
12383.200131	369.562000
12395.993894	370.228000
12481.961634	374.776000
12491.585961	375.273000
12581.319962	379.967000
12583.559085	380.081000
12678.748113	384.951000
12691.713933	385.599000
12780.966317	390.076000
12783.807149	390.217000
12878.678397	394.906000
12887.544774	395.342000
12991.215157	400.437000
12991.444137	400.448000
13087.152919	405.127000
13091.208540	405.327000
13195.757214	410.396000
13197.099845	410.461000
13292.934235	415.167000
13298.771347	415.453000
13402.184470	420.465000
13405.023253	420.606000
13499.392077	425.214000
13505.580366	425.527000
13602.230787	430.208000
13615.086932	430.860000
13709.676742	435.436000
13712.943884	435.603000
13808.861327	440.307000
13817.134464	440.736000
13903.710975	445.054000
13918.851625	445.844000
14010.221201	450.473000
14019.486295	450.952000
14100.324803	455.120000
14112.907964	455.775000
14197.732169	460.219000
14211.556563	460.935000
14297.057078	465.384000
14306.517965	465.863000
14390.744096	470.271000
14406.015185	471.035000
14479.793671	474.886000
14498.203572	475.799000
14590.915896	480.636000
14598.572082	481.018000
14675.612925	485.093000
14691.344800	485.881000
14768.862119	490.016000
14784.887299	490.828000
14873.640725	495.543000
14880.754667	495.899000
14963.128551	500.264000
14974.134948	500.816000
15052.183846	504.993000
15070.221037	505.892000
15158.814014	510.628000
15164.418329	510.905000
15242.176112	515.009000
15261.088100	515.951000
15343.096177	520.310000
15362.164352	521.262000
15439.722185	525.407000
15455.633203	526.200000
15530.384603	530.132000
15560.078642	531.621000
15634.470544	535.482000
15657.784344	536.643000
15728.483644	540.271000
15760.396364	541.860000
15825.546222	545.240000
15865.503003	547.207000
15927.047020	550.396000
15974.088589	552.740000
16023.181700	555.319000
16060.184653	557.222000
16123.171718	560.510000
16178.787483	563.398000
16214.365657	565.259000
16266.907192	567.944000
16314.726340	570.435000
16378.267876	573.708000
16413.668569	575.583000
16467.563998	578.414000
16498.516389	580.041000
16573.828129	584.004000
16600.362680	585.387000
16671.716702	589.133000
16694.679898	590.322000
16764.422706	593.970000
16783.725449	594.976000
16873.828629	599.676000
16884.197077	600.215000
16963.972174	604.365000
16981.574343	605.275000
17067.363690	609.742000
17071.357434	609.946000
17168.498525	614.938000
17170.676998	615.047000
17271.666281	620.125000
17272.299452	620.156000
17363.189968	624.711000
17373.750351	625.251000
17463.876064	629.762000
17478.331755	630.487000
17570.228890	635.066000
17585.546043	635.831000
17657.133137	639.443000
17679.460077	640.576000
17762.140529	644.808000
17782.956299	645.863000
17858.250189	649.733000
17889.139390	651.291000
17952.091284	654.497000
17980.606423	655.922000
18060.237053	659.955000
18085.007099	661.171000
18163.293521	665.158000
18188.018752	666.365000
18265.390775	670.252000
18286.189426	671.262000
18366.896934	675.264000
18386.882704	676.219000
18477.969848	680.725000
18493.475204	681.456000
18579.263919	685.713000
18597.817134	686.579000
18686.820437	690.946000
18694.953235	691.321000
18791.664591	695.965000
18803.171260	696.486000
18909.780872	701.538000
18912.866107	701.679000
19006.462822	706.200000
19013.266048	706.510000
19120.880240	711.622000
19124.655345	711.800000
19231.075960	716.654000
19232.304173	716.712000
19337.773574	721.468000
19349.571640	722.031000
19456.612461	726.860000
19458.620972	726.956000
19560.715280	731.529000
19583.310207	732.597000
19669.079867	736.508000
19684.690741	737.234000
19786.832092	741.883000
19804.377653	742.696000
19885.239387	746.330000
19918.720525	747.857000
20007.722951	751.774000
20032.167541	752.874000
20117.733187	756.568000
20155.381864	758.249000
20230.668246	761.437000
20267.085265	763.056000
20354.432639	766.695000
20397.646203	768.581000
20468.436657	771.533000
20516.558509	773.590000
20589.640659	776.646000
20636.466734	778.612000
20702.024796	781.338000
20764.500206	783.938000
20831.141030	786.666000
20891.330440	789.177000
20953.097455	791.687000
21007.900055	793.950000
21066.399562	796.300000
21144.972985	799.545000
21198.916177	801.682000
21264.397004	804.383000
21322.805818	806.688000
21399.681963	809.887000
21442.824630	811.571000
21508.416297	814.309000
21561.871882	816.435000
21660.143964	820.512000
21701.350081	822.142000
21765.706971	824.789000
21809.560679	826.486000
21903.828753	830.260000
21939.748624	831.612000
22043.280077	835.709000
22087.274912	837.345000
22166.314309	840.422000
22194.121743	841.453000
22305.056220	845.705000
22340.931452	847.005000
22455.314706	851.273000
22479.706047	852.137000
22573.498839	855.657000
22609.104097	856.878000
22731.683490	861.510000
22744.592240	861.959000
22864.469517	866.446000
22892.811843	867.425000
23004.243982	871.471000
23020.482840	872.022000
23154.055986	876.717000
23164.039353	877.046000
23312.462756	882.148000
23324.994395	882.547000
23447.258483	886.678000
23467.508872	887.323000
23609.593570	892.037000
23612.811297	892.142000
23771.362202	897.169000
23778.476970	897.393000
23925.857237	902.187000
23931.432737	902.359000
24083.783484	907.125000
24090.871507	907.335000
24254.106034	912.205000
24259.501730	912.361000
24429.336312	917.323000
24434.508921	917.470000
24600.437292	922.229000
24606.929516	922.408000
24779.287302	927.215000
24793.188333	927.604000
24963.059011	932.097000
24982.602358	932.622000
25165.632861	937.407000
25169.810489	937.516000
25349.267173	942.196000
25367.456366	942.662000
25540.609789	947.085000
25565.054961	947.704000
25746.936799	952.164000
25776.386827	952.884000
25961.223403	957.385000
25963.194272	957.434000
26143.918854	961.932000
26187.929342	962.959000
26380.251747	967.435000
26401.903688	967.924000
26598.360505	972.128000
26613.164148	972.451000
26833.715749	977.004000
26882.542572	978.083000
27094.653933	982.195000
27121.653092	982.771000
27318.133372	986.758000
27376.967400	987.924000
27535.416290	991.076000
27628.567981	992.804000
27750.115549	995.084000
27908.786894	997.855000
27929.512818	998.206000
28079.733780	1000.847000
28119.349024	1001.484000
28163.643537	1002.187000
28164.345330	1002.198000
28167.185189	1002.242000
28173.582068	1002.341000
28176.375932	1002.384000
28178.902858	1002.423000
28180.597728	1002.449000
28182.880068	1002.484000
28193.460595	1002.646000
28194.841697	1002.667000
28199.539742	1002.746000
28206.933114	1002.858000
28211.307076	1002.924000
28213.097503	1002.951000
28297.413398	1004.241000
28433.862993	1006.265000
28572.623521	1008.185000
28582.360442	1008.312000
28784.752472	1011.069000
28932.870041	1012.790000
29007.712000	1013.694000
29271.924244	1016.486000
29461.966157	1018.260000
29548.571495	1019.081000
29917.819383	1022.122000
30032.419132	1023.017000
30282.548817	1025.063000
30789.402331	1028.037000
30897.024442	1028.514000
31675.648986	1025.063000
32024.345116	1023.017000
32133.761571	1022.122000
32523.144630	1019.081000
32622.833060	1018.260000
32809.968102	1016.486000
33109.064506	1013.694000
33194.611737	1012.790000
33337.092944	1011.069000
33574.373676	1008.312000
33583.696776	1008.185000
33730.900611	1006.265000
33877.177334	1004.241000
33964.143727	1002.951000
33965.908478	1002.924000
33970.285078	1002.858000
33977.707559	1002.746000
33982.922526	1002.667000
33984.171374	1002.646000
33994.825591	1002.484000
33997.111508	1002.449000
33998.806960	1002.423000
34001.349265	1002.384000
34004.135363	1002.341000
34010.567747	1002.242000
34013.410805	1002.198000
34014.120770	1002.187000
34058.971727	1001.484000
34099.107722	1000.847000
34263.352399	998.206000
34283.317396	997.855000
34446.940003	995.084000
34577.496000	992.804000
34669.616262	991.076000
34839.531847	987.924000
34898.145871	986.758000
35099.321917	982.771000
35127.707330	982.195000
35320.451323	978.083000
35376.109922	977.004000
35582.141920	972.451000
35597.788344	972.128000
35790.464863	967.924000
35813.316286	967.435000
36011.504608	962.959000
36055.632202	961.932000
36248.386998	957.434000
36250.355763	957.385000
36431.394138	952.884000
36460.961420	952.164000
36643.387982	947.704000
36668.631223	947.085000
36843.301651	942.662000
36861.544811	942.196000
37044.217388	937.516000
37048.397042	937.407000
37231.791080	932.622000
37251.872796	932.097000
37419.126622	927.604000
37433.833876	927.215000
37605.613458	922.408000
37612.031607	922.229000
37784.637728	917.470000
37789.763064	917.323000
37964.365019	912.361000
37969.704437	912.205000
38138.147005	907.335000
38145.185866	907.125000
38306.050235	902.359000
38311.548415	902.187000
38466.949274	897.393000
38473.835628	897.169000
38633.504989	892.142000
38636.816675	892.037000
38781.277281	887.323000
38800.718229	886.678000
38930.414909	882.547000
38942.224004	882.148000
39102.465659	877.046000
39112.036670	876.717000
39254.504481	872.022000
39270.180478	871.471000
39389.422615	867.425000
39416.385558	866.446000
39546.285470	861.959000
39558.281212	861.510000
39691.451209	856.878000
39723.763264	855.657000
39826.409054	852.137000
39849.430921	851.273000
39969.919632	847.005000
40004.759892	845.705000
40122.099500	841.453000
40148.998240	840.422000
40231.989004	837.345000
40274.013200	835.709000
40384.188530	831.612000
40418.353657	830.260000
40518.621106	826.486000
40561.009268	824.789000
40629.412783	822.142000
40669.043207	820.512000
40772.109058	816.435000
40823.354201	814.309000
40892.197754	811.571000
40932.539743	809.887000
41014.495440	806.688000
41069.887598	804.383000
41138.331072	801.682000
41190.138746	799.545000
41272.050612	796.300000
41328.952782	793.950000
41385.286564	791.687000
41446.070710	789.177000
41507.862334	786.666000
41573.253297	783.938000
41636.767279	781.338000
41702.270344	778.612000
41749.551030	776.646000
41822.338663	773.590000
41871.530411	771.533000
41940.590064	768.581000
41985.817299	766.695000
42069.197022	763.056000
42108.058083	761.437000
42179.767445	758.249000
42219.465189	756.568000
42302.198211	752.874000
42327.677965	751.774000
42414.722927	747.857000
42449.419558	746.330000
42529.098966	742.696000
42547.189387	741.883000
42647.520642	737.234000
42663.471303	736.508000
42747.567900	732.597000
42770.989530	731.529000
42867.737285	726.956000
42869.880528	726.860000
42970.912831	722.031000
42983.392430	721.468000
43083.057796	716.712000
43084.344008	716.654000
43187.132772	711.800000
43191.035300	711.622000
43299.452925	706.510000
43305.978824	706.200000
43405.196187	701.679000
43408.115262	701.538000
43518.658557	696.486000
43529.652937	695.965000
43632.219100	691.321000
43640.028480	690.946000
43734.737615	686.579000
43752.387457	685.713000
43843.589574	681.456000
43858.320970	680.725000
43953.898445	676.219000
43973.203421	675.264000
44056.955307	671.262000
44077.323769	670.252000
44157.367686	666.365000
44181.393421	665.158000
44263.066574	661.171000
44286.943245	659.955000
44369.095873	655.922000
44397.232160	654.497000
44461.386219	651.291000
44491.978562	649.733000
44568.705911	645.863000
44589.231764	644.808000
44672.731612	640.576000
44694.866998	639.443000
44766.045206	635.831000
44781.206924	635.066000
44872.889592	630.487000
44887.439804	629.762000
44977.384112	625.251000
44988.172826	624.711000
45077.251608	620.156000
45077.870182	620.125000
45181.587676	615.047000
45183.755426	614.938000
45283.525461	609.946000
45287.495169	609.742000
45374.946404	605.275000
45392.423078	604.365000
45472.696706	600.215000
45483.057857	599.676000
45573.469187	594.976000
45592.755101	593.970000
45662.751531	590.322000
45685.482945	589.133000
45757.829567	585.387000
45784.173030	584.004000
45860.208044	580.041000
45891.127095	578.414000
45944.984637	575.583000
45980.680125	573.708000
46042.475577	570.435000
46090.835480	567.944000
46142.378801	565.259000
46178.795858	563.398000
46234.007983	560.510000
46297.326763	557.222000
46333.781868	555.319000
46383.929327	552.740000
46428.549045	550.396000
46492.548858	547.207000
46530.509687	545.240000
46599.169534	541.860000
46629.797677	540.271000
46702.660704	536.643000
46725.285259	535.482000
46802.817199	531.621000
46831.506539	530.132000
46909.919543	526.200000
46924.995296	525.407000
47008.161963	521.262000
47025.975004	520.310000
47113.284014	515.951000
47131.006337	515.009000
47213.399964	510.905000
47218.648235	510.628000
47314.467863	505.892000
47331.284815	504.993000
47415.090540	500.816000
47425.404878	500.264000
47512.439158	495.899000
47519.157395	495.543000
47613.377156	490.828000
47628.661945	490.016000
47710.268002	485.881000
47725.040347	485.093000
47806.394906	481.018000
47813.616894	480.636000
47910.561847	475.799000
47928.061609	474.886000
48005.713883	471.035000
48020.350799	470.271000
48108.459385	465.863000
48117.611907	465.384000
48205.485572	460.935000
48219.245601	460.219000
48305.049523	455.775000
48317.551740	455.120000
48397.622909	450.952000
48406.913131	450.473000
48496.449913	445.844000
48512.043338	445.054000
48594.799448	440.736000
48603.400959	440.307000
48694.116200	435.603000
48697.521433	435.436000
48787.045037	430.860000
48800.522431	430.208000
48892.822452	425.527000
48899.285084	425.214000
48990.389341	420.606000
48993.276929	420.465000
49094.184579	415.453000
49100.085647	415.167000
49196.132666	410.461000
49197.456346	410.396000
49302.160917	405.327000
49306.285938	405.127000
49401.167208	400.448000
49401.392213	400.437000
49507.451672	395.342000
49516.323171	394.906000
49611.677390	390.217000
49614.530204	390.076000
49704.731669	385.599000
49717.650040	384.951000
49815.093781	380.081000
49817.322025	379.967000
49909.518917	375.273000
49919.019939	374.776000
50007.091238	370.228000
50019.680182	369.562000
50104.875883	365.127000
50115.152009	364.580000
50201.199073	360.144000
50213.078839	359.503000
50302.999052	355.093000
50317.346861	354.326000
50408.528456	349.919000
50422.055286	349.213000
50513.228288	344.932000
50529.869053	344.079000
50621.103969	339.886000
50639.846626	338.969000
50737.574966	334.400000
50752.330203	333.681000
50834.468931	329.779000
50857.407449	328.662000
50947.901804	324.327000
50967.697551	323.373000
51055.019350	319.214000
51075.135410	318.264000
51163.556532	314.026000
51186.839200	312.979000
51271.929898	309.113000
51297.939779	307.959000
51387.175338	303.864000
51418.775639	302.446000
51501.373557	298.680000
51520.356978	297.810000
51609.086709	293.920000
51650.091278	292.052000
51724.882359	288.916000
51763.610442	287.172000
51852.032372	283.681000
51889.786603	282.056000
51974.027911	278.949000
52027.454491	276.755000
52107.302153	274.037000
52173.112133	271.601000
52270.035303	268.793000
52331.140435	266.612000
52432.610032	263.996000
52515.371926	261.292000
52616.903065	259.101000
52712.210040	256.228000
52892.225469	253.907000
53015.676146	250.909000
53126.578368	249.006000
53270.522382	245.758000
53343.500079	244.176000
53523.856297	240.610000
53646.208613	238.619000
53782.667861	235.224000
53878.014336	233.968000
54047.934293	230.037000
54338.849797	228.921000
54534.305287	224.914000
54784.197594	230.037000
55808.918783	233.968000
55863.210176	235.224000
56120.934128	238.619000
56200.960744	240.610000
56420.101054	244.176000
56500.113263	245.758000
56649.943579	249.006000
56734.280235	250.909000
56908.996400	253.907000
57004.569790	256.228000
57227.398022	259.101000
57300.080786	261.292000
57425.384392	263.996000
57505.452851	266.612000
57590.049637	268.793000
57668.721444	271.601000
57752.804365	274.037000
57826.232742	276.755000
57890.686668	278.949000
57966.345913	282.056000
58010.405174	283.681000
58091.512879	287.172000
58135.685852	288.916000
58205.325340	292.052000
58249.875640	293.920000
58335.265240	297.810000
58355.109678	298.680000
58437.283891	302.446000
58468.384222	303.864000
58559.641789	307.959000
58584.789001	309.113000
58671.924357	312.979000
58694.968837	314.026000
58789.211386	318.264000
58809.032072	319.214000
58897.098066	323.373000
58917.128121	324.327000
59007.080494	328.662000
59030.398186	329.779000
59110.528980	333.681000
59125.664230	334.400000
59219.428732	338.969000
59239.042846	339.886000
59324.744004	344.079000
59343.304315	344.932000
59426.820274	349.213000
59441.856045	349.919000
59526.293351	354.326000
59542.162714	355.093000
59624.657936	359.503000
59637.727972	360.144000
59719.941139	364.580000
59730.551541	365.127000
59813.868939	369.562000
59826.662702	370.228000
59912.630442	374.776000
59922.254768	375.273000
60011.988769	379.967000
60014.227893	380.081000
60109.416920	384.951000
60122.382741	385.599000
60211.635125	390.076000
60214.475957	390.217000
60309.347205	394.906000
60318.213581	395.342000
60421.883964	400.437000
60422.112945	400.448000
60517.821726	405.127000
60521.877348	405.327000
60626.426021	410.396000
60627.768652	410.461000
60723.603042	415.167000
60729.440154	415.453000
60832.853277	420.465000
60835.692060	420.606000
60930.060885	425.214000
60936.249173	425.527000
61032.899594	430.208000
61045.755739	430.860000
61140.345550	435.436000
61143.612692	435.603000
61239.530134	440.307000
61247.803272	440.736000
61334.379782	445.054000
61349.520432	445.844000
61440.890009	450.473000
61450.155102	450.952000
61530.993610	455.120000
61543.576771	455.775000
61628.400976	460.219000
61642.225370	460.935000
61727.725885	465.384000
61737.186772	465.863000
61821.412904	470.271000
61836.683992	471.035000
61910.462479	474.886000
61928.872379	475.799000
62021.584704	480.636000
62029.240890	481.018000
62106.281732	485.093000
62122.013608	485.881000
62199.530927	490.016000
62215.556106	490.828000
62304.309532	495.543000
62311.423474	495.899000
62393.797358	500.264000
62404.803755	500.816000
62482.852653	504.993000
62500.889844	505.892000
62589.482822	510.628000
62595.087137	510.905000
62672.844920	515.009000
62691.756907	515.951000
62773.764984	520.310000
62792.833160	521.262000
62870.390993	525.407000
62886.302010	526.200000
62961.053411	530.132000
62990.747450	531.621000
63065.139351	535.482000
63088.453151	536.643000
63159.152452	540.271000
63191.065172	541.860000
63256.215030	545.240000
63296.171811	547.207000
63357.715828	550.396000
63404.757396	552.740000
63453.850508	555.319000
63490.853461	557.222000
63553.840526	560.510000
63609.456291	563.398000
63645.034464	565.259000
63697.575999	567.944000
63745.395148	570.435000
63808.936683	573.708000
63844.337377	575.583000
63898.232805	578.414000
63929.185197	580.041000
64004.496937	584.004000
64031.031487	585.387000
64102.385509	589.133000
64125.348705	590.322000
64195.091513	593.970000
64214.394257	594.976000
64304.497436	599.676000
64314.865884	600.215000
64394.640981	604.365000
64412.243150	605.275000
64498.032498	609.742000
64502.026241	609.946000
64599.167333	614.938000
64601.345805	615.047000
64702.335088	620.125000
64702.968259	620.156000
64793.858776	624.711000
64804.419158	625.251000
64894.544871	629.762000
64909.000562	630.487000
65000.897698	635.066000
65016.214850	635.831000
65087.801944	639.443000
65110.128885	640.576000
65192.809337	644.808000
65213.625107	645.863000
65288.918996	649.733000
65319.808198	651.291000
65382.760092	654.497000
65411.275230	655.922000
65490.905861	659.955000
65515.675907	661.171000
65593.962329	665.158000
65618.687560	666.365000
65696.059583	670.252000
65716.858234	671.262000
65797.565741	675.264000
65817.551511	676.219000
65908.638655	680.725000
65924.144011	681.456000
66009.932727	685.713000
66028.485941	686.579000
66117.489245	690.946000
66125.622042	691.321000
66222.333399	695.965000
66233.840068	696.486000
66340.449680	701.538000
66343.534914	701.679000
66437.131630	706.200000
66443.934855	706.510000
66551.549048	711.622000
66555.324153	711.800000
66661.744767	716.654000
66662.972981	716.712000
66768.442382	721.468000
66780.240448	722.031000
66887.281269	726.860000
66889.289780	726.956000
66991.384087	731.529000
67013.979014	732.597000
67099.748674	736.508000
67115.359549	737.234000
67217.500900	741.883000
67235.046460	742.696000
67315.908194	746.330000
67349.389333	747.857000
67438.391758	751.774000
67462.836348	752.874000
67548.401995	756.568000
67586.050671	758.249000
67661.337053	761.437000
67697.754072	763.056000
67785.101446	766.695000
67828.315010	768.581000
67899.105465	771.533000
67947.227316	773.590000
68020.309466	776.646000
68067.135541	778.612000
68132.693604	781.338000
68195.169014	783.938000
68261.809838	786.666000
68321.999247	789.177000
68383.766263	791.687000
68438.568862	793.950000
68497.068370	796.300000
68575.641792	799.545000
68629.584984	801.682000
68695.065811	804.383000
68753.474626	806.688000
68830.350770	809.887000
68873.493438	811.571000
68939.085104	814.309000
68992.540689	816.435000
69090.812772	820.512000
69132.018888	822.142000
69196.375778	824.789000
69240.229486	826.486000
69334.497561	830.260000
69370.417431	831.612000
69473.948884	835.709000
69517.943720	837.345000
69596.983116	840.422000
69624.790551	841.453000
69735.725027	845.705000
69771.600260	847.005000
69885.983513	851.273000
69910.374855	852.137000
70004.167646	855.657000
70039.772905	856.878000
70162.352297	861.510000
70175.261047	861.959000
70295.138325	866.446000
70323.480650	867.425000
70434.912790	871.471000
70451.151647	872.022000
70584.724793	876.717000
70594.708161	877.046000
70743.131563	882.148000
70755.663202	882.547000
70877.927290	886.678000
70898.177680	887.323000
71040.262378	892.037000
71043.480105	892.142000
71202.031010	897.169000
71209.145777	897.393000
71356.526044	902.187000
71362.101544	902.359000
71514.452292	907.125000
71521.540315	907.335000
71684.774841	912.205000
71690.170537	912.361000
71860.005119	917.323000
71865.177729	917.470000
72031.106099	922.229000
72037.598324	922.408000
72209.956109	927.215000
72223.857140	927.604000
72393.727818	932.097000
72413.271165	932.622000
72596.301668	937.407000
72600.479296	937.516000
72779.935981	942.196000
72798.125173	942.662000
72971.278597	947.085000
72995.723768	947.704000
73177.605607	952.164000
73207.055635	952.884000
73391.892210	957.385000
73393.863079	957.434000
73574.587661	961.932000
73618.598149	962.959000
73810.920554	967.435000
73832.572496	967.924000
74029.029313	972.128000
74043.832956	972.451000
74264.384557	977.004000
74313.211380	978.083000
74525.322741	982.195000
74552.321899	982.771000
74748.802180	986.758000
74807.636208	987.924000
74966.085097	991.076000
75059.236788	992.804000
75180.784356	995.084000
75339.455702	997.855000
75360.181625	998.206000
75510.402588	1000.847000
75550.017832	1001.484000
75594.312344	1002.187000
75595.014137	1002.198000
75597.853997	1002.242000
75604.250876	1002.341000
75607.044739	1002.384000
75609.571665	1002.423000
75611.266536	1002.449000
75613.548875	1002.484000
75624.129403	1002.646000
75625.510505	1002.667000
75630.208549	1002.746000
75637.601921	1002.858000
75641.975883	1002.924000
75643.766310	1002.951000
75728.082205	1004.241000
75864.531801	1006.265000
76003.292329	1008.185000
76013.029249	1008.312000
76215.421279	1011.069000
76363.538849	1012.790000
76438.380807	1013.694000
76702.593052	1016.486000
76892.634964	1018.260000
76979.240302	1019.081000
77348.488190	1022.122000
77463.087940	1023.017000
77713.217624	1025.063000
78220.071138	1028.037000
78327.693250	1028.514000
79106.317793	1025.063000
79455.013923	1023.017000
79564.430378	1022.122000
79953.813438	1019.081000
80053.501868	1018.260000
80240.636910	1016.486000
80539.733314	1013.694000
80625.280545	1012.790000
80767.761752	1011.069000
81005.042483	1008.312000
81014.365584	1008.185000
81161.569418	1006.265000
81307.846141	1004.241000
81394.812534	1002.951000
81396.577285	1002.924000
81400.953886	1002.858000
81408.376366	1002.746000
81413.591334	1002.667000
81414.840181	1002.646000
81425.494399	1002.484000
81427.780315	1002.449000
81429.475767	1002.423000
81432.018073	1002.384000
81434.804171	1002.341000
81441.236555	1002.242000
81444.079612	1002.198000
81444.789577	1002.187000
81489.640535	1001.484000
81529.776530	1000.847000
81694.021207	998.206000
81713.986204	997.855000
81877.608811	995.084000
82008.164807	992.804000
82100.285070	991.076000
82270.200654	987.924000
82328.814679	986.758000
82529.990725	982.771000
82558.376138	982.195000
82751.120131	978.083000
82806.778730	977.004000
83012.810727	972.451000
83028.457151	972.128000
83221.133670	967.924000
83243.985094	967.435000
83442.173415	962.959000
83486.301009	961.932000
83679.055805	957.434000
83681.024570	957.385000
83862.062946	952.884000
83891.630228	952.164000
84074.056789	947.704000
84099.300031	947.085000
84273.970459	942.662000
84292.213618	942.196000
84474.886196	937.516000
84479.065849	937.407000
84662.459887	932.622000
84682.541604	932.097000
84849.795429	927.604000
84864.502684	927.215000
85036.282265	922.408000
85042.700415	922.229000
85215.306536	917.470000
85220.431871	917.323000
85395.033826	912.361000
85400.373245	912.205000
85568.815813	907.335000
85575.854673	907.125000
85736.719042	902.359000
85742.217223	902.187000
85897.618082	897.393000
85904.504436	897.169000
86064.173797	892.142000
86067.485482	892.037000
86211.946088	887.323000
86231.387037	886.678000
86361.083717	882.547000
86372.892811	882.148000
86533.134467	877.046000
86542.705478	876.717000
86685.173289	872.022000
86700.849285	871.471000
86820.091423	867.425000
86847.054365	866.446000
86976.954277	861.959000
86988.950020	861.510000
87122.120017	856.878000
87154.432071	855.657000
87257.077862	852.137000
87280.099729	851.273000
87400.588440	847.005000
87435.428700	845.705000
87552.768307	841.453000
87579.667048	840.422000
87662.657811	837.345000
87704.682008	835.709000
87814.857338	831.612000
87849.022465	830.260000
87949.289914	826.486000
87991.678075	824.789000
88060.081591	822.142000
88099.712014	820.512000
88202.777866	816.435000
88254.023009	814.309000
88322.866561	811.571000
88363.208550	809.887000
88445.164247	806.688000
88500.556405	804.383000
88568.999879	801.682000
88620.807553	799.545000
88702.719419	796.300000
88759.621590	793.950000
88815.955371	791.687000
88876.739518	789.177000
88938.531142	786.666000
89003.922105	783.938000
89067.436087	781.338000
89132.939152	778.612000
89180.219838	776.646000
89253.007470	773.590000
89302.199218	771.533000
89371.258871	768.581000
89416.486106	766.695000
89499.865830	763.056000
89538.726890	761.437000
89610.436252	758.249000
89650.133996	756.568000
89732.867018	752.874000
89758.346772	751.774000
89845.391734	747.857000
89880.088365	746.330000
89959.767773	742.696000
89977.858194	741.883000
90078.189450	737.234000
90094.140110	736.508000
90178.236707	732.597000
90201.658338	731.529000
90298.406092	726.956000
90300.549336	726.860000
90401.581639	722.031000
90414.061237	721.468000
90513.726604	716.712000
90515.012816	716.654000
90617.801580	711.800000
90621.704107	711.622000
90730.121732	706.510000
90736.647632	706.200000
90835.864994	701.679000
90838.784069	701.538000
90949.327364	696.486000
90960.321744	695.965000
91062.887908	691.321000
91070.697287	690.946000
91165.406422	686.579000
91183.056264	685.713000
91274.258382	681.456000
91288.989777	680.725000
91384.567253	676.219000
91403.872229	675.264000
91487.624115	671.262000
91507.992576	670.252000
91588.036493	666.365000
91612.062228	665.158000
91693.735381	661.171000
91717.612053	659.955000
91799.764680	655.922000
91827.900968	654.497000
91892.055026	651.291000
91922.647369	649.733000
91999.374718	645.863000
92019.900572	644.808000
92103.400419	640.576000
92125.535805	639.443000
92196.714013	635.831000
92211.875731	635.066000
92303.558399	630.487000
92318.108612	629.762000
92408.052920	625.251000
92418.841633	624.711000
92507.920416	620.156000
92508.538990	620.125000
92612.256484	615.047000
92614.424233	614.938000
92714.194269	609.946000
92718.163977	609.742000
92805.615211	605.275000
92823.091886	604.365000
92903.365513	600.215000
92913.726665	599.676000
93004.137994	594.976000
93023.423909	593.970000
93093.420339	590.322000
93116.151753	589.133000
93188.498374	585.387000
93214.841837	584.004000
93290.876851	580.041000
93321.795903	578.414000
93375.653444	575.583000
93411.348933	573.708000
93473.144384	570.435000
93521.504287	567.944000
93573.047609	565.259000
93609.464666	563.398000
93664.676791	560.510000
93727.995570	557.222000
93764.450675	555.319000
93814.598134	552.740000
93859.217853	550.396000
93923.217666	547.207000
93961.178494	545.240000
94029.838342	541.860000
94060.466485	540.271000
94133.329511	536.643000
94155.954067	535.482000
94233.486007	531.621000
94262.175347	530.132000
94340.588350	526.200000
94355.664103	525.407000
94438.830770	521.262000
94456.643812	520.310000
94543.952821	515.951000
94561.675145	515.009000
94644.068771	510.905000
94649.317043	510.628000
94745.136670	505.892000
94761.953623	504.993000
94845.759347	500.816000
94856.073686	500.264000
94943.107965	495.899000
94949.826202	495.543000
95044.045963	490.828000
95059.330753	490.016000
95140.936809	485.881000
95155.709155	485.093000
95237.063713	481.018000
95244.285701	480.636000
95341.230654	475.799000
95358.730417	474.886000
95436.382691	471.035000
95451.019607	470.271000
95539.128192	465.863000
95548.280714	465.384000
95636.154379	460.935000
95649.914408	460.219000
95735.718330	455.775000
95748.220548	455.120000
95828.291717	450.952000
95837.581939	450.473000
95927.118720	445.844000
95942.712145	445.054000
96025.468256	440.736000
96034.069766	440.307000
96124.785008	435.603000
96128.190240	435.436000
96217.713844	430.860000
96231.191239	430.208000
96323.491259	425.527000
96329.953892	425.214000
96421.058148	420.606000
96423.945736	420.465000
96524.853387	415.453000
96530.754455	415.167000
96626.801474	410.461000
96628.125153	410.396000
96732.829724	405.327000
96736.954746	405.127000
96831.836016	400.448000
96832.061020	400.437000
96938.120480	395.342000
96946.991979	394.906000
97042.346197	390.217000
97045.199011	390.076000
97135.400477	385.599000
97148.318847	384.951000
97245.762588	380.081000
97247.990833	379.967000
97340.187725	375.273000
97349.688747	374.776000
97437.760046	370.228000
97450.348989	369.562000
97535.544691	365.127000
97545.820816	364.580000
97631.867881	360.144000
97643.747646	359.503000
97733.667859	355.093000
97748.015668	354.326000
97839.197264	349.919000
97852.724093	349.213000
97943.897095	344.932000
97960.537860	344.079000
98051.772777	339.886000
98070.515434	338.969000
98168.243773	334.400000
98182.999010	333.681000
98265.137738	329.779000
98288.076256	328.662000
98378.570612	324.327000
98398.366359	323.373000
98485.688157	319.214000
98505.804218	318.264000
98594.225339	314.026000
98617.508007	312.979000
98702.598705	309.113000
98728.608587	307.959000
98817.844146	303.864000
98849.444446	302.446000
98932.042364	298.680000
98951.025785	297.810000
99039.755516	293.920000
99080.760085	292.052000
99155.551166	288.916000
99194.279249	287.172000
99282.701180	283.681000
99320.455411	282.056000
99404.696718	278.949000
99458.123299	276.755000
99537.970961	274.037000
99603.780941	271.601000
99700.704110	268.793000
99761.809243	266.612000
99863.278840	263.996000
99946.040733	261.292000
100047.571873	259.101000
100142.878847	256.228000
100322.894276	253.907000
100446.344954	250.909000
100557.247175	249.006000
100701.191190	245.758000
100774.168887	244.176000
100954.525105	240.610000
101076.877420	238.619000
101213.336668	235.224000
101308.683144	233.968000
101478.603101	230.037000
101769.518605	228.921000
101964.974095	224.914000
102214.866401	230.037000
103239.587590	233.968000
103293.878983	235.224000
103551.602935	238.619000
103631.629551	240.610000
103850.769862	244.176000
103930.782071	245.758000
104080.612387	249.006000
104164.949043	250.909000
104339.665207	253.907000
104435.238597	256.228000
104658.066829	259.101000
104730.749594	261.292000
104856.053199	263.996000
104936.121659	266.612000
105020.718444	268.793000
105099.390252	271.601000
105183.473172	274.037000
105256.901549	276.755000
105321.355475	278.949000
105397.014720	282.056000
105441.073982	283.681000
105522.181687	287.172000
105566.354659	288.916000
105635.994148	292.052000
105680.544447	293.920000
105765.934047	297.810000
105785.778486	298.680000
105867.952698	302.446000
105899.053029	303.864000
105990.310596	307.959000
106015.457809	309.113000
106102.593165	312.979000
106125.637645	314.026000
106219.880194	318.264000
106239.700879	319.214000
106327.766874	323.373000
106347.796928	324.327000
106437.749301	328.662000
106461.066993	329.779000
106541.197787	333.681000
106556.333037	334.400000
106650.097540	338.969000
106669.711654	339.886000
106755.412811	344.079000
106773.973122	344.932000
106857.489081	349.213000
106872.524853	349.919000
106956.962158	354.326000
106972.831521	355.093000
107055.326744	359.503000
107068.396779	360.144000
107150.609947	364.580000
107161.220349	365.127000
107244.537746	369.562000
107257.331509	370.228000
107343.299249	374.776000
107352.923576	375.273000
107442.657577	379.967000
107444.896700	380.081000
107540.085728	384.951000
107553.051548	385.599000
107642.303932	390.076000
107645.144764	390.217000
107740.016012	394.906000
107748.882388	395.342000
107852.552772	400.437000
107852.781752	400.448000
107948.490534	405.127000
107952.546155	405.327000
108057.094829	410.396000
108058.437460	410.461000
108154.271850	415.167000
108160.108962	415.453000
108263.522085	420.465000
108266.360868	420.606000
108360.729692	425.214000
108366.917981	425.527000
108463.568402	430.208000
108476.424547	430.860000
108571.014357	435.436000
108574.281499	435.603000
108670.198942	440.307000
108678.472079	440.736000
108765.048590	445.054000
108780.189240	445.844000
108871.558816	450.473000
108880.823910	450.952000
108961.662418	455.120000
108974.245579	455.775000
109059.069784	460.219000
109072.894178	460.935000
109158.394693	465.384000
109167.855580	465.863000
109252.081711	470.271000
109267.352800	471.035000
109341.131286	474.886000
109359.541187	475.799000
109452.253511	480.636000
109459.909697	481.018000
109536.950540	485.093000
109552.682415	485.881000
109630.199734	490.016000
109646.224914	490.828000
109734.978340	495.543000
109742.092282	495.899000
109824.466166	500.264000
109835.472562	500.816000
109913.521461	504.993000
109931.558652	505.892000
110020.151629	510.628000
110025.755944	510.905000
110103.513727	515.009000
110122.425714	515.951000
110204.433792	520.310000
110223.501967	521.262000
110301.059800	525.407000
110316.970818	526.200000
110391.722218	530.132000
110421.416257	531.621000
110495.808159	535.482000
110519.121959	536.643000
110589.821259	540.271000
110621.733979	541.860000
110686.883837	545.240000
110726.840618	547.207000
110788.384635	550.396000
110835.426204	552.740000
110884.519315	555.319000
110921.522268	557.222000
110984.509333	560.510000
111040.125098	563.398000
111075.703272	565.259000
111128.244807	567.944000
111176.063955	570.435000
111239.605491	573.708000
111275.006184	575.583000
111328.901613	578.414000
111359.854004	580.041000
111435.165744	584.004000
111461.700295	585.387000
111533.054317	589.133000
111556.017513	590.322000
111625.760321	593.970000
111645.063064	594.976000
111735.166244	599.676000
111745.534692	600.215000
111825.309789	604.365000
111842.911958	605.275000
111928.701305	609.742000
111932.695049	609.946000
112029.836140	614.938000
112032.014612	615.047000
112133.003896	620.125000
112133.637067	620.156000
112224.527583	624.711000
112235.087966	625.251000
112325.213679	629.762000
112339.669370	630.487000
112431.566505	635.066000
112446.883658	635.831000
112518.470752	639.443000
112540.797692	640.576000
112623.478144	644.808000
112644.293914	645.863000
112719.587804	649.733000
112750.477005	651.291000
112813.428899	654.497000
112841.944038	655.922000
112921.574668	659.955000
112946.344714	661.171000
113024.631136	665.158000
113049.356367	666.365000
113126.728390	670.252000
113147.527041	671.262000
113228.234549	675.264000
113248.220319	676.219000
113339.307463	680.725000
113354.812819	681.456000
113440.601534	685.713000
113459.154749	686.579000
113548.158052	690.946000
113556.290850	691.321000
113653.002206	695.965000
113664.508875	696.486000
113771.118487	701.538000
113774.203722	701.679000
113867.800437	706.200000
113874.603662	706.510000
113982.217855	711.622000
113985.992960	711.800000
114092.413575	716.654000
114093.641788	716.712000
114199.111189	721.468000
114210.909255	722.031000
114317.950076	726.860000
114319.958587	726.956000
114422.052895	731.529000
114444.647822	732.597000
114530.417482	736.508000
114546.028356	737.234000
114648.169707	741.883000
114665.715268	742.696000
114746.577002	746.330000
114780.058140	747.857000
114869.060566	751.774000
114893.505156	752.874000
114979.070802	756.568000
115016.719479	758.249000
115092.005860	761.437000
115128.422880	763.056000
115215.770254	766.695000
115258.983818	768.581000
115329.774272	771.533000
115377.896124	773.590000
115450.978274	776.646000
115497.804349	778.612000
115563.362411	781.338000
115625.837821	783.938000
115692.478645	786.666000
115752.668055	789.177000
115814.435070	791.687000
115869.237670	793.950000
115927.737177	796.300000
116006.310600	799.545000
116060.253792	801.682000
116125.734619	804.383000
116184.143433	806.688000
116261.019578	809.887000
116304.162245	811.571000
116369.753911	814.309000
116423.209497	816.435000
116521.481579	820.512000
116562.687696	822.142000
116627.044586	824.789000
116670.898294	826.486000
116765.166368	830.260000
116801.086239	831.612000
116904.617692	835.709000
116948.612527	837.345000
117027.651924	840.422000
117055.459358	841.453000
117166.393835	845.705000
117202.269067	847.005000
117316.652321	851.273000
117341.043662	852.137000
117434.836454	855.657000
117470.441712	856.878000
117593.021105	861.510000
117605.929855	861.959000
117725.807132	866.446000
117754.149458	867.425000
117865.581597	871.471000
117881.820455	872.022000
118015.393601	876.717000
118025.376968	877.046000
118173.800371	882.148000
118186.332010	882.547000
118308.596098	886.678000
118328.846487	887.323000
118470.931185	892.037000
118474.148912	892.142000
118632.699817	897.169000
118639.814585	897.393000
118787.194852	902.187000
118792.770352	902.359000
118945.121099	907.125000
118952.209122	907.335000
119115.443648	912.205000
119120.839345	912.361000
119290.673927	917.323000
119295.846536	917.470000
119461.774907	922.229000
119468.267131	922.408000
119640.624917	927.215000
119654.525948	927.604000
119824.396626	932.097000
119843.939973	932.622000
120026.970476	937.407000
120031.148104	937.516000
120210.604788	942.196000
120228.793981	942.662000
120401.947404	947.085000
120426.392576	947.704000
120608.274414	952.164000
120637.724442	952.884000
120822.561018	957.385000
120824.531887	957.434000
121005.256469	961.932000
121049.266957	962.959000
121241.589362	967.435000
121263.241303	967.924000
121459.698120	972.128000
121474.501763	972.451000
121695.053364	977.004000
121743.880187	978.083000
121955.991548	982.195000
121982.990707	982.771000
122179.470987	986.758000
122238.305015	987.924000
122396.753905	991.076000
122489.905596	992.804000
122611.453164	995.084000
122770.124509	997.855000
122790.850433	998.206000
122941.071395	1000.847000
122980.686639	1001.484000
123024.981152	1002.187000
123025.682945	1002.198000
123028.522804	1002.242000
123034.919683	1002.341000
123037.713547	1002.384000
123040.240473	1002.423000
123041.935343	1002.449000
123044.217683	1002.484000
123054.798210	1002.646000
123056.179312	1002.667000
123060.877357	1002.746000
123068.270729	1002.858000
123072.644691	1002.924000
123074.435118	1002.951000
123158.751013	1004.241000
123295.200608	1006.265000
123433.961136	1008.185000
123443.698056	1008.312000
123646.090087	1011.069000
123794.207656	1012.790000
123869.049615	1013.694000
124133.261859	1016.486000
124323.303772	1018.260000
124409.909110	1019.081000
124779.156998	1022.122000
124893.756747	1023.017000
125143.886432	1025.063000
125650.739946	1028.037000
125758.362057	1028.514000
126536.986601	1025.063000
126885.682730	1023.017000
126995.099186	1022.122000
127384.482245	1019.081000
127484.170675	1018.260000
127671.305717	1016.486000
127970.402121	1013.694000
128055.949352	1012.790000
128198.430559	1011.069000
128435.711291	1008.312000
128445.034391	1008.185000
128592.238226	1006.265000
128738.514949	1004.241000
128825.481342	1002.951000
128827.246093	1002.924000
128831.622693	1002.858000
128839.045174	1002.746000
128844.260141	1002.667000
128845.508989	1002.646000
128856.163206	1002.484000
128858.449123	1002.449000
128860.144575	1002.423000
128862.686880	1002.384000
128865.472978	1002.341000
128871.905362	1002.242000
128874.748420	1002.198000
128875.458385	1002.187000
128920.309342	1001.484000
128960.445337	1000.847000
129124.690014	998.206000
129144.655011	997.855000
129308.277618	995.084000
129438.833615	992.804000
129530.953877	991.076000
129700.869462	987.924000
129759.483486	986.758000
129960.659532	982.771000
129989.044945	982.195000
130181.788938	978.083000
130237.447537	977.004000
130443.479535	972.451000
130459.125959	972.128000
130651.802478	967.924000
130674.653901	967.435000
130872.842223	962.959000
130916.969817	961.932000
131109.724613	957.434000
131111.693378	957.385000
131292.731753	952.884000
131322.299035	952.164000
131504.725597	947.704000
131529.968838	947.085000
131704.639266	942.662000
131722.882426	942.196000
131905.555003	937.516000
131909.734657	937.407000
132093.128695	932.622000
132113.210411	932.097000
132280.464237	927.604000
132295.171491	927.215000
132466.951073	922.408000
132473.369222	922.229000
132645.975343	917.470000
132651.100679	917.323000
132825.702634	912.361000
132831.042052	912.205000
132999.484620	907.335000
133006.523481	907.125000
133167.387850	902.359000
133172.886030	902.187000
133328.286889	897.393000
133335.173243	897.169000
133494.842604	892.142000
133498.154290	892.037000
133642.614896	887.323000
133662.055844	886.678000
133791.752524	882.547000
133803.561619	882.148000
133963.803274	877.046000
133973.374285	876.717000
134115.842096	872.022000
134131.518093	871.471000
134250.760230	867.425000
134277.723173	866.446000
134407.623085	861.959000
134419.618827	861.510000
134552.788824	856.878000
134585.100879	855.657000
134687.746669	852.137000
134710.768536	851.273000
134831.257247	847.005000
134866.097507	845.705000
134983.437115	841.453000
135010.335855	840.422000
135093.326619	837.345000
135135.350815	835.709000
135245.526145	831.612000
135279.691272	830.260000
135379.958721	826.486000
135422.346883	824.789000
135490.750398	822.142000
135530.380822	820.512000
135633.446673	816.435000
135684.691816	814.309000
135753.535369	811.571000
135793.877358	809.887000
135875.833055	806.688000
135931.225213	804.383000
135999.668687	801.682000
136051.476361	799.545000
136133.388227	796.300000
136190.290397	793.950000
136246.624179	791.687000
136307.408325	789.177000
136369.199949	786.666000
136434.590912	783.938000
136498.104894	781.338000
136563.607959	778.612000
136610.888645	776.646000
136683.676278	773.590000
136732.868026	771.533000
136801.927679	768.581000
136847.154914	766.695000
136930.534637	763.056000
136969.395698	761.437000
137041.105060	758.249000
137080.802804	756.568000
137163.535826	752.874000
137189.015580	751.774000
137276.060542	747.857000
137310.757173	746.330000
137390.436581	742.696000
137408.527002	741.883000
137508.858257	737.234000
137524.808918	736.508000
137608.905515	732.597000
137632.327145	731.529000
137729.074900	726.956000
137731.218143	726.860000
137832.250446	722.031000
137844.730045	721.468000
137944.395411	716.712000
137945.681623	716.654000
138048.470387	711.800000
138052.372915	711.622000
138160.790540	706.510000
138167.316439	706.200000
138266.533802	701.679000
138269.452877	701.538000
138379.996171	696.486000
138390.990552	695.965000
138493.556715	691.321000
138501.366095	690.946000
138596.075230	686.579000
138613.725072	685.713000
138704.927189	681.456000
138719.658585	680.725000
138815.236060	676.219000
138834.541036	675.264000
138918.292922	671.262000
138938.661384	670.252000
139018.705301	666.365000
139042.731036	665.158000
139124.404189	661.171000
139148.280860	659.955000
139230.433488	655.922000
139258.569775	654.497000
139322.723834	651.291000
139353.316177	649.733000
139430.043526	645.863000
139450.569379	644.808000
139534.069227	640.576000
139556.204613	639.443000
139627.382820	635.831000
139642.544539	635.066000
139734.227207	630.487000
139748.777419	629.762000
139838.721727	625.251000
139849.510441	624.711000
139938.589223	620.156000
139939.207797	620.125000
140042.925291	615.047000
140045.093041	614.938000
140144.863076	609.946000
140148.832784	609.742000
140236.284019	605.275000
140253.760693	604.365000
140334.034321	600.215000
140344.395472	599.676000
140434.806802	594.976000
140454.092716	593.970000
140524.089146	590.322000
140546.820560	589.133000
140619.167182	585.387000
140645.510645	584.004000
140721.545659	580.041000
140752.464710	578.414000
140806.322252	575.583000
140842.017740	573.708000
140903.813192	570.435000
140952.173095	567.944000
141003.716416	565.259000
141040.133473	563.398000
141095.345598	560.510000
141158.664378	557.222000
141195.119483	555.319000
141245.266942	552.740000
141289.886660	550.396000
141353.886473	547.207000
141391.847302	545.240000
141460.507149	541.860000
141491.135292	540.271000
141563.998319	536.643000
141586.622874	535.482000
141664.154814	531.621000
141692.844154	530.132000
141771.257158	526.200000
141786.332911	525.407000
141869.499578	521.262000
141887.312619	520.310000
141974.621629	515.951000
141992.343952	515.009000
142074.737579	510.905000
142079.985850	510.628000
142175.805478	505.892000
142192.622430	504.993000
142276.428155	500.816000
142286.742493	500.264000
142373.776773	495.899000
142380.495010	495.543000
142474.714771	490.828000
142489.999560	490.016000
142571.605617	485.881000
142586.377962	485.093000
142667.732521	481.018000
142674.954509	480.636000
142771.899462	475.799000
142789.399224	474.886000
142867.051498	471.035000
142881.688414	470.271000
142969.797000	465.863000
142978.949522	465.384000
143066.823187	460.935000
143080.583216	460.219000
143166.387138	455.775000
143178.889355	455.120000
143258.960524	450.952000
143268.250746	450.473000
143357.787528	445.844000
143373.380953	445.054000
143456.137063	440.736000
143464.738574	440.307000
143555.453815	435.603000
143558.859047	435.436000
143648.382652	430.860000
143661.860046	430.208000
143754.160067	425.527000
143760.622699	425.214000
143851.726956	420.606000
143854.614544	420.465000
143955.522194	415.453000
143961.423262	415.167000
144057.470281	410.461000
144058.793961	410.396000
144163.498532	405.327000
144167.623553	405.127000
144262.504823	400.448000
144262.729828	400.437000
144368.789287	395.342000
144377.660786	394.906000
144473.015005	390.217000
144475.867819	390.076000
144566.069284	385.599000
144578.987655	384.951000
144676.431396	380.081000
144678.659640	379.967000
144770.856532	375.273000
144780.357554	374.776000
144868.428853	370.228000
144881.017797	369.562000
144966.213498	365.127000
144976.489624	364.580000
145062.536688	360.144000
145074.416454	359.503000
145164.336667	355.093000
145178.684476	354.326000
145269.866071	349.919000
145283.392901	349.213000
145374.565903	344.932000
145391.206667	344.079000
145482.441584	339.886000
145501.184241	338.969000
145598.912581	334.400000
145613.667818	333.681000
145695.806546	329.779000
145718.745064	328.662000
145809.239419	324.327000
145829.035166	323.373000
145916.356965	319.214000
145936.473025	318.264000
146024.894147	314.026000
146048.176815	312.979000
146133.267513	309.113000
146159.277394	307.959000
146248.512953	303.864000
146280.113254	302.446000
146362.711171	298.680000
146381.694593	297.810000
146470.424324	293.920000
146511.428893	292.052000
146586.219974	288.916000
146624.948057	287.172000
146713.369987	283.681000
146751.124218	282.056000
146835.365526	278.949000
146888.792106	276.755000
146968.639768	274.037000
147034.449748	271.601000
147131.372918	268.793000
147192.478050	266.612000
147293.947647	263.996000
147376.709541	261.292000
147478.240680	259.101000
147573.547655	256.228000
147753.563084	253.907000
147877.013761	250.909000
147987.915983	249.006000
148131.859997	245.758000
148204.837694	244.176000
148385.193912	240.610000
148507.546228	238.619000
148644.005476	235.224000
148739.351951	233.968000
148909.271908	230.037000
149200.187412	228.921000
149395.642902	224.914000
149645.535209	230.037000
150670.256397	233.968000
150724.547791	235.224000
150982.271742	238.619000
151062.298359	240.610000
151281.438669	244.176000
151361.450878	245.758000
151511.281194	249.006000
151595.617850	250.909000
151770.334015	253.907000
151865.907405	256.228000
152088.735637	259.101000
152161.418401	261.292000
152286.722007	263.996000
152366.790466	266.612000
152451.387251	268.793000
152530.059059	271.601000
152614.141980	274.037000
152687.570357	276.755000
152752.024282	278.949000
152827.683528	282.056000
152871.742789	283.681000
152952.850494	287.172000
152997.023467	288.916000
153066.662955	292.052000
153111.213255	293.920000
153196.602855	297.810000
153216.447293	298.680000
153298.621506	302.446000
153329.721837	303.864000
153420.979404	307.959000
153446.126616	309.113000
153533.261972	312.979000
153556.306452	314.026000
153650.549001	318.264000
153670.369687	319.214000
153758.435681	323.373000
153778.465736	324.327000
153868.418109	328.662000
153891.735801	329.779000
153971.866594	333.681000
153987.001845	334.400000
154080.766347	338.969000
154100.380461	339.886000
154186.081619	344.079000
154204.641930	344.932000
154288.157888	349.213000
154303.193660	349.919000
154387.630966	354.326000
154403.500329	355.093000
154485.995551	359.503000
154499.065587	360.144000
154581.278754	364.580000
154591.889156	365.127000
154675.206554	369.562000
154688.000317	370.228000
154773.968057	374.776000
154783.592383	375.273000
154873.326384	379.967000
154875.565508	380.081000
154970.754535	384.951000
154983.720355	385.599000
155072.972740	390.076000
155075.813572	390.217000
155170.684820	394.906000
155179.551196	395.342000
155283.221579	400.437000
155283.450560	400.448000
155379.159341	405.127000
155383.214963	405.327000
155487.763636	410.396000
155489.106267	410.461000
155584.940657	415.167000
155590.777769	415.453000
155694.190892	420.465000
155697.029675	420.606000
155791.398500	425.214000
155797.586788	425.527000
155894.237209	430.208000
155907.093354	430.860000
156001.683165	435.436000
156004.950307	435.603000
156100.867749	440.307000
156109.140887	440.736000
156195.717397	445.054000
156210.858047	445.844000
156302.227624	450.473000
156311.492717	450.952000
156392.331225	455.120000
156404.914386	455.775000
156489.738591	460.219000
156503.562985	460.935000
156589.063500	465.384000
156598.524387	465.863000
156682.750519	470.271000
156698.021607	471.035000
156771.800094	474.886000
156790.209994	475.799000
156882.922319	480.636000
156890.578505	481.018000
156967.619347	485.093000
156983.351223	485.881000
157060.868542	490.016000
157076.893721	490.828000
157165.647147	495.543000
157172.761089	495.899000
157255.134973	500.264000
157266.141370	500.816000
157344.190268	504.993000
157362.227459	505.892000
157450.820437	510.628000
157456.424752	510.905000
157534.182535	515.009000
157553.094522	515.951000
157635.102599	520.310000
157654.170775	521.262000
157731.728608	525.407000
157747.639625	526.200000
157822.391026	530.132000
157852.085065	531.621000
157926.476966	535.482000
157949.790766	536.643000
158020.490067	540.271000
158052.402787	541.860000
158117.552645	545.240000
158157.509426	547.207000
158219.053443	550.396000
158266.095011	552.740000
158315.188123	555.319000
158352.191076	557.222000
158415.178141	560.510000
158470.793906	563.398000
158506.372079	565.259000
158558.913614	567.944000
158606.732763	570.435000
158670.274298	573.708000
158705.674992	575.583000
158759.570420	578.414000
158790.522812	580.041000
158865.834552	584.004000
158892.369102	585.387000
158963.723124	589.133000
158986.686320	590.322000
159056.429128	593.970000
159075.731872	594.976000
159165.835051	599.676000
159176.203499	600.215000
159255.978596	604.365000
159273.580765	605.275000
159359.370113	609.742000
159363.363856	609.946000
159460.504948	614.938000
159462.683420	615.047000
159563.672703	620.125000
159564.305874	620.156000
159655.196391	624.711000
159665.756773	625.251000
159755.882486	629.762000
159770.338177	630.487000
159862.235313	635.066000
159877.552465	635.831000
159949.139559	639.443000
159971.466500	640.576000
160054.146952	644.808000
160074.962722	645.863000
160150.256611	649.733000
160181.145813	651.291000
160244.097707	654.497000
160272.612845	655.922000
160352.243476	659.955000
160377.013522	661.171000
160455.299944	665.158000
160480.025175	666.365000
160557.397198	670.252000
160578.195848	671.262000
160658.903356	675.264000
160678.889126	676.219000
160769.976270	680.725000
160785.481626	681.456000
160871.270342	685.713000
160889.823556	686.579000
160978.826860	690.946000
160986.959657	691.321000
161083.671014	695.965000
161095.177683	696.486000
161201.787295	701.538000
161204.872529	701.679000
161298.469245	706.200000
161305.272470	706.510000
161412.886663	711.622000
161416.661768	711.800000
161523.082382	716.654000
161524.310596	716.712000
161629.779997	721.468000
161641.578063	722.031000
161748.618884	726.860000
161750.627395	726.956000
161852.721702	731.529000
161875.316629	732.597000
161961.086289	736.508000
161976.697164	737.234000
162078.838515	741.883000
162096.384075	742.696000
162177.245809	746.330000
162210.726948	747.857000
162299.729373	751.774000
162324.173963	752.874000
162409.739610	756.568000
162447.388286	758.249000
162522.674668	761.437000
162559.091687	763.056000
162646.439061	766.695000
162689.652625	768.581000
162760.443080	771.533000
162808.564931	773.590000
162881.647081	776.646000
162928.473156	778.612000
162994.031219	781.338000
163056.506629	783.938000
163123.147453	786.666000
163183.336862	789.177000
163245.103878	791.687000
163299.906477	793.950000
163358.405985	796.300000
163436.979407	799.545000
163490.922599	801.682000
163556.403426	804.383000
163614.812241	806.688000
163691.688385	809.887000
163734.831053	811.571000
163800.422719	814.309000
163853.878304	816.435000
163952.150386	820.512000
163993.356503	822.142000
164057.713393	824.789000
164101.567101	826.486000
164195.835176	830.260000
164231.755046	831.612000
164335.286499	835.709000
164379.281335	837.345000
164458.320731	840.422000
164486.128166	841.453000
164597.062642	845.705000
164632.937875	847.005000
164747.321128	851.273000
164771.712470	852.137000
164865.505261	855.657000
164901.110520	856.878000
165023.689912	861.510000
165036.598662	861.959000
165156.475940	866.446000
165184.818265	867.425000
165296.250405	871.471000
165312.489262	872.022000
165446.062408	876.717000
165456.045776	877.046000
165604.469178	882.148000
165617.000817	882.547000
165739.264905	886.678000
165759.515295	887.323000
165901.599993	892.037000
165904.817720	892.142000
166063.368625	897.169000
166070.483392	897.393000
166217.863659	902.187000
166223.439159	902.359000
166375.789907	907.125000
166382.877929	907.335000
166546.112456	912.205000
166551.508152	912.361000
166721.342734	917.323000
166726.515344	917.470000
166892.443714	922.229000
166898.935939	922.408000
167071.293724	927.215000
167085.194755	927.604000
167255.065433	932.097000
167274.608780	932.622000
167457.639283	937.407000
167461.816911	937.516000
167641.273596	942.196000
167659.462788	942.662000
167832.616212	947.085000
167857.061383	947.704000
168038.943222	952.164000
168068.393250	952.884000
168253.229825	957.385000
168255.200694	957.434000
168435.925276	961.932000
168479.935764	962.959000
168672.258169	967.435000
168693.910111	967.924000
168890.366928	972.128000
168905.170571	972.451000
169125.722172	977.004000
169174.548995	978.083000
169386.660356	982.195000
169413.659514	982.771000
169610.139795	986.758000
169668.973823	987.924000
169827.422712	991.076000
169920.574403	992.804000
170042.121971	995.084000
170200.793317	997.855000
170221.519240	998.206000
170371.740203	1000.847000
170411.355447	1001.484000
170455.649959	1002.187000
170456.351752	1002.198000
170459.191612	1002.242000
170465.588491	1002.341000
170468.382354	1002.384000
170470.909280	1002.423000
170472.604151	1002.449000
170474.886490	1002.484000
170485.467018	1002.646000
170486.848120	1002.667000
170491.546164	1002.746000
170498.939536	1002.858000
170503.313498	1002.924000
170505.103925	1002.951000
170589.419820	1004.241000
170725.869416	1006.265000
170864.629944	1008.185000
170874.366864	1008.312000
171076.758894	1011.069000
171224.876464	1012.790000
171299.718422	1013.694000
171563.930667	1016.486000
171753.972579	1018.260000
171840.577917	1019.081000
172209.825805	1022.122000
172324.425555	1023.017000
172574.555239	1025.063000
173081.408753	1028.037000
173189.030865	1028.514000
173967.655408	1025.063000
174316.351538	1023.017000
174425.767993	1022.122000
174815.151052	1019.081000
174914.839483	1018.260000
175101.974525	1016.486000
175401.070929	1013.694000
175486.618160	1012.790000
175629.099367	1011.069000
175866.380098	1008.312000
175875.703198	1008.185000
176022.907033	1006.265000
176169.183756	1004.241000
176256.150149	1002.951000
176257.914900	1002.924000
176262.291501	1002.858000
176269.713981	1002.746000
176274.928949	1002.667000
176276.177796	1002.646000
176286.832014	1002.484000
176289.117930	1002.449000
176290.813382	1002.423000
176293.355688	1002.384000
176296.141786	1002.341000
176302.574170	1002.242000
176305.417227	1002.198000
176306.127192	1002.187000
176350.978150	1001.484000
176391.114145	1000.847000
176555.358822	998.206000
176575.323819	997.855000
176738.946426	995.084000
176869.502422	992.804000
176961.622685	991.076000
177131.538269	987.924000
177190.152294	986.758000
177391.328340	982.771000
177419.713752	982.195000
177612.457746	978.083000
177668.116345	977.004000
177874.148342	972.451000
177889.794766	972.128000
178082.471285	967.924000
178105.322709	967.435000
178303.511030	962.959000
178347.638624	961.932000
178540.393420	957.434000
178542.362185	957.385000
178723.400561	952.884000
178752.967843	952.164000
178935.394404	947.704000
178960.637646	947.085000
179135.308073	942.662000
179153.551233	942.196000
179336.223811	937.516000
179340.403464	937.407000
179523.797502	932.622000
179543.879219	932.097000
179711.133044	927.604000
179725.840299	927.215000
179897.619880	922.408000
179904.038030	922.229000
180076.644151	917.470000
180081.769486	917.323000
180256.371441	912.361000
180261.710860	912.205000
180430.153428	907.335000
180437.192288	907.125000
180598.056657	902.359000
180603.554838	902.187000
180758.955697	897.393000
180765.842051	897.169000
180925.511412	892.142000
180928.823097	892.037000
181073.283703	887.323000
181092.724652	886.678000
181222.421332	882.547000
181234.230426	882.148000
181394.472081	877.046000
181404.043093	876.717000
181546.510904	872.022000
181562.186900	871.471000
181681.429038	867.425000
181708.391980	866.446000
181838.291892	861.959000
181850.287635	861.510000
181983.457631	856.878000
182015.769686	855.657000
182118.415477	852.137000
182141.437344	851.273000
182261.926055	847.005000
182296.766314	845.705000
182414.105922	841.453000
182441.004663	840.422000
182523.995426	837.345000
182566.019622	835.709000
182676.194953	831.612000
182710.360080	830.260000
182810.627529	826.486000
182853.015690	824.789000
182921.419206	822.142000
182961.049629	820.512000
183064.115481	816.435000
183115.360624	814.309000
183184.204176	811.571000
183224.546165	809.887000
183306.501862	806.688000
183361.894020	804.383000
183430.337494	801.682000
183482.145168	799.545000
183564.057034	796.300000
183620.959205	793.950000
183677.292986	791.687000
183738.077133	789.177000
183799.868757	786.666000
183865.259720	783.938000
183928.773702	781.338000
183994.276766	778.612000
184041.557453	776.646000
184114.345085	773.590000
184163.536833	771.533000
184232.596486	768.581000
184277.823721	766.695000
184361.203445	763.056000
184400.064505	761.437000
184471.773867	758.249000
184511.471611	756.568000
184594.204633	752.874000
184619.684387	751.774000
184706.729349	747.857000
184741.425980	746.330000
184821.105388	742.696000
184839.195809	741.883000
184939.527065	737.234000
184955.477725	736.508000
185039.574322	732.597000
185062.995953	731.529000
185159.743707	726.956000
185161.886951	726.860000
185262.919253	722.031000
185275.398852	721.468000
185375.064218	716.712000
185376.350431	716.654000
185479.139195	711.800000
185483.041722	711.622000
185591.459347	706.510000
185597.985247	706.200000
185697.202609	701.679000
185700.121684	701.538000
185810.664979	696.486000
185821.659359	695.965000
185924.225523	691.321000
185932.034902	690.946000
186026.744037	686.579000
186044.393879	685.713000
186135.595997	681.456000
186150.327392	680.725000
186245.904868	676.219000
186265.209844	675.264000
186348.961730	671.262000
186369.330191	670.252000
186449.374108	666.365000
186473.399843	665.158000
186555.072996	661.171000
186578.949668	659.955000
186661.102295	655.922000
186689.238583	654.497000
186753.392641	651.291000
186783.984984	649.733000
186860.712333	645.863000
186881.238187	644.808000
186964.738034	640.576000
186986.873420	639.443000
187058.051628	635.831000
187073.213346	635.066000
187164.896014	630.487000
187179.446227	629.762000
187269.390535	625.251000
187280.179248	624.711000
187369.258030	620.156000
187369.876605	620.125000
187473.594099	615.047000
187475.761848	614.938000
187575.531884	609.946000
187579.501592	609.742000
187666.952826	605.275000
187684.429501	604.365000
187764.703128	600.215000
187775.064280	599.676000
187865.475609	594.976000
187884.761524	593.970000
187954.757954	590.322000
187977.489368	589.133000
188049.835989	585.387000
188076.179452	584.004000
188152.214466	580.041000
188183.133517	578.414000
188236.991059	575.583000
188272.686548	573.708000
188334.481999	570.435000
188382.841902	567.944000
188434.385224	565.259000
188470.802281	563.398000
188526.014406	560.510000
188589.333185	557.222000
188625.788290	555.319000
188675.935749	552.740000
188720.555468	550.396000
188784.555281	547.207000
188822.516109	545.240000
188891.175957	541.860000
188921.804100	540.271000
188994.667126	536.643000
189017.291682	535.482000
189094.823622	531.621000
189123.512962	530.132000
189201.925965	526.200000
189217.001718	525.407000
189300.168385	521.262000
189317.981427	520.310000
189405.290436	515.951000
189423.012760	515.009000
189505.406386	510.905000
189510.654658	510.628000
189606.474285	505.892000
189623.291238	504.993000
189707.096962	500.816000
189717.411301	500.264000
189804.445580	495.899000
189811.163817	495.543000
189905.383578	490.828000
189920.668368	490.016000
190002.274424	485.881000
190017.046770	485.093000
190098.401328	481.018000
190105.623316	480.636000
190202.568269	475.799000
190220.068032	474.886000
190297.720306	471.035000
190312.357222	470.271000
190400.465807	465.863000
190409.618329	465.384000
190497.491994	460.935000
190511.252023	460.219000
190597.055945	455.775000
190609.558163	455.120000
190689.629332	450.952000
190698.919554	450.473000
190788.456335	445.844000
190804.049760	445.054000
190886.805871	440.736000
190895.407381	440.307000
190986.122623	435.603000
190989.527855	435.436000
191079.051459	430.860000
191092.528854	430.208000
191184.828874	425.527000
191191.291507	425.214000
191282.395763	420.606000
191285.283351	420.465000
191386.191002	415.453000
191392.092070	415.167000
191488.139089	410.461000
191489.462768	410.396000
191594.167339	405.327000
191598.292361	405.127000
191693.173631	400.448000
191693.398635	400.437000
191799.458095	395.342000
191808.329594	394.906000
191903.683812	390.217000
191906.536626	390.076000
191996.738092	385.599000
192009.656462	384.951000
192107.100203	380.081000
192109.328448	379.967000
192201.525340	375.273000
192211.026362	374.776000
192299.097661	370.228000
192311.686604	369.562000
192396.882306	365.127000
192407.158431	364.580000
192493.205496	360.144000
192505.085261	359.503000
192595.005474	355.093000
192609.353283	354.326000
192700.534879	349.919000
192714.061708	349.213000
192805.234710	344.932000
192821.875475	344.079000
192913.110392	339.886000
192931.853049	338.969000
193029.581388	334.400000
193044.336625	333.681000
193126.475353	329.779000
193149.413871	328.662000
193239.908226	324.327000
193259.703974	323.373000
193347.025772	319.214000
193367.141833	318.264000
193455.562954	314.026000
193478.845622	312.979000
193563.936320	309.113000
193589.946202	307.959000
193679.181761	303.864000
193710.782061	302.446000
193793.379979	298.680000
193812.363400	297.810000
193901.093131	293.920000
193942.097700	292.052000
194016.888781	288.916000
194055.616864	287.172000
194144.038795	283.681000
194181.793026	282.056000
194266.034333	278.949000
194319.460913	276.755000
194399.308576	274.037000
194465.118556	271.601000
194562.041725	268.793000
194623.146858	266.612000
194724.616454	263.996000
194807.378348	261.292000
194908.909487	259.101000
195004.216462	256.228000
195184.231891	253.907000
195307.682569	250.909000
195418.584790	249.006000
195562.528805	245.758000
195635.506502	244.176000
195815.862720	240.610000
195938.215035	238.619000
196074.674283	235.224000
196170.020759	233.968000
196339.940716	230.037000
196630.856220	228.921000
196826.311709	224.914000
197076.204016	230.037000
198100.925205	233.968000
198155.216598	235.224000
198412.940550	238.619000
198492.967166	240.610000
198712.107477	244.176000
198792.119686	245.758000
198941.950002	249.006000
199026.286658	250.909000
199201.002822	253.907000
199296.576212	256.228000
199519.404444	259.101000
199592.087209	261.292000
199717.390814	263.996000
199797.459274	266.612000
199882.056059	268.793000
