0.000000	500.000000
79.586103	495.899000
86.142873	495.543000
177.835223	490.828000
192.754444	490.016000
272.223117	485.881000
286.644925	485.093000
365.821082	481.018000
372.868889	480.636000
467.198506	475.799000
484.264911	474.886000
559.797873	471.035000
574.072655	470.271000
659.816546	465.863000
668.743774	465.384000
754.312345	460.935000
767.729896	460.219000
851.378986	455.775000
863.574080	455.120000
941.653720	450.952000
950.708605	450.473000
1037.989031	445.844000
1053.173919	445.054000
1133.881085	440.736000
1142.250376	440.307000
1230.692680	435.603000
1234.002968	435.436000
1321.220787	430.860000
1334.312475	430.208000
1424.199113	425.527000
1430.477194	425.214000
1519.187073	420.606000
1521.993478	420.465000
1620.155217	415.453000
1625.887992	415.167000
1719.252313	410.461000
1720.539177	410.396000
1822.251380	405.327000
1826.258847	405.127000
1918.522515	400.448000
1918.741208	400.437000
2021.724429	395.342000
2030.349576	394.906000
2123.058826	390.217000
2125.833273	390.076000
2213.576770	385.599000
2226.150177	384.951000
2320.973507	380.081000
2323.144460	379.967000
2412.948588	375.273000
2422.215521	374.776000
2508.062488	370.228000
2520.347914	369.562000
2603.424858	365.127000
2613.456143	364.580000
2697.322970	360.144000
2708.926982	359.503000
2796.340192	355.093000
2810.348942	354.326000
2898.916369	349.919000
2912.108477	349.213000
3000.519295	344.932000
3016.733774	344.079000
3105.089408	339.886000
3123.307109	338.969000
3218.050162	334.400000
3232.388918	333.681000
3312.093843	329.779000
3334.384058	328.662000
3422.239440	324.327000
3441.464493	323.373000
3526.211689	319.214000
3545.724967	318.264000
3631.570263	314.026000
3654.087132	312.979000
3736.433214	309.113000
3761.565461	307.959000
3847.976834	303.864000
3878.533528	302.446000
3958.485031	298.680000
3976.866148	297.810000
4062.533392	293.920000
4102.222076	292.052000
4174.204943	288.916000
4211.662579	287.172000
4296.366968	283.681000
4332.771940	282.056000
4412.991915	278.949000
4464.332198	276.755000
4539.760089	274.037000
4602.449582	271.601000
4692.190567	268.793000
4750.196165	266.612000
4842.434318	263.996000
4920.258325	261.292000
5009.309268	259.101000
5098.038004	256.228000
5230.749051	253.907000
5341.751701	250.909000
5433.089222	249.006000
5560.601267	245.758000
5624.675423	244.176000
5779.485846	240.610000
5878.487274	238.619000
6001.744749	235.224000
6072.719876	233.968000
6224.037109	230.037000
6313.871835	228.921000
6483.205926	224.914000
6606.674902	223.869000
6825.870459	219.529000
7097.844671	224.914000
7571.280255	228.921000
7618.441934	230.037000
7934.875901	233.968000
7983.223508	235.224000
8175.071084	238.619000
8247.355513	240.610000
8424.672987	244.176000
8493.352204	245.758000
8624.902684	249.006000
8699.611865	250.909000
8843.505658	253.907000
8929.441999	256.228000
9093.715518	259.101000
9161.381603	261.292000
9271.282903	263.996000
9346.574177	266.612000
9423.474563	268.793000
9498.155774	271.601000
9576.007995	274.037000
9645.954647	276.755000
9706.840885	278.949000
9779.545651	282.056000
9821.501705	283.681000
9899.710787	287.172000
9942.026585	288.916000
10009.381601	292.052000
10052.259150	293.920000
10134.908498	297.810000
10154.068011	298.680000
10233.635004	302.446000
10263.738890	303.864000
10351.982656	307.959000
10376.333993	309.113000
10460.529198	312.979000
10482.830375	314.026000
10573.973155	318.264000
10593.216438	319.214000
10678.643516	323.373000
10698.083003	324.327000
10785.442125	328.662000
10808.079832	329.779000
10885.945920	333.681000
10900.632707	334.400000
10991.750618	338.969000
11010.765584	339.886000
11094.066367	344.079000
11112.040933	344.932000
11193.417471	349.213000
11207.997718	349.919000
11290.345621	354.326000
11305.760011	355.093000
11386.305754	359.503000
11399.011393	360.144000
11479.316225	364.580000
11489.657783	365.127000
11570.990054	369.562000
11583.465644	370.228000
11667.360720	374.776000
11676.741974	375.273000
11764.265086	379.967000
11766.446098	380.081000
11859.187679	384.951000
11871.804829	385.599000
11958.673877	390.076000
11961.437297	390.217000
12053.702417	394.906000
12062.322855	395.342000
12163.114414	400.437000
12163.336753	400.448000
12256.360881	405.127000
12260.304615	405.327000
12361.873870	410.396000
12363.178130	410.461000
12456.347084	415.167000
12462.021158	415.453000
12562.485041	420.465000
12565.246574	420.606000
12656.962295	425.214000
12662.987944	425.527000
12756.878344	430.208000
12769.398337	430.860000
12861.281102	435.436000
12864.464095	435.603000
12957.707194	440.307000
12965.773042	440.736000
13050.012197	445.054000
13064.777983	445.844000
13153.753741	450.473000
13162.785351	450.952000
13241.576083	455.120000
13253.846276	455.775000
13336.586730	460.219000
13350.063946	460.935000
13433.436407	465.384000
13442.649117	465.863000
13524.801979	470.271000
13539.663216	471.035000
13611.616336	474.886000
13629.523787	475.799000
13719.940217	480.636000
13727.389858	481.018000
13802.572617	485.093000
13817.883246	485.881000
13893.561133	490.016000
13909.166589	490.828000
13995.797286	495.543000
14002.720399	495.899000
14083.114497	500.264000
14093.826891	500.816000
14170.035365	504.993000
14187.584969	505.892000
14274.084393	510.628000
14279.534764	510.905000
14355.409326	515.009000
14373.809453	515.951000
14453.858159	520.310000
14472.412550	521.262000
14548.136680	525.407000
14563.617557	526.200000
14636.546735	530.132000
14665.447348	531.621000
14737.978492	535.482000
14760.661033	536.643000
14829.553044	540.271000
14860.601450	541.860000
14924.120489	545.240000
14962.971244	547.207000
15022.971058	550.396000
15068.740339	552.740000
15116.633715	555.319000
15152.694723	557.222000
15214.123667	560.510000
15268.349705	563.398000
15303.051204	565.259000
15354.238831	567.944000
15400.870306	570.435000
15462.799227	573.708000
15497.348322	575.583000
15549.926407	578.414000
15580.123263	580.041000
15653.600480	584.004000
15679.476693	585.387000
15749.084794	589.133000
15771.471006	590.322000
15839.495240	593.970000
15858.319005	594.976000
15946.190103	599.676000
15956.300009	600.215000
16034.088563	604.365000
16051.247131	605.275000
16134.903962	609.742000
16138.794707	609.946000
16233.459364	614.938000
16235.579382	615.047000
16333.884380	620.125000
16334.499840	620.156000
16422.959019	624.711000
16433.247605	625.251000
16520.956628	629.762000
16535.026188	630.487000
16624.437793	635.066000
16639.342514	635.831000
16709.039346	639.443000
16730.783180	640.576000
16811.339684	644.808000
16831.610515	645.863000
16904.985600	649.733000
16935.058622	651.291000
16996.377663	654.497000
17024.125865	655.922000
17101.668963	659.955000
17125.749706	661.171000
17202.005571	665.158000
17226.035314	666.365000
17301.347283	670.252000
17321.554993	671.262000
17400.059260	675.264000
17419.459423	676.219000
17508.048669	680.725000
17523.087882	681.456000
17606.537845	685.713000
17624.522570	686.579000
17711.046573	690.946000
17718.924308	691.321000
17812.828345	695.965000
17823.961434	696.486000
17927.397248	701.538000
17930.384073	701.679000
18021.294284	706.200000
18027.879283	706.510000
18132.304572	711.622000
18135.966212	711.800000
18238.979569	716.654000
18240.170974	716.712000
18342.189516	721.468000
18353.640995	722.031000
18457.182486	726.860000
18459.132175	726.956000
18557.843204	731.529000
18579.762197	732.597000
18662.784337	736.508000
18677.913533	737.234000
18776.771497	741.883000
18793.771907	742.696000
18871.970821	746.330000
18904.379832	747.857000
18990.332672	751.774000
19013.974285	752.874000
19096.499379	756.568000
19132.892871	758.249000
19205.404456	761.437000
19240.597366	763.056000
19324.625058	766.695000
19366.334323	768.581000
19434.439125	771.533000
19480.818633	773.590000
19551.142593	776.646000
19596.214811	778.612000
19659.272292	781.338000
19719.368467	783.938000
19783.391433	786.666000
19841.299205	789.177000
19900.606120	791.687000
19953.290865	793.950000
20009.409479	796.300000
20084.947153	799.545000
20136.636811	801.682000
20199.581929	804.383000
20255.532959	806.688000
20329.480920	809.887000
20370.770588	811.571000
20433.878613	814.309000
20485.117378	816.435000
20579.624952	820.512000
20619.104866	822.142000
20680.956019	824.789000
20722.895463	826.486000
20813.302303	830.260000
20847.571079	831.612000
20946.768540	835.709000
20988.695028	837.345000
21064.322773	840.422000
21090.815684	841.453000
21196.820599	845.705000
21230.926304	847.005000
21339.965979	851.273000
21363.102593	852.137000
21452.560597	855.657000
21486.221612	856.878000
21603.207655	861.510000
21615.429667	861.959000
21729.739161	866.446000
21756.554307	867.425000
21862.510394	871.471000
21877.845092	872.022000
22004.448203	876.717000
22013.845214	877.046000
22154.199347	882.148000
22165.947363	882.547000
22281.350862	886.678000
22300.335816	887.323000
22434.177374	892.037000
22437.202687	892.142000
22585.763308	897.169000
22592.424028	897.393000
22730.940010	902.187000
22736.146356	902.359000
22878.661235	907.125000
22885.244612	907.335000
23037.001296	912.205000
23041.995695	912.361000
23199.432998	917.323000
23204.208958	917.470000
23357.619319	922.229000
23363.586322	922.408000
23522.279882	927.215000
23535.085391	927.604000
23690.174777	932.097000
23708.063104	932.622000
23874.840544	937.407000
23878.645917	937.516000
24042.098295	942.196000
24058.614562	942.662000
24215.760578	947.085000
24237.911559	947.704000
24401.754660	952.164000
24428.268904	952.884000
24594.554138	957.385000
24596.334110	957.434000
24759.585901	961.932000
24798.847842	962.959000
24970.326270	967.435000
24989.510228	967.924000
25161.483008	972.128000
25174.499783	972.451000
25365.905444	977.004000
25408.961534	978.083000
25590.073662	982.195000
25613.691109	982.771000
25783.475952	986.758000
25834.007839	987.924000
25970.231193	991.076000
26048.795074	992.804000
26151.635271	995.084000
26283.047331	997.855000
26300.044304	998.206000
26424.717646	1000.847000
26456.639555	1001.484000
26492.167579	1002.187000
26492.727957	1002.198000
26494.986010	1002.242000
26500.070243	1002.341000
26502.286267	1002.384000
26504.292628	1002.423000
26505.635318	1002.449000
26507.443174	1002.484000
26515.819189	1002.646000
26516.909690	1002.667000
26520.753488	1002.746000
26526.583001	1002.858000
26530.026641	1002.924000
26531.435929	1002.951000
26598.165341	1004.241000
26704.889020	1006.265000
26810.407181	1008.185000
26817.623146	1008.312000
26970.508137	1011.069000
27074.357941	1012.790000
27127.856980	1013.694000
27303.984502	1016.486000
27421.791726	1018.260000
27475.987344	1019.081000
27687.125329	1022.122000
27750.315190	1023.017000
27892.685176	1025.063000
28118.116794	1028.037000
28155.915059	1028.514000
28561.058718	1033.223000
28572.693191	1033.317000
28941.821623	1037.998000
29047.663726	1038.358000
29567.526340	1042.983000
29748.842380	1043.457000
31699.328636	1038.358000
31739.793618	1037.998000
33116.034961	1033.317000
33123.447495	1033.223000
33706.285100	1028.514000
33747.324286	1028.037000
33982.988943	1025.063000
34138.077406	1023.017000
34200.355577	1022.122000
34415.059895	1019.081000
34472.062291	1018.260000
34589.167073	1016.486000
34774.577316	1013.694000
34831.604279	1012.790000
34933.453665	1011.069000
35099.818517	1008.312000
35106.861098	1008.185000
35215.952839	1006.265000
35327.186568	1004.241000
35395.207094	1002.951000
35396.603756	1002.924000
35400.048683	1002.858000
35405.892435	1002.746000
35410.004324	1002.667000
35411.026093	1002.646000
35419.438530	1002.484000
35421.248163	1002.449000
35422.591142	1002.423000
35424.605176	1002.384000
35426.817318	1002.341000
35431.919326	1002.242000
35434.178986	1002.198000
35434.743499	1002.187000
35470.556774	1001.484000
35502.749308	1000.847000
35635.097443	998.206000
35651.667054	997.855000
35785.851130	995.084000
35893.977979	992.804000
35971.920023	991.076000
36115.226361	987.924000
36165.618630	986.758000
36338.406477	982.771000
36362.935213	982.195000
36531.537546	978.083000
36579.061862	977.004000
36760.743398	972.451000
36774.322143	972.128000
36943.741716	967.924000
36963.745210	967.435000
37139.343156	962.959000
37178.688184	961.932000
37350.645548	957.434000
37352.423969	957.385000
37515.927068	952.884000
37542.526795	952.164000
37706.767807	947.704000
37729.507466	947.085000
37887.784989	942.662000
37904.341634	942.196000
38070.213162	937.516000
38074.020066	937.407000
38241.072440	932.622000
38259.370905	932.097000
38412.460910	927.604000
38425.888413	927.215000
38584.130265	922.408000
38590.039595	922.229000
38748.681855	917.470000
38753.420523	917.323000
38914.633545	912.361000
38919.583207	912.205000
39075.498100	907.335000
39082.042023	907.125000
39231.453311	902.359000
39236.596525	902.187000
39381.708295	897.393000
39388.180464	897.169000
39537.660102	892.142000
39540.763118	892.037000
39676.585248	887.323000
39694.898317	886.678000
39816.490327	882.547000
39827.636779	882.148000
39977.858276	877.046000
39986.908944	876.717000
40121.009151	872.022000
40135.867152	871.471000
40248.470036	867.425000
40274.107952	866.446000
40397.008424	861.959000
40408.447016	861.510000
40534.532447	856.878000
40565.370089	855.657000
40662.410855	852.137000
40684.368729	851.273000
40798.659317	847.005000
40831.871965	845.705000
40943.423854	841.453000
40969.127304	840.422000
41048.194896	837.345000
41088.405163	835.709000
41193.400775	831.612000
41226.135695	830.260000
41321.794247	826.486000
41362.446183	824.789000
41427.863807	822.142000
41465.951219	820.512000
41564.699446	816.435000
41613.981541	814.309000
41679.970129	811.571000
41718.784561	809.887000
41797.220218	806.688000
41850.502510	804.383000
41916.065951	801.682000
41965.867401	799.545000
42044.357312	796.300000
42099.061020	793.950000
42153.102052	791.687000
42211.537187	789.177000
42270.867730	786.666000
42333.779877	783.938000
42394.798834	781.338000
42457.807361	778.612000
42503.284620	776.646000
42573.346012	773.590000
42620.681217	771.533000
42687.240434	768.581000
42730.751836	766.695000
42811.229043	763.056000
42848.613169	761.437000
42917.912116	758.249000
42956.146738	756.568000
43036.121490	752.874000
43060.695827	751.774000
43144.881462	747.857000
43178.389245	746.330000
43255.517173	742.696000
43273.011867	741.883000
43370.225771	737.234000
43385.663689	736.508000
43467.165461	732.597000
43489.836810	731.529000
43583.690326	726.956000
43585.762545	726.860000
43683.835973	722.031000
43695.907594	721.468000
43792.645134	716.712000
43793.889263	716.654000
43893.597580	711.800000
43897.375161	711.622000
44002.534176	706.510000
44008.866696	706.200000
44104.901481	701.679000
44107.736770	701.538000
44214.754063	696.486000
44225.421137	695.965000
44324.657350	691.321000
44332.240040	690.946000
44423.978884	686.579000
44441.137067	685.713000
44529.544663	681.456000
44543.874454	680.725000
44636.578547	676.219000
44655.354119	675.264000
44736.651978	671.262000
44756.464399	670.252000
44834.234072	666.365000
44857.620114	665.158000
44936.995909	661.171000
44960.253279	659.955000
45040.119754	655.922000
45067.518443	654.497000
45129.947030	651.291000
45159.745865	649.733000
45234.445862	645.863000
45254.448630	644.808000
45335.762525	640.576000
45357.329283	639.443000
45426.648550	635.831000
45441.409923	635.066000
45530.623931	630.487000
45544.780606	629.762000
45632.322379	625.251000
45642.821797	624.711000
45729.607929	620.156000
45730.209956	620.125000
45831.026329	615.047000
45833.136460	614.938000
45930.229430	609.946000
45934.097938	609.742000
46019.293792	605.275000
46036.336039	604.365000
46114.586651	600.215000
46124.689791	599.676000
46212.846670	594.976000
46231.654824	593.970000
46299.914360	590.322000
46322.085635	589.133000
46392.614441	585.387000
46418.313321	584.004000
46492.461862	580.041000
46522.627754	578.414000
46575.170656	575.583000
46609.993655	573.708000
46670.302555	570.435000
46717.435138	567.944000
46767.698289	565.259000
46803.176939	563.398000
46857.028593	560.510000
46918.765162	557.222000
46954.318471	555.319000
47003.189380	552.740000
47046.718684	550.396000
47108.987556	547.207000
47145.995908	545.240000
47212.755213	541.860000
47242.616679	540.271000
47313.506305	536.643000
47335.552508	535.482000
47410.985143	531.621000
47438.956879	530.132000
47515.274684	526.200000
47529.982933	525.407000
47610.901258	521.262000
47628.293145	520.310000
47713.249647	515.951000
47730.548542	515.009000
47810.712155	510.905000
47815.833318	510.628000
47909.020900	505.892000
47925.440448	504.993000
48006.980710	500.816000
48017.051833	500.264000
48101.761255	495.899000
48108.318024	495.543000
48200.010375	490.828000
48214.929595	490.016000
48294.398269	485.881000
48308.820076	485.093000
48387.996233	481.018000
48395.044040	480.636000
48489.373657	475.799000
48506.440062	474.886000
48581.973025	471.035000
48596.247806	470.271000
48681.991698	465.863000
48690.918926	465.384000
48776.487497	460.935000
48789.905047	460.219000
48873.554138	455.775000
48885.749232	455.120000
48963.828871	450.952000
48972.883756	450.473000
49060.164182	445.844000
49075.349071	445.054000
49156.056237	440.736000
49164.425528	440.307000
49252.867831	435.603000
49256.178120	435.436000
49343.395938	430.860000
49356.487626	430.208000
49446.374265	425.527000
49452.652345	425.214000
49541.362224	420.606000
49544.168630	420.465000
49642.330368	415.453000
49648.063143	415.167000
49741.427465	410.461000
49742.714329	410.396000
49844.426532	405.327000
49848.433999	405.127000
49940.697667	400.448000
49940.916360	400.437000
50043.899581	395.342000
50052.524727	394.906000
50145.233977	390.217000
50148.008424	390.076000
50235.751921	385.599000
50248.325328	384.951000
50343.148659	380.081000
50345.319612	379.967000
50435.123739	375.273000
50444.390673	374.776000
50530.237639	370.228000
50542.523066	369.562000
50625.600009	365.127000
50635.631295	364.580000
50719.498122	360.144000
50731.102134	359.503000
50818.515344	355.093000
50832.524093	354.326000
50921.091520	349.919000
50934.283628	349.213000
51022.694446	344.932000
51038.908926	344.079000
51127.264560	339.886000
51145.482260	338.969000
51240.225313	334.400000
51254.564070	333.681000
51334.268994	329.779000
51356.559210	328.662000
51444.414592	324.327000
51463.639644	323.373000
51548.386841	319.214000
51567.900119	318.264000
51653.745415	314.026000
51676.262284	312.979000
51758.608366	309.113000
51783.740613	307.959000
51870.151985	303.864000
51900.708679	302.446000
51980.660183	298.680000
51999.041299	297.810000
52084.708543	293.920000
52124.397228	292.052000
52196.380095	288.916000
52233.837731	287.172000
52318.542119	283.681000
52354.947091	282.056000
52435.167067	278.949000
52486.507349	276.755000
52561.935240	274.037000
52624.624734	271.601000
52714.365718	268.793000
52772.371317	266.612000
52864.609469	263.996000
52942.433477	261.292000
53031.484419	259.101000
53120.213156	256.228000
53252.924203	253.907000
53363.926853	250.909000
53455.264374	249.006000
53582.776418	245.758000
53646.850574	244.176000
53801.660997	240.610000
53900.662425	238.619000
54023.919901	235.224000
54094.895027	233.968000
54246.212261	230.037000
54336.046987	228.921000
54505.381078	224.914000
54628.850054	223.869000
54848.045611	219.529000
55120.019822	224.914000
55593.455407	228.921000
55640.617085	230.037000
55957.051052	233.968000
56005.398660	235.224000
56197.246236	238.619000
56269.530664	240.610000
56446.848139	244.176000
56515.527356	245.758000
56647.077835	249.006000
56721.787017	250.909000
56865.680810	253.907000
56951.617151	256.228000
57115.890670	259.101000
57183.556755	261.292000
57293.458055	263.996000
57368.749329	266.612000
57445.649715	268.793000
57520.330926	271.601000
57598.183147	274.037000
57668.129799	276.755000
57729.016036	278.949000
57801.720802	282.056000
57843.676856	283.681000
57921.885938	287.172000
57964.201737	288.916000
58031.556752	292.052000
58074.434302	293.920000
58157.083650	297.810000
58176.243162	298.680000
58255.810156	302.446000
58285.914041	303.864000
58374.157808	307.959000
58398.509145	309.113000
58482.704350	312.979000
58505.005526	314.026000
58596.148307	318.264000
58615.391589	319.214000
58700.818668	323.373000
58720.258155	324.327000
58807.617276	328.662000
58830.254983	329.779000
58908.121072	333.681000
58922.807858	334.400000
59013.925769	338.969000
59032.940735	339.886000
59116.241518	344.079000
59134.216084	344.932000
59215.592623	349.213000
59230.172870	349.919000
59312.520772	354.326000
59327.935162	355.093000
59408.480905	359.503000
59421.186544	360.144000
59501.491376	364.580000
59511.832935	365.127000
59593.165205	369.562000
59605.640796	370.228000
59689.535871	374.776000
59698.917125	375.273000
59786.440237	379.967000
59788.621249	380.081000
59881.362831	384.951000
59893.979980	385.599000
59980.849029	390.076000
59983.612449	390.217000
60075.877568	394.906000
60084.498006	395.342000
60185.289566	400.437000
60185.511904	400.448000
60278.536032	405.127000
60282.479767	405.327000
60384.049022	410.396000
60385.353282	410.461000
60478.522235	415.167000
60484.196310	415.453000
60584.660192	420.465000
60587.421726	420.606000
60679.137447	425.214000
60685.163096	425.527000
60779.053495	430.208000
60791.573488	430.860000
60883.456254	435.436000
60886.639247	435.603000
60979.882345	440.307000
60987.948193	440.736000
61072.187349	445.054000
61086.953134	445.844000
61175.928893	450.473000
61184.960503	450.952000
61263.751235	455.120000
61276.021427	455.775000
61358.761882	460.219000
61372.239098	460.935000
61455.611559	465.384000
61464.824269	465.863000
61546.977130	470.271000
61561.838367	471.035000
61633.791487	474.886000
61651.698939	475.799000
61742.115368	480.636000
61749.565010	481.018000
61824.747769	485.093000
61840.058398	485.881000
61915.736284	490.016000
61931.341741	490.828000
62017.972437	495.543000
62024.895550	495.899000
62105.289648	500.264000
62116.002042	500.816000
62192.210517	504.993000
62209.760121	505.892000
62296.259544	510.628000
62301.709916	510.905000
62377.584477	515.009000
62395.984605	515.951000
62476.033311	520.310000
62494.587702	521.262000
62570.311832	525.407000
62585.792708	526.200000
62658.721886	530.132000
62687.622499	531.621000
62760.153644	535.482000
62782.836185	536.643000
62851.728196	540.271000
62882.776601	541.860000
62946.295640	545.240000
62985.146396	547.207000
63045.146209	550.396000
63090.915490	552.740000
63138.808867	555.319000
63174.869875	557.222000
63236.298818	560.510000
63290.524856	563.398000
63325.226355	565.259000
63376.413982	567.944000
63423.045457	570.435000
63484.974379	573.708000
63519.523474	575.583000
63572.101558	578.414000
63602.298415	580.041000
63675.775631	584.004000
63701.651844	585.387000
63771.259946	589.133000
63793.646158	590.322000
63861.670392	593.970000
63880.494156	594.976000
63968.365254	599.676000
63978.475160	600.215000
64056.263714	604.365000
64073.422282	605.275000
64157.079114	609.742000
64160.969858	609.946000
64255.634515	614.938000
64257.754534	615.047000
64356.059532	620.125000
64356.674992	620.156000
64445.134170	624.711000
64455.422757	625.251000
64543.131780	629.762000
64557.201340	630.487000
64646.612945	635.066000
64661.517665	635.831000
64731.214497	639.443000
64752.958332	640.576000
64833.514835	644.808000
64853.785667	645.863000
64927.160752	649.733000
64957.233774	651.291000
65018.552815	654.497000
65046.301017	655.922000
65123.844115	659.955000
65147.924857	661.171000
65224.180723	665.158000
65248.210466	666.365000
65323.522435	670.252000
65343.730145	671.262000
65422.234411	675.264000
65441.634575	676.219000
65530.223821	680.725000
65545.263033	681.456000
65628.712996	685.713000
65646.697722	686.579000
65733.221725	690.946000
65741.099459	691.321000
65835.003497	695.965000
65846.136586	696.486000
65949.572399	701.538000
65952.559224	701.679000
66043.469435	706.200000
66050.054435	706.510000
66154.479724	711.622000
66158.141364	711.800000
66261.154720	716.654000
66262.346126	716.712000
66364.364667	721.468000
66375.816146	722.031000
66479.357637	726.860000
66481.307326	726.956000
66580.018355	731.529000
66601.937348	732.597000
66684.959489	736.508000
66700.088685	737.234000
66798.946649	741.883000
66815.947058	742.696000
66894.145973	746.330000
66926.554984	747.857000
67012.507824	751.774000
67036.149437	752.874000
67118.674531	756.568000
67155.068022	758.249000
67227.579608	761.437000
67262.772518	763.056000
67346.800210	766.695000
67388.509474	768.581000
67456.614276	771.533000
67502.993785	773.590000
67573.317745	776.646000
67618.389963	778.612000
67681.447443	781.338000
67741.543618	783.938000
67805.566585	786.666000
67863.474357	789.177000
67922.781272	791.687000
67975.466017	793.950000
68031.584631	796.300000
68107.122304	799.545000
68158.811962	801.682000
68221.757081	804.383000
68277.708110	806.688000
68351.656072	809.887000
68392.945739	811.571000
68456.053765	814.309000
68507.292529	816.435000
68601.800103	820.512000
68641.280017	822.142000
68703.131171	824.789000
68745.070614	826.486000
68835.477454	830.260000
68869.746231	831.612000
68968.943691	835.709000
69010.870179	837.345000
69086.497924	840.422000
69112.990835	841.453000
69218.995751	845.705000
69253.101456	847.005000
69362.141131	851.273000
69385.277745	852.137000
69474.735748	855.657000
69508.396764	856.878000
69625.382807	861.510000
69637.604819	861.959000
69751.914312	866.446000
69778.729459	867.425000
69884.685545	871.471000
69900.020243	872.022000
70026.623355	876.717000
70036.020366	877.046000
70176.374499	882.148000
70188.122515	882.547000
70303.526013	886.678000
70322.510968	887.323000
70456.352526	892.037000
70459.377838	892.142000
70607.938460	897.169000
70614.599179	897.393000
70753.115161	902.187000
70758.321508	902.359000
70900.836387	907.125000
70907.419763	907.335000
71059.176448	912.205000
71064.170847	912.361000
71221.608150	917.323000
71226.384110	917.470000
71379.794471	922.229000
71385.761473	922.408000
71544.455034	927.215000
71557.260542	927.604000
71712.349929	932.097000
71730.238256	932.622000
71897.015696	937.407000
71900.821068	937.516000
72064.273446	942.196000
72080.789714	942.662000
72237.935730	947.085000
72260.086711	947.704000
72423.929812	952.164000
72450.444056	952.884000
72616.729290	957.385000
72618.509262	957.434000
72781.761052	961.932000
72821.022994	962.959000
72992.501422	967.435000
73011.685380	967.924000
73183.658159	972.128000
73196.674934	972.451000
73388.080595	977.004000
73431.136685	978.083000
73612.248813	982.195000
73635.866260	982.771000
73805.651104	986.758000
73856.182990	987.924000
73992.406345	991.076000
74070.970225	992.804000
74173.810422	995.084000
74305.222483	997.855000
74322.219455	998.206000
74446.892797	1000.847000
74478.814706	1001.484000
74514.342730	1002.187000
74514.903109	1002.198000
74517.161161	1002.242000
74522.245395	1002.341000
74524.461418	1002.384000
74526.467780	1002.423000
74527.810469	1002.449000
74529.618326	1002.484000
74537.994340	1002.646000
74539.084841	1002.667000
74542.928640	1002.746000
74548.758153	1002.858000
74552.201793	1002.924000
74553.611081	1002.951000
74620.340493	1004.241000
74727.064171	1006.265000
74832.582333	1008.185000
74839.798297	1008.312000
74992.683288	1011.069000
75096.533093	1012.790000
75150.032131	1013.694000
75326.159653	1016.486000
75443.966877	1018.260000
75498.162495	1019.081000
75709.300481	1022.122000
75772.490341	1023.017000
75914.860328	1025.063000
76140.291945	1028.037000
76178.090211	1028.514000
76583.233870	1033.223000
76594.868343	1033.317000
76963.996774	1037.998000
77069.838877	1038.358000
77589.701492	1042.983000
77771.017532	1043.457000
79721.503788	1038.358000
79761.968770	1037.998000
81138.210113	1033.317000
81145.622647	1033.223000
81728.460252	1028.514000
81769.499438	1028.037000
82005.164095	1025.063000
82160.252558	1023.017000
82222.530729	1022.122000
82437.235047	1019.081000
82494.237443	1018.260000
82611.342225	1016.486000
82796.752468	1013.694000
82853.779430	1012.790000
82955.628817	1011.069000
83121.993669	1008.312000
83129.036250	1008.185000
83238.127991	1006.265000
83349.361720	1004.241000
83417.382246	1002.951000
83418.778908	1002.924000
83422.223835	1002.858000
83428.067587	1002.746000
83432.179476	1002.667000
83433.201245	1002.646000
83441.613682	1002.484000
83443.423315	1002.449000
83444.766294	1002.423000
83446.780328	1002.384000
83448.992470	1002.341000
83454.094478	1002.242000
83456.354138	1002.198000
83456.918651	1002.187000
83492.731926	1001.484000
83524.924460	1000.847000
83657.272595	998.206000
83673.842206	997.855000
83808.026282	995.084000
83916.153131	992.804000
83994.095175	991.076000
84137.401513	987.924000
84187.793782	986.758000
84360.581629	982.771000
84385.110365	982.195000
84553.712698	978.083000
84601.237014	977.004000
84782.918550	972.451000
84796.497295	972.128000
84965.916868	967.924000
84985.920362	967.435000
85161.518308	962.959000
85200.863336	961.932000
85372.820700	957.434000
85374.599121	957.385000
85538.102220	952.884000
85564.701947	952.164000
85728.942959	947.704000
85751.682618	947.085000
85909.960141	942.662000
85926.516786	942.196000
86092.388314	937.516000
86096.195218	937.407000
86263.247592	932.622000
86281.546057	932.097000
86434.636062	927.604000
86448.063565	927.215000
86606.305417	922.408000
86612.214747	922.229000
86770.857007	917.470000
86775.595675	917.323000
86936.808697	912.361000
86941.758359	912.205000
87097.673252	907.335000
87104.217175	907.125000
87253.628463	902.359000
87258.771677	902.187000
87403.883447	897.393000
87410.355616	897.169000
87559.835254	892.142000
87562.938270	892.037000
87698.760400	887.323000
87717.073469	886.678000
87838.665479	882.547000
87849.811931	882.148000
88000.033428	877.046000
88009.084096	876.717000
88143.184303	872.022000
88158.042304	871.471000
88270.645188	867.425000
88296.283104	866.446000
88419.183576	861.959000
88430.622168	861.510000
88556.707599	856.878000
88587.545241	855.657000
88684.586007	852.137000
88706.543880	851.273000
88820.834469	847.005000
88854.047117	845.705000
88965.599006	841.453000
88991.302456	840.422000
89070.370048	837.345000
89110.580315	835.709000
89215.575927	831.612000
89248.310847	830.260000
89343.969399	826.486000
89384.621335	824.789000
89450.038959	822.142000
89488.126371	820.512000
89586.874598	816.435000
89636.156693	814.309000
89702.145281	811.571000
89740.959713	809.887000
89819.395370	806.688000
89872.677662	804.383000
89938.241103	801.682000
89988.042553	799.545000
90066.532464	796.300000
90121.236172	793.950000
90175.277204	791.687000
90233.712339	789.177000
90293.042882	786.666000
90355.955029	783.938000
90416.973986	781.338000
90479.982513	778.612000
90525.459772	776.646000
90595.521164	773.590000
90642.856369	771.533000
90709.415586	768.581000
90752.926988	766.695000
90833.404195	763.056000
90870.788321	761.437000
90940.087268	758.249000
90978.321890	756.568000
91058.296642	752.874000
91082.870979	751.774000
91167.056614	747.857000
91200.564397	746.330000
91277.692325	742.696000
91295.187019	741.883000
91392.400923	737.234000
91407.838841	736.508000
91489.340613	732.597000
91512.011962	731.529000
91605.865478	726.956000
91607.937697	726.860000
91706.011125	722.031000
91718.082746	721.468000
91814.820286	716.712000
91816.064415	716.654000
91915.772732	711.800000
91919.550313	711.622000
92024.709328	706.510000
92031.041848	706.200000
92127.076633	701.679000
92129.911922	701.538000
92236.929215	696.486000
92247.596289	695.965000
92346.832502	691.321000
92354.415192	690.946000
92446.154036	686.579000
92463.312219	685.713000
92551.719815	681.456000
92566.049606	680.725000
92658.753699	676.219000
92677.529271	675.264000
92758.827130	671.262000
92778.639551	670.252000
92856.409223	666.365000
92879.795266	665.158000
92959.171061	661.171000
92982.428430	659.955000
93062.294906	655.922000
93089.693595	654.497000
93152.122182	651.291000
93181.921017	649.733000
93256.621014	645.863000
93276.623782	644.808000
93357.937677	640.576000
93379.504435	639.443000
93448.823702	635.831000
93463.585075	635.066000
93552.799083	630.487000
93566.955758	629.762000
93654.497531	625.251000
93664.996949	624.711000
93751.783081	620.156000
93752.385108	620.125000
93853.201481	615.047000
93855.311612	614.938000
93952.404582	609.946000
93956.273090	609.742000
94041.468944	605.275000
94058.511191	604.365000
94136.761803	600.215000
94146.864943	599.676000
94235.021822	594.976000
94253.829976	593.970000
94322.089512	590.322000
94344.260787	589.133000
94414.789593	585.387000
94440.488473	584.004000
94514.637014	580.041000
94544.802906	578.414000
94597.345808	575.583000
94632.168806	573.708000
94692.477707	570.435000
94739.610290	567.944000
94789.873441	565.259000
94825.352091	563.398000
94879.203745	560.510000
94940.940314	557.222000
94976.493623	555.319000
95025.364532	552.740000
95068.893836	550.396000
95131.162708	547.207000
95168.171060	545.240000
95234.930365	541.860000
95264.791831	540.271000
95335.681457	536.643000
95357.727660	535.482000
95433.160294	531.621000
95461.132031	530.132000
95537.449836	526.200000
95552.158085	525.407000
95633.076410	521.262000
95650.468297	520.310000
95735.424799	515.951000
95752.723694	515.009000
95832.887307	510.905000
95838.008470	510.628000
95931.196052	505.892000
95947.615600	504.993000
96029.155862	500.816000
96039.226985	500.264000
96123.936407	495.899000
96130.493176	495.543000
96222.185526	490.828000
96237.104747	490.016000
96316.573421	485.881000
96330.995228	485.093000
96410.171385	481.018000
96417.219192	480.636000
96511.548809	475.799000
96528.615214	474.886000
96604.148177	471.035000
96618.422958	470.271000
96704.166850	465.863000
96713.094078	465.384000
96798.662649	460.935000
96812.080199	460.219000
96895.729290	455.775000
96907.924384	455.120000
96986.004023	450.952000
96995.058908	450.473000
97082.339334	445.844000
97097.524223	445.054000
97178.231389	440.736000
97186.600680	440.307000
97275.042983	435.603000
97278.353272	435.436000
97365.571090	430.860000
97378.662778	430.208000
97468.549417	425.527000
97474.827497	425.214000
97563.537376	420.606000
97566.343782	420.465000
97664.505520	415.453000
97670.238295	415.167000
97763.602617	410.461000
97764.889481	410.396000
97866.601684	405.327000
97870.609151	405.127000
97962.872819	400.448000
97963.091512	400.437000
98066.074733	395.342000
98074.699879	394.906000
98167.409129	390.217000
98170.183576	390.076000
98257.927073	385.599000
98270.500480	384.951000
98365.323811	380.081000
98367.494764	379.967000
98457.298891	375.273000
98466.565825	374.776000
98552.412791	370.228000
98564.698218	369.562000
98647.775161	365.127000
98657.806447	364.580000
98741.673274	360.144000
98753.277286	359.503000
98840.690496	355.093000
98854.699245	354.326000
98943.266672	349.919000
98956.458780	349.213000
99044.869598	344.932000
99061.084078	344.079000
99149.439712	339.886000
99167.657412	338.969000
99262.400465	334.400000
99276.739222	333.681000
99356.444146	329.779000
99378.734362	328.662000
99466.589744	324.327000
99485.814796	323.373000
99570.561993	319.214000
99590.075271	318.264000
99675.920567	314.026000
99698.437436	312.979000
99780.783518	309.113000
99805.915765	307.959000
99892.327137	303.864000
99922.883831	302.446000
100002.835335	298.680000
100021.216451	297.810000
100106.883695	293.920000
100146.572380	292.052000
100218.555247	288.916000
100256.012883	287.172000
100340.717271	283.681000
100377.122243	282.056000
100457.342219	278.949000
100508.682501	276.755000
100584.110392	274.037000
100646.799886	271.601000
100736.540870	268.793000
100794.546469	266.612000
100886.784621	263.996000
100964.608629	261.292000
101053.659571	259.101000
101142.388308	256.228000
101275.099355	253.907000
101386.102005	250.909000
101477.439526	249.006000
101604.951570	245.758000
101669.025726	244.176000
101823.836149	240.610000
101922.837577	238.619000
102046.095053	235.224000
102117.070179	233.968000
102268.387413	230.037000
102358.222139	228.921000
102527.556230	224.914000
102651.025206	223.869000
102870.220763	219.529000
103142.194974	224.914000
103615.630559	228.921000
103662.792237	230.037000
103979.226204	233.968000
104027.573812	235.224000
104219.421388	238.619000
104291.705816	240.610000
104469.023291	244.176000
104537.702508	245.758000
104669.252987	249.006000
104743.962169	250.909000
104887.855962	253.907000
104973.792303	256.228000
105138.065822	259.101000
105205.731907	261.292000
105315.633207	263.996000
105390.924480	266.612000
105467.824867	268.793000
105542.506078	271.601000
105620.358299	274.037000
105690.304951	276.755000
105751.191188	278.949000
105823.895954	282.056000
105865.852008	283.681000
105944.061090	287.172000
105986.376889	288.916000
106053.731904	292.052000
106096.609454	293.920000
106179.258802	297.810000
106198.418314	298.680000
106277.985308	302.446000
106308.089193	303.864000
106396.332960	307.959000
106420.684297	309.113000
106504.879502	312.979000
106527.180678	314.026000
106618.323459	318.264000
106637.566741	319.214000
106722.993820	323.373000
106742.433307	324.327000
106829.792428	328.662000
106852.430135	329.779000
106930.296224	333.681000
106944.983010	334.400000
107036.100921	338.969000
107055.115887	339.886000
107138.416670	344.079000
107156.391236	344.932000
107237.767775	349.213000
107252.348022	349.919000
107334.695924	354.326000
107350.110314	355.093000
107430.656057	359.503000
107443.361696	360.144000
107523.666528	364.580000
107534.008087	365.127000
107615.340357	369.562000
107627.815948	370.228000
107711.711023	374.776000
107721.092277	375.273000
107808.615389	379.967000
107810.796401	380.081000
107903.537983	384.951000
107916.155132	385.599000
108003.024181	390.076000
108005.787601	390.217000
108098.052720	394.906000
108106.673158	395.342000
108207.464718	400.437000
108207.687056	400.448000
108300.711184	405.127000
108304.654919	405.327000
108406.224174	410.396000
108407.528434	410.461000
108500.697387	415.167000
108506.371462	415.453000
108606.835344	420.465000
108609.596878	420.606000
108701.312599	425.214000
108707.338248	425.527000
108801.228647	430.208000
108813.748640	430.860000
108905.631406	435.436000
108908.814399	435.603000
109002.057497	440.307000
109010.123345	440.736000
109094.362501	445.054000
109109.128286	445.844000
109198.104045	450.473000
109207.135655	450.952000
109285.926387	455.120000
109298.196579	455.775000
109380.937034	460.219000
109394.414250	460.935000
109477.786711	465.384000
109486.999421	465.863000
109569.152282	470.271000
109584.013519	471.035000
109655.966639	474.886000
109673.874091	475.799000
109764.290520	480.636000
109771.740162	481.018000
109846.922921	485.093000
109862.233549	485.881000
109937.911436	490.016000
109953.516893	490.828000
110040.147589	495.543000
110047.070702	495.899000
110127.464800	500.264000
110138.177194	500.816000
110214.385669	504.993000
110231.935273	505.892000
110318.434696	510.628000
110323.885068	510.905000
110399.759629	515.009000
110418.159757	515.951000
110498.208463	520.310000
110516.762854	521.262000
110592.486984	525.407000
110607.967860	526.200000
110680.897038	530.132000
110709.797651	531.621000
110782.328796	535.482000
110805.011336	536.643000
110873.903348	540.271000
110904.951753	541.860000
110968.470792	545.240000
111007.321548	547.207000
111067.321361	550.396000
111113.090642	552.740000
111160.984019	555.319000
111197.045027	557.222000
111258.473970	560.510000
111312.700008	563.398000
111347.401507	565.259000
111398.589134	567.944000
111445.220609	570.435000
111507.149531	573.708000
111541.698626	575.583000
111594.276710	578.414000
111624.473567	580.041000
111697.950783	584.004000
111723.826996	585.387000
111793.435098	589.133000
111815.821310	590.322000
111883.845544	593.970000
111902.669308	594.976000
111990.540406	599.676000
112000.650312	600.215000
112078.438866	604.365000
112095.597434	605.275000
112179.254266	609.742000
112183.145010	609.946000
112277.809667	614.938000
112279.929686	615.047000
112378.234684	620.125000
112378.850144	620.156000
112467.309322	624.711000
112477.597909	625.251000
112565.306932	629.762000
112579.376492	630.487000
112668.788097	635.066000
112683.692817	635.831000
112753.389649	639.443000
112775.133484	640.576000
112855.689987	644.808000
112875.960819	645.863000
112949.335904	649.733000
112979.408926	651.291000
113040.727966	654.497000
113068.476169	655.922000
113146.019267	659.955000
113170.100009	661.171000
113246.355875	665.158000
113270.385618	666.365000
113345.697587	670.252000
113365.905297	671.262000
113444.409563	675.264000
113463.809727	676.219000
113552.398973	680.725000
113567.438185	681.456000
113650.888148	685.713000
113668.872874	686.579000
113755.396877	690.946000
113763.274611	691.321000
113857.178649	695.965000
113868.311738	696.486000
113971.747551	701.538000
113974.734376	701.679000
114065.644587	706.200000
114072.229587	706.510000
114176.654876	711.622000
114180.316516	711.800000
114283.329872	716.654000
114284.521278	716.712000
114386.539819	721.468000
114397.991298	722.031000
114501.532789	726.860000
114503.482478	726.956000
114602.193507	731.529000
114624.112500	732.597000
114707.134641	736.508000
114722.263837	737.234000
114821.121801	741.883000
114838.122210	742.696000
114916.321125	746.330000
114948.730136	747.857000
115034.682976	751.774000
115058.324589	752.874000
115140.849683	756.568000
115177.243174	758.249000
115249.754760	761.437000
115284.947670	763.056000
115368.975362	766.695000
115410.684626	768.581000
115478.789428	771.533000
115525.168937	773.590000
115595.492897	776.646000
115640.565115	778.612000
115703.622595	781.338000
115763.718770	783.938000
115827.741737	786.666000
115885.649509	789.177000
115944.956424	791.687000
115997.641169	793.950000
116053.759783	796.300000
116129.297456	799.545000
116180.987114	801.682000
116243.932233	804.383000
116299.883262	806.688000
116373.831224	809.887000
116415.120891	811.571000
116478.228917	814.309000
116529.467681	816.435000
116623.975255	820.512000
116663.455169	822.142000
116725.306323	824.789000
116767.245766	826.486000
116857.652606	830.260000
116891.921383	831.612000
116991.118843	835.709000
117033.045331	837.345000
117108.673076	840.422000
117135.165987	841.453000
117241.170903	845.705000
117275.276608	847.005000
117384.316283	851.273000
117407.452897	852.137000
117496.910900	855.657000
117530.571916	856.878000
117647.557959	861.510000
117659.779971	861.959000
117774.089464	866.446000
117800.904611	867.425000
117906.860697	871.471000
117922.195395	872.022000
118048.798507	876.717000
118058.195518	877.046000
118198.549651	882.148000
118210.297667	882.547000
118325.701165	886.678000
118344.686120	887.323000
118478.527678	892.037000
118481.552990	892.142000
118630.113612	897.169000
118636.774331	897.393000
118775.290313	902.187000
118780.496660	902.359000
118923.011539	907.125000
118929.594915	907.335000
119081.351600	912.205000
119086.345999	912.361000
119243.783302	917.323000
119248.559262	917.470000
119401.969623	922.229000
119407.936625	922.408000
119566.630186	927.215000
119579.435694	927.604000
119734.525081	932.097000
119752.413408	932.622000
119919.190848	937.407000
119922.996220	937.516000
120086.448598	942.196000
120102.964866	942.662000
120260.110882	947.085000
120282.261863	947.704000
120446.104964	952.164000
120472.619208	952.884000
120638.904442	957.385000
120640.684414	957.434000
120803.936204	961.932000
120843.198146	962.959000
121014.676574	967.435000
121033.860532	967.924000
121205.833311	972.128000
121218.850086	972.451000
121410.255747	977.004000
121453.311837	978.083000
121634.423965	982.195000
121658.041412	982.771000
121827.826256	986.758000
121878.358142	987.924000
122014.581497	991.076000
122093.145377	992.804000
122195.985574	995.084000
122327.397635	997.855000
122344.394607	998.206000
122469.067949	1000.847000
122500.989858	1001.484000
122536.517882	1002.187000
122537.078261	1002.198000
122539.336313	1002.242000
122544.420547	1002.341000
122546.636570	1002.384000
122548.642932	1002.423000
122549.985621	1002.449000
122551.793478	1002.484000
122560.169492	1002.646000
122561.259993	1002.667000
122565.103792	1002.746000
122570.933305	1002.858000
122574.376945	1002.924000
122575.786233	1002.951000
122642.515645	1004.241000
122749.239323	1006.265000
122854.757485	1008.185000
122861.973449	1008.312000
123014.858440	1011.069000
123118.708245	1012.790000
123172.207283	1013.694000
123348.334805	1016.486000
123466.142029	1018.260000
123520.337647	1019.081000
123731.475633	1022.122000
123794.665493	1023.017000
123937.035480	1025.063000
124162.467097	1028.037000
124200.265363	1028.514000
124605.409022	1033.223000
124617.043495	1033.317000
124986.171926	1037.998000
125092.014029	1038.358000
125611.876644	1042.983000
125793.192684	1043.457000
127743.678940	1038.358000
127784.143922	1037.998000
129160.385265	1033.317000
129167.797799	1033.223000
129750.635404	1028.514000
129791.674590	1028.037000
130027.339247	1025.063000
130182.427710	1023.017000
130244.705881	1022.122000
130459.410199	1019.081000
130516.412595	1018.260000
130633.517377	1016.486000
130818.927620	1013.694000
130875.954582	1012.790000
130977.803969	1011.069000
131144.168821	1008.312000
131151.211402	1008.185000
131260.303143	1006.265000
131371.536872	1004.241000
131439.557398	1002.951000
131440.954060	1002.924000
131444.398987	1002.858000
131450.242739	1002.746000
131454.354628	1002.667000
131455.376397	1002.646000
131463.788834	1002.484000
131465.598467	1002.449000
131466.941446	1002.423000
131468.955480	1002.384000
131471.167622	1002.341000
131476.269630	1002.242000
131478.529290	1002.198000
131479.093803	1002.187000
131514.907078	1001.484000
131547.099612	1000.847000
131679.447747	998.206000
131696.017358	997.855000
131830.201434	995.084000
131938.328283	992.804000
132016.270327	991.076000
132159.576665	987.924000
132209.968934	986.758000
132382.756781	982.771000
132407.285517	982.195000
132575.887850	978.083000
132623.412166	977.004000
132805.093702	972.451000
132818.672447	972.128000
132988.092020	967.924000
133008.095514	967.435000
133183.693460	962.959000
133223.038488	961.932000
133394.995852	957.434000
133396.774273	957.385000
133560.277372	952.884000
133586.877099	952.164000
133751.118111	947.704000
133773.857770	947.085000
133932.135293	942.662000
133948.691938	942.196000
134114.563466	937.516000
134118.370370	937.407000
134285.422744	932.622000
134303.721209	932.097000
134456.811214	927.604000
134470.238717	927.215000
134628.480569	922.408000
134634.389898	922.229000
134793.032159	917.470000
134797.770827	917.323000
134958.983849	912.361000
134963.933510	912.205000
135119.848404	907.335000
135126.392327	907.125000
135275.803615	902.359000
135280.946829	902.187000
135426.058599	897.393000
135432.530768	897.169000
135582.010406	892.142000
135585.113422	892.037000
135720.935552	887.323000
135739.248621	886.678000
135860.840631	882.547000
135871.987083	882.148000
136022.208580	877.046000
136031.259248	876.717000
136165.359455	872.022000
136180.217456	871.471000
136292.820340	867.425000
136318.458256	866.446000
136441.358728	861.959000
136452.797320	861.510000
136578.882751	856.878000
136609.720393	855.657000
136706.761159	852.137000
136728.719032	851.273000
136843.009621	847.005000
136876.222268	845.705000
136987.774158	841.453000
137013.477608	840.422000
137092.545200	837.345000
137132.755467	835.709000
137237.751079	831.612000
137270.485999	830.260000
137366.144551	826.486000
137406.796487	824.789000
137472.214111	822.142000
137510.301523	820.512000
137609.049750	816.435000
137658.331845	814.309000
137724.320433	811.571000
137763.134865	809.887000
137841.570522	806.688000
137894.852814	804.383000
137960.416255	801.682000
138010.217705	799.545000
138088.707616	796.300000
138143.411324	793.950000
138197.452356	791.687000
138255.887491	789.177000
138315.218034	786.666000
138378.130181	783.938000
138439.149138	781.338000
138502.157665	778.612000
138547.634924	776.646000
138617.696316	773.590000
138665.031521	771.533000
138731.590738	768.581000
138775.102140	766.695000
138855.579347	763.056000
138892.963473	761.437000
138962.262420	758.249000
139000.497042	756.568000
139080.471794	752.874000
139105.046131	751.774000
139189.231766	747.857000
139222.739549	746.330000
139299.867477	742.696000
139317.362171	741.883000
139414.576075	737.234000
139430.013993	736.508000
139511.515765	732.597000
139534.187114	731.529000
139628.040630	726.956000
139630.112849	726.860000
139728.186277	722.031000
139740.257898	721.468000
139836.995438	716.712000
139838.239567	716.654000
139937.947884	711.800000
139941.725465	711.622000
140046.884480	706.510000
140053.217000	706.200000
140149.251785	701.679000
140152.087074	701.538000
140259.104367	696.486000
140269.771441	695.965000
140369.007654	691.321000
140376.590344	690.946000
140468.329188	686.579000
140485.487371	685.713000
140573.894967	681.456000
140588.224758	680.725000
140680.928851	676.219000
140699.704423	675.264000
140781.002282	671.262000
140800.814703	670.252000
140878.584375	666.365000
140901.970418	665.158000
140981.346213	661.171000
141004.603582	659.955000
141084.470058	655.922000
141111.868747	654.497000
141174.297334	651.291000
141204.096169	649.733000
141278.796166	645.863000
141298.798934	644.808000
141380.112829	640.576000
141401.679587	639.443000
141470.998854	635.831000
141485.760227	635.066000
141574.974235	630.487000
141589.130910	629.762000
141676.672683	625.251000
141687.172101	624.711000
141773.958233	620.156000
141774.560260	620.125000
141875.376633	615.047000
141877.486764	614.938000
141974.579734	609.946000
141978.448242	609.742000
142063.644096	605.275000
142080.686343	604.365000
142158.936955	600.215000
142169.040095	599.676000
142257.196974	594.976000
142276.005128	593.970000
142344.264664	590.322000
142366.435939	589.133000
142436.964745	585.387000
142462.663625	584.004000
142536.812166	580.041000
142566.978058	578.414000
142619.520960	575.583000
142654.343958	573.708000
142714.652859	570.435000
142761.785442	567.944000
142812.048593	565.259000
142847.527243	563.398000
142901.378897	560.510000
142963.115466	557.222000
142998.668775	555.319000
143047.539684	552.740000
143091.068988	550.396000
143153.337860	547.207000
143190.346212	545.240000
143257.105517	541.860000
143286.966983	540.271000
143357.856609	536.643000
143379.902812	535.482000
143455.335446	531.621000
143483.307183	530.132000
143559.624988	526.200000
143574.333237	525.407000
143655.251562	521.262000
143672.643449	520.310000
143757.599951	515.951000
143774.898846	515.009000
143855.062459	510.905000
143860.183622	510.628000
143953.371204	505.892000
143969.790752	504.993000
144051.331014	500.816000
144061.402137	500.264000
144146.111559	495.899000
144152.668328	495.543000
144244.360678	490.828000
144259.279899	490.016000
144338.748573	485.881000
144353.170380	485.093000
144432.346537	481.018000
144439.394344	480.636000
144533.723961	475.799000
144550.790366	474.886000
144626.323329	471.035000
144640.598110	470.271000
144726.342002	465.863000
144735.269230	465.384000
144820.837801	460.935000
144834.255351	460.219000
144917.904442	455.775000
144930.099536	455.120000
145008.179175	450.952000
145017.234060	450.473000
145104.514486	445.844000
145119.699375	445.054000
145200.406541	440.736000
145208.775832	440.307000
145297.218135	435.603000
145300.528424	435.436000
145387.746242	430.860000
145400.837930	430.208000
145490.724569	425.527000
145497.002649	425.214000
145585.712528	420.606000
145588.518934	420.465000
145686.680672	415.453000
145692.413447	415.167000
145785.777769	410.461000
145787.064633	410.396000
145888.776836	405.327000
145892.784303	405.127000
145985.047971	400.448000
145985.266664	400.437000
146088.249885	395.342000
146096.875031	394.906000
146189.584281	390.217000
146192.358728	390.076000
146280.102225	385.599000
146292.675632	384.951000
146387.498963	380.081000
146389.669916	379.967000
146479.474043	375.273000
146488.740977	374.776000
146574.587943	370.228000
146586.873370	369.562000
146669.950313	365.127000
146679.981599	364.580000
146763.848426	360.144000
146775.452438	359.503000
146862.865648	355.093000
146876.874397	354.326000
146965.441824	349.919000
146978.633932	349.213000
147067.044750	344.932000
147083.259230	344.079000
147171.614864	339.886000
147189.832564	338.969000
147284.575617	334.400000
147298.914374	333.681000
147378.619298	329.779000
147400.909514	328.662000
147488.764896	324.327000
147507.989948	323.373000
147592.737145	319.214000
147612.250423	318.264000
147698.095719	314.026000
147720.612588	312.979000
147802.958670	309.113000
147828.090917	307.959000
147914.502289	303.864000
147945.058983	302.446000
148025.010487	298.680000
148043.391603	297.810000
148129.058847	293.920000
148168.747532	292.052000
148240.730399	288.916000
148278.188035	287.172000
148362.892423	283.681000
148399.297395	282.056000
148479.517371	278.949000
148530.857653	276.755000
148606.285544	274.037000
148668.975038	271.601000
148758.716022	268.793000
148816.721621	266.612000
148908.959773	263.996000
148986.783781	261.292000
149075.834723	259.101000
149164.563460	256.228000
149297.274507	253.907000
149408.277157	250.909000
149499.614678	249.006000
149627.126722	245.758000
149691.200878	244.176000
149846.011301	240.610000
149945.012729	238.619000
150068.270205	235.224000
150139.245331	233.968000
150290.562565	230.037000
150380.397291	228.921000
150549.731382	224.914000
150673.200358	223.869000
150892.395915	219.529000
151164.370126	224.914000
151637.805711	228.921000
151684.967389	230.037000
152001.401356	233.968000
152049.748964	235.224000
152241.596540	238.619000
152313.880968	240.610000
152491.198443	244.176000
152559.877660	245.758000
152691.428139	249.006000
152766.137321	250.909000
152910.031114	253.907000
152995.967455	256.228000
153160.240974	259.101000
153227.907059	261.292000
153337.808359	263.996000
153413.099632	266.612000
153490.000019	268.793000
153564.681230	271.601000
153642.533451	274.037000
153712.480103	276.755000
153773.366340	278.949000
153846.071106	282.056000
153888.027160	283.681000
153966.236242	287.172000
154008.552041	288.916000
154075.907056	292.052000
154118.784606	293.920000
154201.433954	297.810000
154220.593466	298.680000
154300.160460	302.446000
154330.264345	303.864000
154418.508112	307.959000
154442.859449	309.113000
154527.054654	312.979000
154549.355830	314.026000
154640.498611	318.264000
154659.741893	319.214000
154745.168972	323.373000
154764.608459	324.327000
154851.967580	328.662000
154874.605287	329.779000
154952.471376	333.681000
154967.158162	334.400000
155058.276073	338.969000
155077.291039	339.886000
155160.591822	344.079000
155178.566388	344.932000
155259.942927	349.213000
155274.523174	349.919000
155356.871076	354.326000
155372.285466	355.093000
155452.831209	359.503000
155465.536848	360.144000
155545.841680	364.580000
155556.183239	365.127000
155637.515509	369.562000
155649.991100	370.228000
155733.886175	374.776000
155743.267429	375.273000
155830.790541	379.967000
155832.971553	380.081000
155925.713135	384.951000
155938.330284	385.599000
156025.199333	390.076000
156027.962753	390.217000
156120.227872	394.906000
156128.848310	395.342000
156229.639870	400.437000
156229.862208	400.448000
156322.886336	405.127000
156326.830071	405.327000
156428.399326	410.396000
156429.703586	410.461000
156522.872539	415.167000
156528.546614	415.453000
156629.010496	420.465000
156631.772029	420.606000
156723.487751	425.214000
156729.513400	425.527000
156823.403799	430.208000
156835.923792	430.860000
156927.806558	435.436000
156930.989551	435.603000
157024.232649	440.307000
157032.298497	440.736000
157116.537653	445.054000
157131.303438	445.844000
157220.279197	450.473000
157229.310807	450.952000
157308.101539	455.120000
157320.371731	455.775000
157403.112186	460.219000
157416.589402	460.935000
157499.961863	465.384000
157509.174573	465.863000
157591.327434	470.271000
157606.188671	471.035000
157678.141791	474.886000
157696.049243	475.799000
157786.465672	480.636000
157793.915313	481.018000
157869.098073	485.093000
157884.408701	485.881000
157960.086588	490.016000
157975.692045	490.828000
158062.322741	495.543000
158069.245854	495.899000
158149.639952	500.264000
158160.352346	500.816000
158236.560821	504.993000
158254.110425	505.892000
158340.609848	510.628000
158346.060220	510.905000
158421.934781	515.009000
158440.334909	515.951000
158520.383615	520.310000
158538.938006	521.262000
158614.662136	525.407000
158630.143012	526.200000
158703.072190	530.132000
158731.972803	531.621000
158804.503948	535.482000
158827.186488	536.643000
158896.078499	540.271000
158927.126905	541.860000
158990.645944	545.240000
159029.496700	547.207000
159089.496513	550.396000
159135.265794	552.740000
159183.159171	555.319000
159219.220179	557.222000
159280.649122	560.510000
159334.875160	563.398000
159369.576659	565.259000
159420.764286	567.944000
159467.395761	570.435000
159529.324683	573.708000
159563.873778	575.583000
159616.451862	578.414000
159646.648719	580.041000
159720.125935	584.004000
159746.002148	585.387000
159815.610250	589.133000
159837.996462	590.322000
159906.020696	593.970000
159924.844460	594.976000
160012.715558	599.676000
160022.825464	600.215000
160100.614018	604.365000
160117.772586	605.275000
160201.429418	609.742000
160205.320162	609.946000
160299.984819	614.938000
160302.104838	615.047000
160400.409836	620.125000
160401.025296	620.156000
160489.484474	624.711000
160499.773061	625.251000
160587.482084	629.762000
160601.551644	630.487000
160690.963249	635.066000
160705.867969	635.831000
160775.564801	639.443000
160797.308636	640.576000
160877.865139	644.808000
160898.135971	645.863000
160971.511056	649.733000
161001.584078	651.291000
161062.903118	654.497000
161090.651321	655.922000
161168.194419	659.955000
161192.275161	661.171000
161268.531027	665.158000
161292.560770	666.365000
161367.872739	670.252000
161388.080449	671.262000
161466.584715	675.264000
161485.984879	676.219000
161574.574125	680.725000
161589.613337	681.456000
161673.063300	685.713000
161691.048026	686.579000
161777.572029	690.946000
161785.449763	691.321000
161879.353801	695.965000
161890.486890	696.486000
161993.922703	701.538000
161996.909528	701.679000
162087.819739	706.200000
162094.404739	706.510000
162198.830028	711.622000
162202.491668	711.800000
162305.505024	716.654000
162306.696430	716.712000
162408.714971	721.468000
162420.166450	722.031000
162523.707941	726.860000
162525.657630	726.956000
162624.368659	731.529000
162646.287652	732.597000
162729.309793	736.508000
162744.438989	737.234000
162843.296953	741.883000
162860.297362	742.696000
162938.496277	746.330000
162970.905288	747.857000
163056.858128	751.774000
163080.499741	752.874000
163163.024835	756.568000
163199.418326	758.249000
163271.929912	761.437000
163307.122822	763.056000
163391.150514	766.695000
163432.859778	768.581000
163500.964580	771.533000
163547.344089	773.590000
163617.668049	776.646000
163662.740267	778.612000
163725.797747	781.338000
163785.893922	783.938000
163849.916889	786.666000
163907.824661	789.177000
163967.131576	791.687000
164019.816321	793.950000
164075.934935	796.300000
164151.472608	799.545000
164203.162266	801.682000
164266.107385	804.383000
164322.058414	806.688000
164396.006376	809.887000
164437.296043	811.571000
164500.404069	814.309000
164551.642833	816.435000
164646.150407	820.512000
164685.630321	822.142000
164747.481475	824.789000
164789.420918	826.486000
164879.827758	830.260000
164914.096535	831.612000
165013.293995	835.709000
165055.220483	837.345000
165130.848228	840.422000
165157.341139	841.453000
165263.346055	845.705000
165297.451760	847.005000
165406.491435	851.273000
165429.628049	852.137000
165519.086052	855.657000
165552.747068	856.878000
165669.733111	861.510000
165681.955122	861.959000
165796.264616	866.446000
165823.079763	867.425000
165929.035849	871.471000
165944.370547	872.022000
166070.973659	876.717000
166080.370670	877.046000
166220.724803	882.148000
166232.472819	882.547000
166347.876317	886.678000
166366.861272	887.323000
166500.702830	892.037000
166503.728142	892.142000
166652.288763	897.169000
166658.949483	897.393000
166797.465465	902.187000
166802.671812	902.359000
166945.186691	907.125000
166951.770067	907.335000
167103.526752	912.205000
167108.521151	912.361000
167265.958454	917.323000
167270.734414	917.470000
167424.144775	922.229000
167430.111777	922.408000
167588.805338	927.215000
167601.610846	927.604000
167756.700233	932.097000
167774.588560	932.622000
167941.366000	937.407000
167945.171372	937.516000
168108.623750	942.196000
168125.140018	942.662000
168282.286034	947.085000
168304.437014	947.704000
168468.280116	952.164000
168494.794360	952.884000
168661.079594	957.385000
168662.859566	957.434000
168826.111356	961.932000
168865.373298	962.959000
169036.851726	967.435000
169056.035684	967.924000
169228.008463	972.128000
169241.025238	972.451000
169432.430899	977.004000
169475.486989	978.083000
169656.599117	982.195000
169680.216564	982.771000
169850.001408	986.758000
169900.533294	987.924000
170036.756649	991.076000
170115.320529	992.804000
170218.160726	995.084000
170349.572787	997.855000
170366.569759	998.206000
170491.243101	1000.847000
170523.165010	1001.484000
170558.693034	1002.187000
170559.253413	1002.198000
170561.511465	1002.242000
170566.595699	1002.341000
170568.811722	1002.384000
170570.818084	1002.423000
170572.160773	1002.449000
170573.968630	1002.484000
170582.344644	1002.646000
170583.435145	1002.667000
170587.278944	1002.746000
170593.108457	1002.858000
170596.552097	1002.924000
170597.961385	1002.951000
170664.690797	1004.241000
170771.414475	1006.265000
170876.932637	1008.185000
170884.148601	1008.312000
171037.033592	1011.069000
171140.883397	1012.790000
171194.382435	1013.694000
171370.509957	1016.486000
171488.317181	1018.260000
171542.512799	1019.081000
171753.650785	1022.122000
171816.840645	1023.017000
171959.210632	1025.063000
172184.642249	1028.037000
172222.440515	1028.514000
172627.584174	1033.223000
172639.218647	1033.317000
173008.347078	1037.998000
173114.189181	1038.358000
173634.051796	1042.983000
173815.367836	1043.457000
175765.854092	1038.358000
175806.319074	1037.998000
177182.560417	1033.317000
177189.972951	1033.223000
177772.810556	1028.514000
177813.849742	1028.037000
178049.514399	1025.063000
178204.602862	1023.017000
178266.881033	1022.122000
178481.585351	1019.081000
178538.587747	1018.260000
178655.692529	1016.486000
178841.102772	1013.694000
178898.129734	1012.790000
178999.979121	1011.069000
179166.343973	1008.312000
179173.386554	1008.185000
179282.478295	1006.265000
179393.712024	1004.241000
179461.732550	1002.951000
179463.129212	1002.924000
179466.574139	1002.858000
179472.417891	1002.746000
179476.529780	1002.667000
179477.551549	1002.646000
179485.963986	1002.484000
179487.773619	1002.449000
179489.116598	1002.423000
179491.130632	1002.384000
179493.342774	1002.341000
179498.444782	1002.242000
179500.704442	1002.198000
179501.268955	1002.187000
179537.082230	1001.484000
179569.274764	1000.847000
179701.622899	998.206000
179718.192510	997.855000
179852.376586	995.084000
179960.503435	992.804000
180038.445479	991.076000
180181.751817	987.924000
180232.144086	986.758000
180404.931933	982.771000
180429.460669	982.195000
180598.063002	978.083000
180645.587318	977.004000
180827.268854	972.451000
180840.847599	972.128000
181010.267172	967.924000
181030.270666	967.435000
181205.868612	962.959000
181245.213640	961.932000
181417.171004	957.434000
181418.949425	957.385000
181582.452524	952.884000
181609.052251	952.164000
181773.293263	947.704000
181796.032922	947.085000
181954.310445	942.662000
181970.867090	942.196000
182136.738618	937.516000
182140.545522	937.407000
182307.597895	932.622000
182325.896361	932.097000
182478.986366	927.604000
182492.413869	927.215000
182650.655721	922.408000
182656.565050	922.229000
182815.207311	917.470000
182819.945979	917.323000
182981.159001	912.361000
182986.108662	912.205000
183142.023556	907.335000
183148.567479	907.125000
183297.978767	902.359000
183303.121981	902.187000
183448.233751	897.393000
183454.705920	897.169000
183604.185558	892.142000
183607.288574	892.037000
183743.110704	887.323000
183761.423773	886.678000
183883.015783	882.547000
183894.162235	882.148000
184044.383732	877.046000
184053.434400	876.717000
184187.534607	872.022000
184202.392608	871.471000
184314.995492	867.425000
184340.633408	866.446000
184463.533880	861.959000
184474.972472	861.510000
184601.057903	856.878000
184631.895545	855.657000
184728.936311	852.137000
184750.894184	851.273000
184865.184773	847.005000
184898.397420	845.705000
185009.949310	841.453000
185035.652760	840.422000
185114.720352	837.345000
185154.930619	835.709000
185259.926231	831.612000
185292.661151	830.260000
185388.319703	826.486000
185428.971639	824.789000
185494.389263	822.142000
185532.476675	820.512000
185631.224902	816.435000
185680.506997	814.309000
185746.495585	811.571000
185785.310017	809.887000
185863.745674	806.688000
185917.027966	804.383000
185982.591406	801.682000
186032.392857	799.545000
186110.882768	796.300000
186165.586476	793.950000
186219.627508	791.687000
186278.062643	789.177000
186337.393186	786.666000
186400.305333	783.938000
186461.324289	781.338000
186524.332817	778.612000
186569.810076	776.646000
186639.871468	773.590000
186687.206673	771.533000
186753.765890	768.581000
186797.277292	766.695000
186877.754499	763.056000
186915.138625	761.437000
186984.437572	758.249000
187022.672194	756.568000
187102.646946	752.874000
187127.221283	751.774000
187211.406918	747.857000
187244.914701	746.330000
187322.042629	742.696000
187339.537323	741.883000
187436.751227	737.234000
187452.189145	736.508000
187533.690917	732.597000
187556.362266	731.529000
187650.215782	726.956000
187652.288001	726.860000
187750.361429	722.031000
187762.433050	721.468000
187859.170590	716.712000
187860.414719	716.654000
187960.123036	711.800000
187963.900617	711.622000
188069.059632	706.510000
188075.392152	706.200000
188171.426937	701.679000
188174.262226	701.538000
188281.279519	696.486000
188291.946593	695.965000
188391.182806	691.321000
188398.765496	690.946000
188490.504340	686.579000
188507.662523	685.713000
188596.070119	681.456000
188610.399910	680.725000
188703.104003	676.219000
188721.879575	675.264000
188803.177434	671.262000
188822.989855	670.252000
188900.759527	666.365000
188924.145570	665.158000
189003.521365	661.171000
189026.778734	659.955000
189106.645210	655.922000
189134.043899	654.497000
189196.472486	651.291000
189226.271321	649.733000
189300.971318	645.863000
189320.974086	644.808000
189402.287981	640.576000
189423.854739	639.443000
189493.174006	635.831000
189507.935379	635.066000
189597.149387	630.487000
189611.306062	629.762000
189698.847835	625.251000
189709.347253	624.711000
189796.133385	620.156000
189796.735412	620.125000
189897.551785	615.047000
189899.661916	614.938000
189996.754886	609.946000
190000.623394	609.742000
190085.819248	605.275000
190102.861495	604.365000
190181.112107	600.215000
190191.215247	599.676000
190279.372126	594.976000
190298.180280	593.970000
190366.439816	590.322000
190388.611091	589.133000
190459.139897	585.387000
190484.838777	584.004000
190558.987318	580.041000
190589.153210	578.414000
190641.696112	575.583000
190676.519110	573.708000
190736.828011	570.435000
190783.960594	567.944000
190834.223745	565.259000
190869.702395	563.398000
190923.554049	560.510000
190985.290618	557.222000
191020.843927	555.319000
191069.714836	552.740000
191113.244140	550.396000
191175.513012	547.207000
191212.521364	545.240000
191279.280669	541.860000
191309.142135	540.271000
191380.031761	536.643000
191402.077964	535.482000
191477.510598	531.621000
191505.482335	530.132000
191581.800140	526.200000
191596.508389	525.407000
191677.426714	521.262000
191694.818601	520.310000
191779.775103	515.951000
191797.073998	515.009000
191877.237611	510.905000
191882.358774	510.628000
191975.546356	505.892000
191991.965904	504.993000
192073.506166	500.816000
192083.577288	500.264000
192168.286711	495.899000
192174.843480	495.543000
192266.535830	490.828000
192281.455051	490.016000
192360.923725	485.881000
192375.345532	485.093000
192454.521689	481.018000
192461.569496	480.636000
192555.899113	475.799000
192572.965518	474.886000
192648.498481	471.035000
192662.773262	470.271000
192748.517154	465.863000
192757.444382	465.384000
192843.012953	460.935000
192856.430503	460.219000
192940.079594	455.775000
192952.274688	455.120000
193030.354327	450.952000
193039.409212	450.473000
193126.689638	445.844000
193141.874527	445.054000
193222.581693	440.736000
193230.950984	440.307000
193319.393287	435.603000
193322.703576	435.436000
193409.921394	430.860000
193423.013082	430.208000
193512.899720	425.527000
193519.177801	425.214000
193607.887680	420.606000
193610.694086	420.465000
193708.855824	415.453000
193714.588599	415.167000
193807.952921	410.461000
193809.239785	410.396000
193910.951988	405.327000
193914.959455	405.127000
194007.223123	400.448000
194007.441816	400.437000
194110.425037	395.342000
194119.050183	394.906000
194211.759433	390.217000
194214.533880	390.076000
194302.277377	385.599000
194314.850784	384.951000
194409.674115	380.081000
194411.845068	379.967000
194501.649195	375.273000
194510.916129	374.776000
194596.763095	370.228000
194609.048522	369.562000
194692.125465	365.127000
194702.156751	364.580000
194786.023578	360.144000
194797.627590	359.503000
194885.040800	355.093000
194899.049549	354.326000
194987.616976	349.919000
195000.809084	349.213000
195089.219902	344.932000
195105.434382	344.079000
195193.790016	339.886000
195212.007716	338.969000
195306.750769	334.400000
195321.089526	333.681000
195400.794450	329.779000
195423.084666	328.662000
195510.940048	324.327000
195530.165100	323.373000
195614.912297	319.214000
195634.425575	318.264000
195720.270871	314.026000
195742.787740	312.979000
195825.133822	309.113000
195850.266069	307.959000
195936.677441	303.864000
195967.234135	302.446000
196047.185639	298.680000
196065.566755	297.810000
196151.233999	293.920000
196190.922684	292.052000
196262.905551	288.916000
196300.363187	287.172000
196385.067575	283.681000
196421.472547	282.056000
196501.692523	278.949000
196553.032805	276.755000
196628.460696	274.037000
196691.150190	271.601000
196780.891174	268.793000
196838.896773	266.612000
196931.134925	263.996000
197008.958933	261.292000
197098.009875	259.101000
197186.738612	256.228000
197319.449659	253.907000
197430.452309	250.909000
197521.789830	249.006000
197649.301874	245.758000
197713.376030	244.176000
197868.186453	240.610000
197967.187881	238.619000
198090.445357	235.224000
198161.420483	233.968000
198312.737717	230.037000
198402.572443	228.921000
198571.906534	224.914000
198695.375510	223.869000
198914.571067	219.529000
199186.545278	224.914000
199659.980863	228.921000
