0.000000	500.000000
77.515226	495.899000
83.917688	495.543000
173.214608	490.828000
187.784348	490.016000
265.223448	485.881000
279.309958	485.093000
356.421175	481.018000
363.302566	480.636000
455.154542	475.799000
471.807701	474.886000
545.334803	471.035000
559.264233	470.271000
642.767006	465.863000
651.479301	465.384000
734.859308	460.935000
747.950397	460.219000
829.546792	455.775000
841.448844	455.120000
917.629990	450.952000
926.460837	450.473000
1011.592410	445.844000
1026.389377	445.054000
1105.142662	440.736000
1113.291972	440.307000
1199.568701	435.603000
1202.789285	435.436000
1287.814793	430.860000
1300.542852	430.208000
1388.137538	425.527000
1394.241598	425.214000
1480.678479	420.606000
1483.408235	420.465000
1578.970438	415.453000
1584.544507	415.167000
1675.374538	410.461000
1676.626611	410.396000
1775.517400	405.327000
1779.414002	405.127000
1869.202363	400.448000
1869.415096	400.437000
1969.501474	395.342000
1977.893784	394.906000
2068.102960	390.217000
2070.803274	390.076000
2156.220089	385.599000
2168.466429	384.951000
2260.806678	380.081000
2262.923152	379.967000
2350.453597	375.273000
2359.497223	374.776000
2443.226184	370.228000
2455.221617	369.562000
2536.278766	365.127000
2546.075923	364.580000
2627.867235	360.144000
2639.207076	359.503000
2724.251615	355.093000
2737.935952	354.326000
2824.039219	349.919000
2836.912122	349.213000
2922.731744	344.932000
2938.540750	344.079000
3024.205390	339.886000
3041.927289	338.969000
3133.871927	334.400000
3147.817585	333.681000
3225.234872	329.779000
3246.913250	328.662000
3332.284706	324.327000
3350.972066	323.373000
3433.298234	319.214000
3452.245491	318.264000
3535.666081	314.026000
3557.470037	312.979000
3637.256247	309.113000
3661.573514	307.959000
3745.346084	303.864000
3774.931624	302.446000
3852.413279	298.680000
3870.231758	297.810000
3953.061606	293.920000
3991.522386	292.052000
4060.926531	288.916000
4097.201152	287.172000
4178.536476	283.681000
4213.695849	282.056000
4290.331489	278.949000
4339.764393	276.755000
4411.338964	274.037000
4471.244486	271.601000
4555.052463	268.793000
4610.319262	266.612000
4695.288787	263.996000
4768.861074	261.292000
4848.927734	259.101000
4932.142769	256.228000
5041.640759	253.907000
5143.110904	250.909000
5222.296793	249.006000
5337.686912	245.758000
5395.335181	244.176000
5532.686427	240.610000
5617.746161	238.619000
5730.776816	235.224000
5789.556156	233.968000
5926.969330	230.037000
5991.646053	228.921000
6142.727861	224.914000
6213.990936	223.869000
6401.542873	219.529000
6577.895644	218.704000
6833.607038	214.047000
7134.618389	219.529000
8062.340844	223.869000
8107.500239	224.914000
8380.754922	228.921000
8422.833109	230.037000
8650.650492	233.968000
8694.555591	235.224000
8853.437644	238.619000
8919.724547	240.610000
9072.071613	244.176000
9133.005340	245.758000
9251.362847	249.006000
9318.969804	250.909000
9443.719828	253.907000
9522.276268	256.228000
9657.816003	259.101000
9721.277243	261.292000
9820.090684	263.996000
9891.268606	266.612000
9962.109024	268.793000
10033.264077	271.601000
10105.969289	274.037000
10172.809687	276.755000
10230.585480	278.949000
10300.589143	282.056000
10340.670544	283.681000
10416.203696	287.172000
10456.836410	288.916000
10522.064169	292.052000
10563.405669	293.920000
10643.497978	297.810000
10662.022906	298.680000
10739.154392	302.446000
10768.328313	303.864000
10853.767516	307.959000
10877.375219	309.113000
10958.840171	312.979000
10980.448077	314.026000
11068.705157	318.264000
11087.404911	319.214000
11170.354010	323.373000
11189.238156	324.327000
11274.153986	328.662000
11296.151660	329.779000
11371.880425	333.681000
11386.145681	334.400000
11474.765591	338.969000
11493.218914	339.886000
11574.252633	344.079000
11591.679758	344.932000
11671.021324	349.213000
11685.174244	349.919000
11765.529602	354.326000
11780.515126	355.093000
11859.195602	359.503000
11871.556951	360.144000
11950.033606	364.580000
11960.119235	365.127000
12039.553228	369.562000
12051.725508	370.228000
12133.640269	374.776000
12142.790070	375.273000
12228.204113	379.967000
12230.329906	380.081000
12320.744180	384.951000
12333.030931	385.599000
12417.640289	390.076000
12420.330432	390.217000
12510.130233	394.906000
12518.518205	395.342000
12616.588893	400.437000
12616.804977	400.448000
12707.293861	405.127000
12711.131791	405.327000
12809.891167	410.396000
12811.159247	410.461000
12901.809336	415.167000
12907.329393	415.453000
13005.012030	420.465000
13007.700432	420.606000
13096.911178	425.214000
13102.782433	425.527000
13194.070318	430.208000
13206.271073	430.860000
13295.601745	435.436000
13298.704731	435.603000
13389.421062	440.307000
13397.289412	440.736000
13479.314403	445.054000
13493.722716	445.844000
13580.425452	450.473000
13589.234703	450.952000
13666.075984	455.120000
13678.047829	455.775000
13758.800069	460.219000
13771.946563	460.935000
13853.290489	465.384000
13862.267568	465.863000
13942.442509	470.271000
13956.915312	471.035000
14027.127664	474.886000
14044.559563	475.799000
14132.786649	480.636000
14140.040619	481.018000
14213.448128	485.093000
14228.359451	485.881000
14302.277876	490.016000
14317.484780	490.828000
14402.086167	495.543000
14408.828416	495.899000
14487.330515	500.264000
14497.764166	500.816000
14572.211452	504.993000
14589.299214	505.892000
14673.795518	510.628000
14679.100263	510.905000
14753.176096	515.009000
14771.091439	515.951000
14849.266867	520.310000
14867.334476	521.262000
14941.304175	525.407000
14956.377625	526.200000
15027.567154	530.132000
15055.715540	531.621000
15126.473596	535.482000
15148.558288	536.643000
15215.730968	540.271000
15245.960822	541.860000
15307.925965	545.240000
15345.731105	547.207000
15404.259811	550.396000
15448.824033	552.740000
15495.572246	555.319000
15530.736868	557.222000
15590.679885	560.510000
15643.581574	563.398000
15677.446779	565.259000
15727.347175	567.944000
15772.846341	570.435000
15833.240295	573.708000
15866.975605	575.583000
15918.296284	578.414000
15947.771912	580.041000
16019.497641	584.004000
16044.746157	585.387000
16112.687906	589.133000
16134.524503	590.322000
16200.909327	593.970000
16219.276409	594.976000
16305.019072	599.676000
16314.882560	600.215000
16390.777541	604.365000
16407.513645	605.275000
16489.137496	609.742000
16492.930320	609.946000
16585.238579	614.938000
16587.303197	615.047000
16683.062237	620.125000
16683.660968	620.156000
16769.815264	624.711000
16779.845416	625.251000
16865.263880	629.762000
16878.967350	630.487000
16966.024769	635.066000
16980.538713	635.831000
17048.441763	639.443000
17069.631780	640.576000
17148.168457	644.808000
17167.921818	645.863000
17239.471056	649.733000
17268.769598	651.291000
17328.536981	654.497000
17355.558449	655.922000
17431.119449	659.955000
17454.548821	661.171000
17528.875099	665.158000
17552.248212	666.365000
17625.606550	670.252000
17645.256805	671.262000
17721.675815	675.264000
17740.525006	676.219000
17826.750986	680.725000
17841.352610	681.456000
17922.588819	685.713000
17940.040790	686.579000
18024.222129	690.946000
18031.861342	691.321000
18123.121952	695.965000
18133.906825	696.486000
18234.360679	701.538000
18237.255621	701.679000
18325.633737	706.200000
18332.015092	706.510000
18433.443012	711.622000
18436.998135	711.800000
18536.831347	716.654000
18537.988190	716.712000
18636.792552	721.468000
18647.918015	722.031000
18748.199917	726.860000
18750.094261	726.956000
18845.657952	731.529000
18866.942140	732.597000
18947.400026	736.508000
18962.078107	737.234000
19057.872702	741.883000
19074.362876	742.696000
19150.083149	746.330000
19181.491510	747.857000
19264.616821	751.774000
19287.510817	752.874000
19367.227277	756.568000
19402.453806	758.249000
19472.412181	761.437000
19506.467940	763.056000
19587.451335	766.695000
19627.768078	768.581000
19693.409529	771.533000
19738.182770	773.590000
19805.975381	776.646000
19849.436631	778.612000
19910.201891	781.338000
19968.116695	783.938000
20029.747947	786.666000
20085.562754	789.177000
20142.625675	791.687000
20193.371894	793.950000
20247.324294	796.300000
20320.083193	799.545000
20369.728964	801.682000
20430.353624	804.383000
20484.077492	806.688000
20555.340840	809.887000
20594.955655	811.571000
20655.785133	814.309000
20705.011509	816.435000
20796.069912	820.512000
20833.984743	822.142000
20893.544281	824.789000
20933.757035	826.486000
21020.653481	830.260000
21053.442978	831.612000
21148.710622	835.709000
21188.789646	837.345000
21261.335657	840.422000
21286.655311	841.453000
21388.223892	845.705000
21420.759637	847.005000
21525.022254	851.273000
21547.052476	852.137000
21632.629611	855.657000
21664.591893	856.878000
21776.561731	861.510000
21788.181272	861.959000
21897.509343	866.446000
21922.987360	867.425000
22024.082411	871.471000
22038.629574	872.022000
22159.099842	876.717000
22167.990619	877.046000
22301.289546	882.148000
22312.368386	882.547000
22421.803715	886.678000
22439.707918	887.323000
22566.417940	892.037000
22569.277640	892.142000
22709.318790	897.169000
22715.593208	897.393000
22846.487285	902.187000
22851.381710	902.359000
22985.546145	907.125000
22991.709168	907.335000
23133.881032	912.205000
23138.544188	912.361000
23285.708018	917.323000
23290.158723	917.470000
23433.267817	922.229000
23438.809278	922.408000
23586.380671	927.215000
23598.293272	927.604000
23741.612871	932.097000
23758.174626	932.622000
23912.075650	937.407000
23915.586362	937.516000
24066.373118	942.196000
24081.575868	942.662000
24226.170262	947.085000
24246.529458	947.704000
24396.494245	952.164000
24420.753042	952.884000
24572.813234	957.385000
24574.445374	957.434000
24724.159362	961.932000
24759.856355	962.959000
24915.707513	967.435000
24933.069960	967.924000
25087.500710	972.128000
25099.223185	972.451000
25270.178630	977.004000
25309.025304	978.083000
25469.213204	982.195000
25490.411969	982.771000
25641.658082	986.758000
25686.507586	987.924000
25807.483264	991.076000
25876.480247	992.804000
25966.960582	995.084000
26081.226343	997.855000
26095.929374	998.206000
26204.456641	1000.847000
26231.827091	1001.484000
26262.221068	1002.187000
26262.699436	1002.198000
26264.623164	1002.242000
26268.953789	1002.341000
26270.839532	1002.384000
26272.547685	1002.423000
26273.689607	1002.449000
26275.227048	1002.484000
26282.348262	1002.646000
26283.274279	1002.667000
26286.595314	1002.746000
26291.542335	1002.858000
26294.462667	1002.924000
26295.657669	1002.951000
26352.382996	1004.241000
26442.619196	1006.265000
26530.758709	1008.185000
26536.724452	1008.312000
26664.081144	1011.069000
26748.252047	1012.790000
26791.899881	1013.694000
26932.431354	1016.486000
27024.634897	1018.260000
27067.149901	1019.081000
27229.498469	1022.122000
27277.751780	1023.017000
27387.123872	1025.063000
27554.040730	1028.037000
27581.458776	1028.514000
27863.630838	1033.223000
27870.138016	1033.317000
28138.512583	1037.998000
28167.432328	1038.358000
28477.459038	1042.983000
28516.132186	1043.457000
28961.977800	1047.998000
29052.939213	1048.705000
29598.276381	1053.322000
29638.115720	1053.565000
30513.538251	1058.135000
31435.509507	1053.322000
32192.456959	1048.705000
32275.964296	1047.998000
32860.201602	1043.457000
32906.739990	1042.983000
33284.088745	1038.358000
33308.220554	1037.998000
33684.257571	1033.317000
33689.646849	1033.223000
34015.628774	1028.514000
34044.211504	1028.037000
34215.157554	1025.063000
34329.990067	1023.017000
34377.833675	1022.122000
34541.787102	1019.081000
34585.617479	1018.260000
34677.483031	1016.486000
34822.597061	1013.694000
34868.098655	1012.790000
34951.193703	1011.069000
35086.033435	1008.312000
35091.900065	1008.185000
35182.090823	1006.265000
35275.004560	1004.241000
35332.516762	1002.951000
35333.704037	1002.924000
35336.625154	1002.858000
35341.580869	1002.746000
35345.070286	1002.667000
35345.953092	1002.646000
35353.096651	1002.484000
35354.635185	1002.449000
35355.777285	1002.423000
35357.490167	1002.384000
35359.373516	1002.341000
35363.715110	1002.242000
35365.639832	1002.198000
35366.120764	1002.187000
35396.692789	1001.484000
35424.233278	1000.847000
35537.711079	998.206000
35552.134809	997.855000
35668.209170	995.084000
35762.227912	992.804000
35830.802481	991.076000
35956.658089	987.924000
36001.409879	986.758000
36154.767489	982.771000
36176.617943	982.195000
36327.953571	978.083000
36369.987313	977.004000
36533.906599	972.451000
36546.034560	972.128000
36698.608200	967.924000
36716.571244	967.435000
36875.496222	962.959000
36911.255636	961.932000
37067.599428	957.434000
37069.230372	957.385000
37219.154058	952.884000
37243.478283	952.164000
37393.748053	947.704000
37414.561551	947.085000
37560.036068	942.662000
37575.270295	942.196000
37727.950275	937.516000
37731.462188	937.407000
37885.579208	932.622000
37902.464900	932.097000
38044.201975	927.604000
38056.610460	927.215000
38203.818357	922.408000
38209.313527	922.229000
38356.642089	917.470000
38361.062563	917.323000
38511.296557	912.361000
38515.923231	912.205000
38661.497388	907.335000
38667.628002	907.125000
38807.499278	902.359000
38812.341133	902.187000
38948.758996	897.393000
38954.875031	897.169000
39095.685298	892.142000
39098.610366	892.037000
39226.997301	887.323000
39244.334586	886.678000
39359.004763	882.547000
39369.574770	882.148000
39511.239539	877.046000
39519.835256	876.717000
39646.711236	872.022000
39660.849494	871.471000
39767.669493	867.425000
39792.131198	866.446000
39908.903273	861.959000
39919.843390	861.510000
40039.713582	856.878000
40069.228947	855.657000
40161.372463	852.137000
40182.377759	851.273000
40291.202976	847.005000
40322.960568	845.705000
40429.377480	841.453000
40454.005234	840.422000
40529.571261	837.345000
40568.143011	835.709000
40668.512058	831.612000
40699.950148	830.260000
40791.479410	826.486000
40830.552878	824.789000
40893.277192	822.142000
40929.953447	820.512000
41024.787046	816.435000
41072.270531	814.309000
41135.667434	811.571000
41173.080451	809.887000
41248.334484	806.688000
41299.682411	804.383000
41362.636063	801.682000
41410.601593	799.545000
41485.987895	796.300000
41538.679239	793.950000
41590.634253	791.687000
41646.919277	789.177000
41704.004932	786.666000
41764.643241	783.938000
41823.382705	781.338000
41884.104149	778.612000
41927.928251	776.646000
41995.485513	773.590000
42041.116862	771.533000
42105.370924	768.581000
42147.308518	766.695000
42225.098883	763.056000
42261.128594	761.437000
42328.188358	758.249000
42365.076698	756.568000
42442.487050	752.874000
42466.225032	751.774000
42547.748468	747.857000
42580.153970	746.330000
42654.900523	742.696000
42671.840694	741.883000
42766.136901	737.234000
42781.096436	736.508000
42860.168027	732.597000
42882.139140	731.529000
42973.274523	726.956000
42975.280671	726.860000
43070.570094	722.031000
43082.261689	721.468000
43176.245171	716.712000
43177.450102	716.654000
43274.265867	711.800000
43277.926829	711.622000
43380.026785	706.510000
43386.177539	706.200000
43479.242409	701.679000
43481.998728	701.538000
43585.723884	696.486000
43596.083437	695.965000
43692.215776	691.321000
43699.585011	690.946000
43788.546191	686.579000
43805.239811	685.713000
43891.028543	681.456000
43904.978195	680.725000
43994.984923	676.219000
44013.259626	675.264000
44092.248591	671.262000
44111.534748	670.252000
44187.159046	666.365000
44209.938442	665.158000
44287.145239	661.171000
44309.814101	659.955000
44387.520236	655.922000
44414.218580	654.497000
44475.012144	651.291000
44504.056929	649.733000
44576.833152	645.863000
44596.338177	644.808000
44675.576302	640.576000
44696.602307	639.443000
44764.156007	635.831000
44778.537467	635.066000
44865.412433	630.487000
44879.196366	629.762000
44964.460300	625.251000
44974.685521	624.711000
45059.291710	620.156000
45059.878051	620.125000
45157.954120	615.047000
45160.009602	614.938000
45254.565361	609.946000
45258.337573	609.742000
45341.389257	605.275000
45358.017353	604.365000
45434.341342	600.215000
45444.198546	599.676000
45530.206697	594.976000
45548.559276	593.970000
45615.162772	590.322000
45636.799712	589.133000
45705.596932	585.387000
45730.680604	584.004000
45803.030472	580.041000
45832.477296	578.414000
45883.765251	575.583000
45917.755457	573.708000
45976.643814	570.435000
46022.608171	567.944000
46071.650829	565.259000
46106.237286	563.398000
46158.791134	560.510000
46219.019927	557.222000
46253.713224	555.319000
46301.369325	552.740000
46343.857814	550.396000
46404.487210	547.207000
46440.588171	545.240000
46505.550741	541.860000
46534.681691	540.271000
46603.702402	536.643000
46625.198400	535.482000
46698.642840	531.621000
46725.930782	530.132000
46800.262183	526.200000
46814.619583	525.407000
46893.408296	521.262000
46910.397235	520.310000
46993.124870	515.951000
47010.018941	515.009000
47088.070498	510.905000
47093.070256	510.628000
47183.767992	505.892000
47199.807303	504.993000
47279.201724	500.816000
47289.040101	500.264000
47371.545334	495.899000
47377.947796	495.543000
47467.244716	490.828000
47481.814457	490.016000
47559.253556	485.881000
47573.340066	485.093000
47650.451283	481.018000
47657.332674	480.636000
47749.184650	475.799000
47765.837809	474.886000
47839.364911	471.035000
47853.294341	470.271000
47936.797114	465.863000
47945.509410	465.384000
48028.889417	460.935000
48041.980505	460.219000
48123.576901	455.775000
48135.478952	455.120000
48211.660098	450.952000
48220.490946	450.473000
48305.622518	445.844000
48320.419486	445.054000
48399.172770	440.736000
48407.322080	440.307000
48493.598809	435.603000
48496.819393	435.436000
48581.844902	430.860000
48594.572961	430.208000
48682.167646	425.527000
48688.271707	425.214000
48774.708588	420.606000
48777.438344	420.465000
48873.000547	415.453000
48878.574616	415.167000
48969.404647	410.461000
48970.656720	410.396000
49069.547509	405.327000
49073.444111	405.127000
49163.232471	400.448000
49163.445204	400.437000
49263.531582	395.342000
49271.923892	394.906000
49362.133068	390.217000
49364.833382	390.076000
49450.250198	385.599000
49462.496538	384.951000
49554.836787	380.081000
49556.953260	379.967000
49644.483705	375.273000
49653.527331	374.776000
49737.256292	370.228000
49749.251725	369.562000
49830.308874	365.127000
49840.106032	364.580000
49921.897343	360.144000
49933.237184	359.503000
50018.281723	355.093000
50031.966060	354.326000
50118.069328	349.919000
50130.942231	349.213000
50216.761852	344.932000
50232.570859	344.079000
50318.235499	339.886000
50335.957397	338.969000
50427.902035	334.400000
50441.847694	333.681000
50519.264980	329.779000
50540.943358	328.662000
50626.314815	324.327000
50645.002174	323.373000
50727.328342	319.214000
50746.275600	318.264000
50829.696190	314.026000
50851.500145	312.979000
50931.286356	309.113000
50955.603623	307.959000
51039.376192	303.864000
51068.961733	302.446000
51146.443387	298.680000
51164.261867	297.810000
51247.091715	293.920000
51285.552495	292.052000
51354.956639	288.916000
51391.231261	287.172000
51472.566584	283.681000
51507.725957	282.056000
51584.361597	278.949000
51633.794502	276.755000
51705.369072	274.037000
51765.274594	271.601000
51849.082572	268.793000
51904.349371	266.612000
51989.318895	263.996000
52062.891182	261.292000
52142.957842	259.101000
52226.172877	256.228000
52335.670868	253.907000
52437.141013	250.909000
52516.326902	249.006000
52631.717021	245.758000
52689.365289	244.176000
52826.716536	240.610000
52911.776269	238.619000
53024.806924	235.224000
53083.586264	233.968000
53220.999438	230.037000
53285.676162	228.921000
53436.757969	224.914000
53508.021045	223.869000
53695.572982	219.529000
53871.925753	218.704000
54127.637146	214.047000
54428.648497	219.529000
55356.370952	223.869000
55401.530347	224.914000
55674.785030	228.921000
55716.863217	230.037000
55944.680600	233.968000
55988.585700	235.224000
56147.467752	238.619000
56213.754655	240.610000
56366.101721	244.176000
56427.035449	245.758000
56545.392955	249.006000
56612.999913	250.909000
56737.749936	253.907000
56816.306376	256.228000
56951.846112	259.101000
57015.307352	261.292000
57114.120792	263.996000
57185.298715	266.612000
57256.139132	268.793000
57327.294186	271.601000
57399.999397	274.037000
57466.839795	276.755000
57524.615589	278.949000
57594.619251	282.056000
57634.700652	283.681000
57710.233804	287.172000
57750.866518	288.916000
57816.094278	292.052000
57857.435777	293.920000
57937.528086	297.810000
57956.053014	298.680000
58033.184501	302.446000
58062.358422	303.864000
58147.797624	307.959000
58171.405328	309.113000
58252.870280	312.979000
58274.478185	314.026000
58362.735265	318.264000
58381.435020	319.214000
58464.384118	323.373000
58483.268264	324.327000
58568.184094	328.662000
58590.181768	329.779000
58665.910534	333.681000
58680.175790	334.400000
58768.795699	338.969000
58787.249022	339.886000
58868.282741	344.079000
58885.709867	344.932000
58965.051432	349.213000
58979.204353	349.919000
59059.559710	354.326000
59074.545235	355.093000
59153.225711	359.503000
59165.587060	360.144000
59244.063715	364.580000
59254.149343	365.127000
59333.583336	369.562000
59345.755616	370.228000
59427.670377	374.776000
59436.820178	375.273000
59522.234222	379.967000
59524.360014	380.081000
59614.774288	384.951000
59627.061040	385.599000
59711.670397	390.076000
59714.360540	390.217000
59804.160341	394.906000
59812.548313	395.342000
59910.619001	400.437000
59910.835086	400.448000
60001.323969	405.127000
60005.161899	405.327000
60103.921275	410.396000
60105.189356	410.461000
60195.839445	415.167000
60201.359502	415.453000
60299.042138	420.465000
60301.730540	420.606000
60390.941286	425.214000
60396.812541	425.527000
60488.100426	430.208000
60500.301181	430.860000
60589.631854	435.436000
60592.734839	435.603000
60683.451170	440.307000
60691.319520	440.736000
60773.344512	445.054000
60787.752824	445.844000
60874.455561	450.473000
60883.264812	450.952000
60960.106092	455.120000
60972.077937	455.775000
61052.830177	460.219000
61065.976671	460.935000
61147.320597	465.384000
61156.297676	465.863000
61236.472617	470.271000
61250.945421	471.035000
61321.157772	474.886000
61338.589671	475.799000
61426.816757	480.636000
61434.070728	481.018000
61507.478237	485.093000
61522.389559	485.881000
61596.307984	490.016000
61611.514888	490.828000
61696.116275	495.543000
61702.858524	495.899000
61781.360623	500.264000
61791.794275	500.816000
61866.241560	504.993000
61883.329323	505.892000
61967.825627	510.628000
61973.130372	510.905000
62047.206205	515.009000
62065.121548	515.951000
62143.296976	520.310000
62161.364585	521.262000
62235.334284	525.407000
62250.407733	526.200000
62321.597262	530.132000
62349.745649	531.621000
62420.503705	535.482000
62442.588396	536.643000
62509.761076	540.271000
62539.990930	541.860000
62601.956073	545.240000
62639.761213	547.207000
62698.289919	550.396000
62742.854142	552.740000
62789.602355	555.319000
62824.766976	557.222000
62884.709993	560.510000
62937.611682	563.398000
62971.476887	565.259000
63021.377283	567.944000
63066.876449	570.435000
63127.270403	573.708000
63161.005713	575.583000
63212.326392	578.414000
63241.802021	580.041000
63313.527750	584.004000
63338.776265	585.387000
63406.718014	589.133000
63428.554612	590.322000
63494.939435	593.970000
63513.306518	594.976000
63599.049180	599.676000
63608.912668	600.215000
63684.807649	604.365000
63701.543753	605.275000
63783.167604	609.742000
63786.960428	609.946000
63879.268687	614.938000
63881.333306	615.047000
63977.092345	620.125000
63977.691077	620.156000
64063.845372	624.711000
64073.875524	625.251000
64159.293989	629.762000
64172.997459	630.487000
64260.054877	635.066000
64274.568821	635.831000
64342.471871	639.443000
64363.661888	640.576000
64442.198566	644.808000
64461.951926	645.863000
64533.501165	649.733000
64562.799706	651.291000
64622.567089	654.497000
64649.588558	655.922000
64725.149557	659.955000
64748.578930	661.171000
64822.905207	665.158000
64846.278320	666.365000
64919.636658	670.252000
64939.286913	671.262000
65015.705924	675.264000
65034.555114	676.219000
65120.781095	680.725000
65135.382719	681.456000
65216.618927	685.713000
65234.070898	686.579000
65318.252238	690.946000
65325.891450	691.321000
65417.152061	695.965000
65427.936933	696.486000
65528.390788	701.538000
65531.285730	701.679000
65619.663845	706.200000
65626.045201	706.510000
65727.473120	711.622000
65731.028244	711.800000
65830.861456	716.654000
65832.018298	716.712000
65930.822661	721.468000
65941.948123	722.031000
66042.230025	726.860000
66044.124369	726.956000
66139.688061	731.529000
66160.972248	732.597000
66241.430134	736.508000
66256.108215	737.234000
66351.902811	741.883000
66368.392984	742.696000
66444.113257	746.330000
66475.521619	747.857000
66558.646930	751.774000
66581.540925	752.874000
66661.257385	756.568000
66696.483915	758.249000
66766.442290	761.437000
66800.498048	763.056000
66881.481444	766.695000
66921.798187	768.581000
66987.439638	771.533000
67032.212878	773.590000
67100.005490	776.646000
67143.466739	778.612000
67204.231999	781.338000
67262.146803	783.938000
67323.778056	786.666000
67379.592863	789.177000
67436.655784	791.687000
67487.402002	793.950000
67541.354403	796.300000
67614.113301	799.545000
67663.759073	801.682000
67724.383732	804.383000
67778.107600	806.688000
67849.370949	809.887000
67888.985763	811.571000
67949.815241	814.309000
67999.041617	816.435000
68090.100020	820.512000
68128.014852	822.142000
68187.574389	824.789000
68227.787143	826.486000
68314.683589	830.260000
68347.473086	831.612000
68442.740731	835.709000
68482.819755	837.345000
68555.365766	840.422000
68580.685419	841.453000
68682.254001	845.705000
68714.789745	847.005000
68819.052362	851.273000
68841.082584	852.137000
68926.659719	855.657000
68958.622001	856.878000
69070.591839	861.510000
69082.211380	861.959000
69191.539451	866.446000
69217.017468	867.425000
69318.112520	871.471000
69332.659682	872.022000
69453.129950	876.717000
69462.020727	877.046000
69595.319654	882.148000
69606.398494	882.547000
69715.833823	886.678000
69733.738027	887.323000
69860.448048	892.037000
69863.307749	892.142000
70003.348898	897.169000
70009.623316	897.393000
70140.517394	902.187000
70145.411819	902.359000
70279.576254	907.125000
70285.739277	907.335000
70427.911141	912.205000
70432.574297	912.361000
70579.738126	917.323000
70584.188831	917.470000
70727.297925	922.229000
70732.839386	922.408000
70880.410779	927.215000
70892.323380	927.604000
71035.642979	932.097000
71052.204734	932.622000
71206.105758	937.407000
71209.616470	937.516000
71360.403227	942.196000
71375.605977	942.662000
71520.200370	947.085000
71540.559566	947.704000
71690.524354	952.164000
71714.783151	952.884000
71866.843342	957.385000
71868.475482	957.434000
72018.189470	961.932000
72053.886463	962.959000
72209.737621	967.435000
72227.100069	967.924000
72381.530818	972.128000
72393.253293	972.451000
72564.208738	977.004000
72603.055412	978.083000
72763.243312	982.195000
72784.442077	982.771000
72935.688190	986.758000
72980.537694	987.924000
73101.513373	991.076000
73170.510356	992.804000
73260.990690	995.084000
73375.256451	997.855000
73389.959482	998.206000
73498.486749	1000.847000
73525.857200	1001.484000
73556.251177	1002.187000
73556.729544	1002.198000
73558.653273	1002.242000
73562.983897	1002.341000
73564.869640	1002.384000
73566.577794	1002.423000
73567.719715	1002.449000
73569.257157	1002.484000
73576.378370	1002.646000
73577.304387	1002.667000
73580.625422	1002.746000
73585.572443	1002.858000
73588.492775	1002.924000
73589.687778	1002.951000
73646.413104	1004.241000
73736.649304	1006.265000
73824.788817	1008.185000
73830.754560	1008.312000
73958.111253	1011.069000
74042.282155	1012.790000
74085.929990	1013.694000
74226.461463	1016.486000
74318.665005	1018.260000
74361.180009	1019.081000
74523.528578	1022.122000
74571.781888	1023.017000
74681.153981	1025.063000
74848.070839	1028.037000
74875.488884	1028.514000
75157.660947	1033.223000
75164.168125	1033.317000
75432.542691	1037.998000
75461.462436	1038.358000
75771.489146	1042.983000
75810.162294	1043.457000
76256.007909	1047.998000
76346.969321	1048.705000
76892.306489	1053.322000
76932.145829	1053.565000
77807.568359	1058.135000
78729.539615	1053.322000
79486.487067	1048.705000
79569.994405	1047.998000
80154.231710	1043.457000
80200.770099	1042.983000
80578.118853	1038.358000
80602.250662	1037.998000
80978.287679	1033.317000
80983.676957	1033.223000
81309.658883	1028.514000
81338.241612	1028.037000
81509.187663	1025.063000
81624.020175	1023.017000
81671.863783	1022.122000
81835.817211	1019.081000
81879.647587	1018.260000
81971.513139	1016.486000
82116.627169	1013.694000
82162.128764	1012.790000
82245.223811	1011.069000
82380.063543	1008.312000
82385.930173	1008.185000
82476.120931	1006.265000
82569.034668	1004.241000
82626.546871	1002.951000
82627.734145	1002.924000
82630.655262	1002.858000
82635.610977	1002.746000
82639.100394	1002.667000
82639.983201	1002.646000
82647.126760	1002.484000
82648.665294	1002.449000
82649.807393	1002.423000
82651.520275	1002.384000
82653.403624	1002.341000
82657.745218	1002.242000
82659.669940	1002.198000
82660.150873	1002.187000
82690.722898	1001.484000
82718.263386	1000.847000
82831.741188	998.206000
82846.164918	997.855000
82962.239278	995.084000
83056.258020	992.804000
83124.832590	991.076000
83250.688198	987.924000
83295.439987	986.758000
83448.797598	982.771000
83470.648052	982.195000
83621.983680	978.083000
83664.017421	977.004000
83827.936707	972.451000
83840.064668	972.128000
83992.638308	967.924000
84010.601352	967.435000
84169.526330	962.959000
84205.285745	961.932000
84361.629537	957.434000
84363.260481	957.385000
84513.184166	952.884000
84537.508392	952.164000
84687.778161	947.704000
84708.591660	947.085000
84854.066176	942.662000
84869.300404	942.196000
85021.980383	937.516000
85025.492297	937.407000
85179.609316	932.622000
85196.495009	932.097000
85338.232083	927.604000
85350.640568	927.215000
85497.848466	922.408000
85503.343635	922.229000
85650.672197	917.470000
85655.092671	917.323000
85805.326665	912.361000
85809.953340	912.205000
85955.527496	907.335000
85961.658110	907.125000
86101.529386	902.359000
86106.371242	902.187000
86242.789104	897.393000
86248.905140	897.169000
86389.715406	892.142000
86392.640475	892.037000
86521.027409	887.323000
86538.364695	886.678000
86653.034872	882.547000
86663.604878	882.148000
86805.269648	877.046000
86813.865365	876.717000
86940.741345	872.022000
86954.879602	871.471000
87061.699602	867.425000
87086.161306	866.446000
87202.933381	861.959000
87213.873498	861.510000
87333.743690	856.878000
87363.259056	855.657000
87455.402571	852.137000
87476.407868	851.273000
87585.233084	847.005000
87616.990676	845.705000
87723.407589	841.453000
87748.035342	840.422000
87823.601369	837.345000
87862.173119	835.709000
87962.542166	831.612000
87993.980256	830.260000
88085.509519	826.486000
88124.582987	824.789000
88187.307300	822.142000
88223.983555	820.512000
88318.817155	816.435000
88366.300639	814.309000
88429.697543	811.571000
88467.110560	809.887000
88542.364592	806.688000
88593.712519	804.383000
88656.666171	801.682000
88704.631701	799.545000
88780.018004	796.300000
88832.709348	793.950000
88884.664361	791.687000
88940.949385	789.177000
88998.035040	786.666000
89058.673349	783.938000
89117.412813	781.338000
89178.134257	778.612000
89221.958359	776.646000
89289.515622	773.590000
89335.146971	771.533000
89399.401033	768.581000
89441.338626	766.695000
89519.128991	763.056000
89555.158702	761.437000
89622.218466	758.249000
89659.106806	756.568000
89736.517158	752.874000
89760.255140	751.774000
89841.778577	747.857000
89874.184078	746.330000
89948.930631	742.696000
89965.870803	741.883000
90060.167010	737.234000
90075.126544	736.508000
90154.198136	732.597000
90176.169248	731.529000
90267.304632	726.956000
90269.310779	726.860000
90364.600203	722.031000
90376.291797	721.468000
90470.275279	716.712000
90471.480211	716.654000
90568.295975	711.800000
90571.956938	711.622000
90674.056894	706.510000
90680.207648	706.200000
90773.272518	701.679000
90776.028836	701.538000
90879.753993	696.486000
90890.113545	695.965000
90986.245884	691.321000
90993.615119	690.946000
91082.576299	686.579000
91099.269919	685.713000
91185.058651	681.456000
91199.008303	680.725000
91289.015031	676.219000
91307.289734	675.264000
91386.278699	671.262000
91405.564857	670.252000
91481.189154	666.365000
91503.968551	665.158000
91581.175347	661.171000
91603.844209	659.955000
91681.550344	655.922000
91708.248689	654.497000
91769.042252	651.291000
91798.087038	649.733000
91870.863261	645.863000
91890.368286	644.808000
91969.606410	640.576000
91990.632415	639.443000
92058.186116	635.831000
92072.567576	635.066000
92159.442541	630.487000
92173.226474	629.762000
92258.490409	625.251000
92268.715629	624.711000
92353.321818	620.156000
92353.908159	620.125000
92451.984228	615.047000
92454.039710	614.938000
92548.595469	609.946000
92552.367681	609.742000
92635.419365	605.275000
92652.047461	604.365000
92728.371451	600.215000
92738.228654	599.676000
92824.236805	594.976000
92842.589384	593.970000
92909.192881	590.322000
92930.829820	589.133000
92999.627040	585.387000
93024.710713	584.004000
93097.060581	580.041000
93126.507404	578.414000
93177.795359	575.583000
93211.785566	573.708000
93270.673923	570.435000
93316.638279	567.944000
93365.680937	565.259000
93400.267394	563.398000
93452.821243	560.510000
93513.050036	557.222000
93547.743333	555.319000
93595.399434	552.740000
93637.887922	550.396000
93698.517319	547.207000
93734.618279	545.240000
93799.580849	541.860000
93828.711799	540.271000
93897.732510	536.643000
93919.228508	535.482000
93992.672948	531.621000
94019.960890	530.132000
94094.292292	526.200000
94108.649691	525.407000
94187.438404	521.262000
94204.427344	520.310000
94287.154979	515.951000
94304.049049	515.009000
94382.100607	510.905000
94387.100364	510.628000
94477.798100	505.892000
94493.837411	504.993000
94573.231832	500.816000
94583.070209	500.264000
94665.575442	495.899000
94671.977904	495.543000
94761.274825	490.828000
94775.844565	490.016000
94853.283664	485.881000
94867.370174	485.093000
94944.481391	481.018000
94951.362782	480.636000
95043.214759	475.799000
95059.867917	474.886000
95133.395019	471.035000
95147.324450	470.271000
95230.827223	465.863000
95239.539518	465.384000
95322.919525	460.935000
95336.010613	460.219000
95417.607009	455.775000
95429.509061	455.120000
95505.690206	450.952000
95514.521054	450.473000
95599.652627	445.844000
95614.449594	445.054000
95693.202878	440.736000
95701.352189	440.307000
95787.628917	435.603000
95790.849501	435.436000
95875.875010	430.860000
95888.603069	430.208000
95976.197754	425.527000
95982.301815	425.214000
96068.738696	420.606000
96071.468452	420.465000
96167.030655	415.453000
96172.604724	415.167000
96263.434755	410.461000
96264.686828	410.396000
96363.577617	405.327000
96367.474219	405.127000
96457.262580	400.448000
96457.475313	400.437000
96557.561690	395.342000
96565.954000	394.906000
96656.163177	390.217000
96658.863490	390.076000
96744.280306	385.599000
96756.526646	384.951000
96848.866895	380.081000
96850.983369	379.967000
96938.513813	375.273000
96947.557439	374.776000
97031.286400	370.228000
97043.281834	369.562000
97124.338982	365.127000
97134.136140	364.580000
97215.927451	360.144000
97227.267293	359.503000
97312.311832	355.093000
97325.996169	354.326000
97412.099436	349.919000
97424.972339	349.213000
97510.791961	344.932000
97526.600967	344.079000
97612.265607	339.886000
97629.987505	338.969000
97721.932143	334.400000
97735.877802	333.681000
97813.295088	329.779000
97834.973466	328.662000
97920.344923	324.327000
97939.032282	323.373000
98021.358451	319.214000
98040.305708	318.264000
98123.726298	314.026000
98145.530253	312.979000
98225.316464	309.113000
98249.633731	307.959000
98333.406300	303.864000
98362.991841	302.446000
98440.473496	298.680000
98458.291975	297.810000
98541.121823	293.920000
98579.582603	292.052000
98648.986748	288.916000
98685.261369	287.172000
98766.596693	283.681000
98801.756066	282.056000
98878.391705	278.949000
98927.824610	276.755000
98999.399180	274.037000
99059.304703	271.601000
99143.112680	268.793000
99198.379479	266.612000
99283.349004	263.996000
99356.921291	261.292000
99436.987950	259.101000
99520.202985	256.228000
99629.700976	253.907000
99731.171121	250.909000
99810.357010	249.006000
99925.747129	245.758000
99983.395397	244.176000
100120.746644	240.610000
100205.806377	238.619000
100318.837033	235.224000
100377.616372	233.968000
100515.029547	230.037000
100579.706270	228.921000
100730.788077	224.914000
100802.051153	223.869000
100989.603090	219.529000
101165.955861	218.704000
101421.667255	214.047000
101722.678606	219.529000
102650.401060	223.869000
102695.560455	224.914000
102968.815138	228.921000
103010.893326	230.037000
103238.710708	233.968000
103282.615808	235.224000
103441.497861	238.619000
103507.784764	240.610000
103660.131830	244.176000
103721.065557	245.758000
103839.423064	249.006000
103907.030021	250.909000
104031.780044	253.907000
104110.336484	256.228000
104245.876220	259.101000
104309.337460	261.292000
104408.150900	263.996000
104479.328823	266.612000
104550.169241	268.793000
104621.324294	271.601000
104694.029505	274.037000
104760.869903	276.755000
104818.645697	278.949000
104888.649359	282.056000
104928.730761	283.681000
105004.263912	287.172000
105044.896626	288.916000
105110.124386	292.052000
105151.465885	293.920000
105231.558195	297.810000
105250.083122	298.680000
105327.214609	302.446000
105356.388530	303.864000
105441.827733	307.959000
105465.435436	309.113000
105546.900388	312.979000
105568.508293	314.026000
105656.765373	318.264000
105675.465128	319.214000
105758.414226	323.373000
105777.298373	324.327000
105862.214203	328.662000
105884.211877	329.779000
105959.940642	333.681000
105974.205898	334.400000
106062.825808	338.969000
106081.279131	339.886000
106162.312849	344.079000
106179.739975	344.932000
106259.081540	349.213000
106273.234461	349.919000
106353.589818	354.326000
106368.575343	355.093000
106447.255819	359.503000
106459.617168	360.144000
106538.093823	364.580000
106548.179451	365.127000
106627.613445	369.562000
106639.785725	370.228000
106721.700486	374.776000
106730.850286	375.273000
106816.264330	379.967000
106818.390123	380.081000
106908.804396	384.951000
106921.091148	385.599000
107005.700506	390.076000
107008.390649	390.217000
107098.190450	394.906000
107106.578422	395.342000
107204.649110	400.437000
107204.865194	400.448000
107295.354078	405.127000
107299.192007	405.327000
107397.951383	410.396000
107399.219464	410.461000
107489.869553	415.167000
107495.389610	415.453000
107593.072247	420.465000
107595.760649	420.606000
107684.971394	425.214000
107690.842650	425.527000
107782.130534	430.208000
107794.331289	430.860000
107883.661962	435.436000
107886.764947	435.603000
107977.481279	440.307000
107985.349628	440.736000
108067.374620	445.054000
108081.782933	445.844000
108168.485669	450.473000
108177.294920	450.952000
108254.136200	455.120000
108266.108046	455.775000
108346.860285	460.219000
108360.006779	460.935000
108441.350705	465.384000
108450.327784	465.863000
108530.502725	470.271000
108544.975529	471.035000
108615.187880	474.886000
108632.619780	475.799000
108720.846866	480.636000
108728.100836	481.018000
108801.508345	485.093000
108816.419668	485.881000
108890.338093	490.016000
108905.544997	490.828000
108990.146384	495.543000
108996.888633	495.899000
109075.390731	500.264000
109085.824383	500.816000
109160.271668	504.993000
109177.359431	505.892000
109261.855735	510.628000
109267.160480	510.905000
109341.236313	515.009000
109359.151656	515.951000
109437.327084	520.310000
109455.394693	521.262000
109529.364392	525.407000
109544.437842	526.200000
109615.627370	530.132000
109643.775757	531.621000
109714.533813	535.482000
109736.618505	536.643000
109803.791185	540.271000
109834.021038	541.860000
109895.986181	545.240000
109933.791322	547.207000
109992.320027	550.396000
110036.884250	552.740000
110083.632463	555.319000
110118.797085	557.222000
110178.740102	560.510000
110231.641791	563.398000
110265.506996	565.259000
110315.407391	567.944000
110360.906558	570.435000
110421.300511	573.708000
110455.035821	575.583000
110506.356501	578.414000
110535.832129	580.041000
110607.557858	584.004000
110632.806374	585.387000
110700.748122	589.133000
110722.584720	590.322000
110788.969543	593.970000
110807.336626	594.976000
110893.079289	599.676000
110902.942777	600.215000
110978.837758	604.365000
110995.573861	605.275000
111077.197713	609.742000
111080.990537	609.946000
111173.298795	614.938000
111175.363414	615.047000
111271.122454	620.125000
111271.721185	620.156000
111357.875480	624.711000
111367.905632	625.251000
111453.324097	629.762000
111467.027567	630.487000
111554.084985	635.066000
111568.598929	635.831000
111636.501979	639.443000
111657.691997	640.576000
111736.228674	644.808000
111755.982034	645.863000
111827.531273	649.733000
111856.829814	651.291000
111916.597197	654.497000
111943.618666	655.922000
112019.179665	659.955000
112042.609038	661.171000
112116.935315	665.158000
112140.308429	666.365000
112213.666766	670.252000
112233.317021	671.262000
112309.736032	675.264000
112328.585223	676.219000
112414.811203	680.725000
112429.412827	681.456000
112510.649035	685.713000
112528.101007	686.579000
112612.282346	690.946000
112619.921559	691.321000
112711.182169	695.965000
112721.967042	696.486000
112822.420896	701.538000
112825.315838	701.679000
112913.693953	706.200000
112920.075309	706.510000
113021.503228	711.622000
113025.058352	711.800000
113124.891564	716.654000
113126.048407	716.712000
113224.852769	721.468000
113235.978232	722.031000
113336.260134	726.860000
113338.154477	726.956000
113433.718169	731.529000
113455.002356	732.597000
113535.460242	736.508000
113550.138323	737.234000
113645.932919	741.883000
113662.423092	742.696000
113738.143365	746.330000
113769.551727	747.857000
113852.677038	751.774000
113875.571034	752.874000
113955.287493	756.568000
113990.514023	758.249000
114060.472398	761.437000
114094.528157	763.056000
114175.511552	766.695000
114215.828295	768.581000
114281.469746	771.533000
114326.242986	773.590000
114394.035598	776.646000
114437.496848	778.612000
114498.262108	781.338000
114556.176911	783.938000
114617.808164	786.666000
114673.622971	789.177000
114730.685892	791.687000
114781.432111	793.950000
114835.384511	796.300000
114908.143410	799.545000
114957.789181	801.682000
115018.413840	804.383000
115072.137708	806.688000
115143.401057	809.887000
115183.015871	811.571000
115243.845349	814.309000
115293.071725	816.435000
115384.130128	820.512000
115422.044960	822.142000
115481.604498	824.789000
115521.817251	826.486000
115608.713697	830.260000
115641.503195	831.612000
115736.770839	835.709000
115776.849863	837.345000
115849.395874	840.422000
115874.715528	841.453000
115976.284109	845.705000
116008.819854	847.005000
116113.082471	851.273000
116135.112693	852.137000
116220.689828	855.657000
116252.652109	856.878000
116364.621947	861.510000
116376.241489	861.959000
116485.569560	866.446000
116511.047577	867.425000
116612.142628	871.471000
116626.689791	872.022000
116747.160058	876.717000
116756.050835	877.046000
116889.349762	882.148000
116900.428603	882.547000
117009.863932	886.678000
117027.768135	887.323000
117154.478156	892.037000
117157.337857	892.142000
117297.379006	897.169000
117303.653424	897.393000
117434.547502	902.187000
117439.441927	902.359000
117573.606362	907.125000
117579.769385	907.335000
117721.941249	912.205000
117726.604405	912.361000
117873.768235	917.323000
117878.218940	917.470000
118021.328033	922.229000
118026.869494	922.408000
118174.440888	927.215000
118186.353489	927.604000
118329.673088	932.097000
118346.234842	932.622000
118500.135867	937.407000
118503.646578	937.516000
118654.433335	942.196000
118669.636085	942.662000
118814.230478	947.085000
118834.589675	947.704000
118984.554462	952.164000
119008.813259	952.884000
119160.873451	957.385000
119162.505590	957.434000
119312.219579	961.932000
119347.916572	962.959000
119503.767730	967.435000
119521.130177	967.924000
119675.560926	972.128000
119687.283402	972.451000
119858.238846	977.004000
119897.085521	978.083000
120057.273421	982.195000
120078.472186	982.771000
120229.718298	986.758000
120274.567803	987.924000
120395.543481	991.076000
120464.540464	992.804000
120555.020799	995.084000
120669.286559	997.855000
120683.989591	998.206000
120792.516857	1000.847000
120819.887308	1001.484000
120850.281285	1002.187000
120850.759652	1002.198000
120852.683381	1002.242000
120857.014005	1002.341000
120858.899748	1002.384000
120860.607902	1002.423000
120861.749824	1002.449000
120863.287265	1002.484000
120870.408478	1002.646000
120871.334495	1002.667000
120874.655531	1002.746000
120879.602551	1002.858000
120882.522884	1002.924000
120883.717886	1002.951000
120940.443213	1004.241000
121030.679413	1006.265000
121118.818926	1008.185000
121124.784669	1008.312000
121252.141361	1011.069000
121336.312264	1012.790000
121379.960098	1013.694000
121520.491571	1016.486000
121612.695113	1018.260000
121655.210118	1019.081000
121817.558686	1022.122000
121865.811997	1023.017000
121975.184089	1025.063000
122142.100947	1028.037000
122169.518992	1028.514000
122451.691055	1033.223000
122458.198233	1033.317000
122726.572800	1037.998000
122755.492545	1038.358000
123065.519254	1042.983000
123104.192402	1043.457000
123550.038017	1047.998000
123640.999430	1048.705000
124186.336597	1053.322000
124226.175937	1053.565000
125101.598468	1058.135000
126023.569724	1053.322000
126780.517176	1048.705000
126864.024513	1047.998000
127448.261819	1043.457000
127494.800207	1042.983000
127872.148962	1038.358000
127896.280770	1037.998000
128272.317788	1033.317000
128277.707065	1033.223000
128603.688991	1028.514000
128632.271721	1028.037000
128803.217771	1025.063000
128918.050283	1023.017000
128965.893892	1022.122000
129129.847319	1019.081000
129173.677695	1018.260000
129265.543247	1016.486000
129410.657278	1013.694000
129456.158872	1012.790000
129539.253919	1011.069000
129674.093651	1008.312000
129679.960282	1008.185000
129770.151040	1006.265000
129863.064776	1004.241000
129920.576979	1002.951000
129921.764253	1002.924000
129924.685371	1002.858000
129929.641086	1002.746000
129933.130502	1002.667000
129934.013309	1002.646000
129941.156868	1002.484000
129942.695402	1002.449000
129943.837501	1002.423000
129945.550383	1002.384000
129947.433732	1002.341000
129951.775327	1002.242000
129953.700049	1002.198000
129954.180981	1002.187000
129984.753006	1001.484000
130012.293494	1000.847000
130125.771296	998.206000
130140.195026	997.855000
130256.269387	995.084000
130350.288128	992.804000
130418.862698	991.076000
130544.718306	987.924000
130589.470096	986.758000
130742.827706	982.771000
130764.678160	982.195000
130916.013788	978.083000
130958.047529	977.004000
131121.966815	972.451000
131134.094777	972.128000
131286.668417	967.924000
131304.631460	967.435000
131463.556439	962.959000
131499.315853	961.932000
131655.659645	957.434000
131657.290589	957.385000
131807.214275	952.884000
131831.538500	952.164000
131981.808269	947.704000
132002.621768	947.085000
132148.096285	942.662000
132163.330512	942.196000
132316.010491	937.516000
132319.522405	937.407000
132473.639425	932.622000
132490.525117	932.097000
132632.262191	927.604000
132644.670677	927.215000
132791.878574	922.408000
132797.373743	922.229000
132944.702306	917.470000
132949.122780	917.323000
133099.356774	912.361000
133103.983448	912.205000
133249.557604	907.335000
133255.688219	907.125000
133395.559495	902.359000
133400.401350	902.187000
133536.819213	897.393000
133542.935248	897.169000
133683.745514	892.142000
133686.670583	892.037000
133815.057517	887.323000
133832.394803	886.678000
133947.064980	882.547000
133957.634986	882.148000
134099.299756	877.046000
134107.895473	876.717000
134234.771453	872.022000
134248.909710	871.471000
134355.729710	867.425000
134380.191414	866.446000
134496.963489	861.959000
134507.903606	861.510000
134627.773799	856.878000
134657.289164	855.657000
134749.432679	852.137000
134770.437976	851.273000
134879.263193	847.005000
134911.020784	845.705000
135017.437697	841.453000
135042.065450	840.422000
135117.631478	837.345000
135156.203227	835.709000
135256.572274	831.612000
135288.010364	830.260000
135379.539627	826.486000
135418.613095	824.789000
135481.337408	822.142000
135518.013663	820.512000
135612.847263	816.435000
135660.330747	814.309000
135723.727651	811.571000
135761.140668	809.887000
135836.394701	806.688000
135887.742628	804.383000
135950.696280	801.682000
135998.661810	799.545000
136074.048112	796.300000
136126.739456	793.950000
136178.694470	791.687000
136234.979494	789.177000
136292.065149	786.666000
136352.703458	783.938000
136411.442921	781.338000
136472.164366	778.612000
136515.988467	776.646000
136583.545730	773.590000
136629.177079	771.533000
136693.431141	768.581000
136735.368734	766.695000
136813.159100	763.056000
136849.188810	761.437000
136916.248575	758.249000
136953.136915	756.568000
137030.547266	752.874000
137054.285248	751.774000
137135.808685	747.857000
137168.214187	746.330000
137242.960740	742.696000
137259.900911	741.883000
137354.197118	737.234000
137369.156653	736.508000
137448.228244	732.597000
137470.199357	731.529000
137561.334740	726.956000
137563.340888	726.860000
137658.630311	722.031000
137670.321906	721.468000
137764.305388	716.712000
137765.510319	716.654000
137862.326083	711.800000
137865.987046	711.622000
137968.087002	706.510000
137974.237756	706.200000
138067.302626	701.679000
138070.058944	701.538000
138173.784101	696.486000
138184.143653	695.965000
138280.275992	691.321000
138287.645228	690.946000
138376.606407	686.579000
138393.300028	685.713000
138479.088760	681.456000
138493.038412	680.725000
138583.045140	676.219000
138601.319842	675.264000
138680.308808	671.262000
138699.594965	670.252000
138775.219263	666.365000
138797.998659	665.158000
138875.205455	661.171000
138897.874317	659.955000
138975.580452	655.922000
139002.278797	654.497000
139063.072360	651.291000
139092.117146	649.733000
139164.893369	645.863000
139184.398394	644.808000
139263.636518	640.576000
139284.662524	639.443000
139352.216224	635.831000
139366.597684	635.066000
139453.472650	630.487000
139467.256582	629.762000
139552.520517	625.251000
139562.745738	624.711000
139647.351926	620.156000
139647.938267	620.125000
139746.014337	615.047000
139748.069818	614.938000
139842.625577	609.946000
139846.397790	609.742000
139929.449474	605.275000
139946.077570	604.365000
140022.401559	600.215000
140032.258763	599.676000
140118.266914	594.976000
140136.619492	593.970000
140203.222989	590.322000
140224.859929	589.133000
140293.657148	585.387000
140318.740821	584.004000
140391.090689	580.041000
140420.537512	578.414000
140471.825468	575.583000
140505.815674	573.708000
140564.704031	570.435000
140610.668388	567.944000
140659.711046	565.259000
140694.297502	563.398000
140746.851351	560.510000
140807.080144	557.222000
140841.773441	555.319000
140889.429542	552.740000
140931.918030	550.396000
140992.547427	547.207000
141028.648388	545.240000
141093.610957	541.860000
141122.741908	540.271000
141191.762618	536.643000
141213.258616	535.482000
141286.703056	531.621000
141313.990999	530.132000
141388.322400	526.200000
141402.679800	525.407000
141481.468513	521.262000
141498.457452	520.310000
141581.185087	515.951000
141598.079157	515.009000
141676.130715	510.905000
141681.130473	510.628000
141771.828208	505.892000
141787.867519	504.993000
141867.261941	500.816000
141877.100318	500.264000
141959.605551	495.899000
141966.008013	495.543000
142055.304933	490.828000
142069.874673	490.016000
142147.313773	485.881000
142161.400283	485.093000
142238.511500	481.018000
142245.392891	480.636000
142337.244867	475.799000
142353.898026	474.886000
142427.425128	471.035000
142441.354558	470.271000
142524.857331	465.863000
142533.569626	465.384000
142616.949633	460.935000
142630.040722	460.219000
142711.637117	455.775000
142723.539169	455.120000
142799.720315	450.952000
142808.551162	450.473000
142893.682735	445.844000
142908.479702	445.054000
142987.232987	440.736000
142995.382297	440.307000
143081.659026	435.603000
143084.879610	435.436000
143169.905118	430.860000
143182.633178	430.208000
143270.227863	425.527000
143276.331923	425.214000
143362.768805	420.606000
143365.498560	420.465000
143461.060763	415.453000
143466.634832	415.167000
143557.464863	410.461000
143558.716936	410.396000
143657.607725	405.327000
143661.504327	405.127000
143751.292688	400.448000
143751.505421	400.437000
143851.591799	395.342000
143859.984109	394.906000
143950.193285	390.217000
143952.893599	390.076000
144038.310414	385.599000
144050.556754	384.951000
144142.897003	380.081000
144145.013477	379.967000
144232.543922	375.273000
144241.587548	374.776000
144325.316509	370.228000
144337.311942	369.562000
144418.369091	365.127000
144428.166248	364.580000
144509.957560	360.144000
144521.297401	359.503000
144606.341940	355.093000
144620.026277	354.326000
144706.129544	349.919000
144719.002447	349.213000
144804.822069	344.932000
144820.631075	344.079000
144906.295715	339.886000
144924.017614	338.969000
145015.962252	334.400000
145029.907910	333.681000
145107.325197	329.779000
145129.003575	328.662000
145214.375031	324.327000
145233.062391	323.373000
145315.388559	319.214000
145334.335816	318.264000
145417.756406	314.026000
145439.560362	312.979000
145519.346572	309.113000
145543.663839	307.959000
145627.436409	303.864000
145657.021949	302.446000
145734.503604	298.680000
145752.322083	297.810000
145835.151932	293.920000
145873.612712	292.052000
145943.016856	288.916000
145979.291477	287.172000
146060.626801	283.681000
146095.786174	282.056000
146172.421814	278.949000
146221.854718	276.755000
146293.429289	274.037000
146353.334811	271.601000
146437.142788	268.793000
146492.409587	266.612000
146577.379112	263.996000
146650.951399	261.292000
146731.018059	259.101000
146814.233094	256.228000
146923.731084	253.907000
147025.201229	250.909000
147104.387118	249.006000
147219.777237	245.758000
147277.425506	244.176000
147414.776752	240.610000
147499.836486	238.619000
147612.867141	235.224000
147671.646481	233.968000
147809.059655	230.037000
147873.736378	228.921000
148024.818186	224.914000
148096.081261	223.869000
148283.633199	219.529000
148459.985969	218.704000
148715.697363	214.047000
149016.708714	219.529000
149944.431169	223.869000
149989.590564	224.914000
150262.845247	228.921000
150304.923434	230.037000
150532.740817	233.968000
150576.645916	235.224000
150735.527969	238.619000
150801.814872	240.610000
150954.161938	244.176000
151015.095665	245.758000
151133.453172	249.006000
151201.060129	250.909000
151325.810153	253.907000
151404.366593	256.228000
151539.906328	259.101000
151603.367568	261.292000
151702.181009	263.996000
151773.358931	266.612000
151844.199349	268.793000
151915.354403	271.601000
151988.059614	274.037000
152054.900012	276.755000
152112.675805	278.949000
152182.679468	282.056000
152222.760869	283.681000
152298.294021	287.172000
152338.926735	288.916000
152404.154494	292.052000
152445.495994	293.920000
152525.588303	297.810000
152544.113231	298.680000
152621.244717	302.446000
152650.418638	303.864000
152735.857841	307.959000
152759.465544	309.113000
152840.930496	312.979000
152862.538402	314.026000
152950.795482	318.264000
152969.495236	319.214000
153052.444335	323.373000
153071.328481	324.327000
153156.244311	328.662000
153178.241985	329.779000
153253.970751	333.681000
153268.236007	334.400000
153356.855916	338.969000
153375.309239	339.886000
153456.342958	344.079000
153473.770083	344.932000
153553.111649	349.213000
153567.264569	349.919000
153647.619927	354.326000
153662.605451	355.093000
153741.285927	359.503000
153753.647276	360.144000
153832.123931	364.580000
153842.209560	365.127000
153921.643553	369.562000
153933.815833	370.228000
154015.730594	374.776000
154024.880395	375.273000
154110.294438	379.967000
154112.420231	380.081000
154202.834505	384.951000
154215.121256	385.599000
154299.730614	390.076000
154302.420757	390.217000
154392.220558	394.906000
154400.608530	395.342000
154498.679218	400.437000
154498.895302	400.448000
154589.384186	405.127000
154593.222116	405.327000
154691.981492	410.396000
154693.249573	410.461000
154783.899661	415.167000
154789.419718	415.453000
154887.102355	420.465000
154889.790757	420.606000
154979.001503	425.214000
154984.872758	425.527000
155076.160643	430.208000
155088.361398	430.860000
155177.692070	435.436000
155180.795056	435.603000
155271.511387	440.307000
155279.379737	440.736000
155361.404728	445.054000
155375.813041	445.844000
155462.515777	450.473000
155471.325028	450.952000
155548.166309	455.120000
155560.138154	455.775000
155640.890394	460.219000
155654.036888	460.935000
155735.380814	465.384000
155744.357893	465.863000
155824.532834	470.271000
155839.005637	471.035000
155909.217989	474.886000
155926.649888	475.799000
156014.876974	480.636000
156022.130944	481.018000
156095.538454	485.093000
156110.449776	485.881000
156184.368201	490.016000
156199.575105	490.828000
156284.176492	495.543000
156290.918741	495.899000
156369.420840	500.264000
156379.854491	500.816000
156454.301777	504.993000
156471.389539	505.892000
156555.885843	510.628000
156561.190589	510.905000
156635.266421	515.009000
156653.181764	515.951000
156731.357192	520.310000
156749.424801	521.262000
156823.394500	525.407000
156838.467950	526.200000
156909.657479	530.132000
156937.805865	531.621000
157008.563921	535.482000
157030.648613	536.643000
157097.821293	540.271000
157128.051147	541.860000
157190.016290	545.240000
157227.821430	547.207000
157286.350136	550.396000
157330.914358	552.740000
157377.662571	555.319000
157412.827193	557.222000
157472.770210	560.510000
157525.671899	563.398000
157559.537104	565.259000
157609.437500	567.944000
157654.936666	570.435000
157715.330620	573.708000
157749.065930	575.583000
157800.386609	578.414000
157829.862237	580.041000
157901.587966	584.004000
157926.836482	585.387000
157994.778231	589.133000
158016.614828	590.322000
158082.999652	593.970000
158101.366734	594.976000
158187.109397	599.676000
158196.972885	600.215000
158272.867866	604.365000
158289.603970	605.275000
158371.227821	609.742000
158375.020645	609.946000
158467.328904	614.938000
158469.393522	615.047000
158565.152562	620.125000
158565.751293	620.156000
158651.905589	624.711000
158661.935741	625.251000
158747.354205	629.762000
158761.057675	630.487000
158848.115094	635.066000
158862.629038	635.831000
158930.532088	639.443000
158951.722105	640.576000
159030.258782	644.808000
159050.012143	645.863000
159121.561381	649.733000
159150.859923	651.291000
159210.627306	654.497000
159237.648774	655.922000
159313.209774	659.955000
159336.639146	661.171000
159410.965424	665.158000
159434.338537	666.365000
159507.696875	670.252000
159527.347130	671.262000
159603.766140	675.264000
159622.615331	676.219000
159708.841311	680.725000
159723.442936	681.456000
159804.679144	685.713000
159822.131115	686.579000
159906.312454	690.946000
159913.951667	691.321000
160005.212277	695.965000
160015.997150	696.486000
160116.451004	701.538000
160119.345946	701.679000
160207.724062	706.200000
160214.105417	706.510000
160315.533337	711.622000
160319.088460	711.800000
160418.921672	716.654000
160420.078515	716.712000
160518.882877	721.468000
160530.008340	722.031000
160630.290242	726.860000
160632.184586	726.956000
160727.748277	731.529000
160749.032465	732.597000
160829.490351	736.508000
160844.168432	737.234000
160939.963027	741.883000
160956.453201	742.696000
161032.173474	746.330000
161063.581835	747.857000
161146.707146	751.774000
161169.601142	752.874000
161249.317602	756.568000
161284.544132	758.249000
161354.502506	761.437000
161388.558265	763.056000
161469.541660	766.695000
161509.858404	768.581000
161575.499854	771.533000
161620.273095	773.590000
161688.065706	776.646000
161731.526956	778.612000
161792.292216	781.338000
161850.207020	783.938000
161911.838272	786.666000
161967.653079	789.177000
162024.716000	791.687000
162075.462219	793.950000
162129.414619	796.300000
162202.173518	799.545000
162251.819289	801.682000
162312.443949	804.383000
162366.167817	806.688000
162437.431165	809.887000
162477.045980	811.571000
162537.875458	814.309000
162587.101834	816.435000
162678.160237	820.512000
162716.075068	822.142000
162775.634606	824.789000
162815.847360	826.486000
162902.743806	830.260000
162935.533303	831.612000
163030.800947	835.709000
163070.879971	837.345000
163143.425982	840.422000
163168.745636	841.453000
163270.314218	845.705000
163302.849962	847.005000
163407.112579	851.273000
163429.142801	852.137000
163514.719936	855.657000
163546.682218	856.878000
163658.652056	861.510000
163670.271597	861.959000
163779.599668	866.446000
163805.077685	867.425000
163906.172737	871.471000
163920.719899	872.022000
164041.190167	876.717000
164050.080944	877.046000
164183.379871	882.148000
164194.458711	882.547000
164303.894040	886.678000
164321.798243	887.323000
164448.508265	892.037000
164451.367965	892.142000
164591.409115	897.169000
164597.683533	897.393000
164728.577610	902.187000
164733.472035	902.359000
164867.636470	907.125000
164873.799493	907.335000
165015.971358	912.205000
165020.634513	912.361000
165167.798343	917.323000
165172.249048	917.470000
165315.358142	922.229000
165320.899603	922.408000
165468.470996	927.215000
165480.383597	927.604000
165623.703196	932.097000
165640.264951	932.622000
165794.165975	937.407000
165797.676687	937.516000
165948.463443	942.196000
165963.666194	942.662000
166108.260587	947.085000
166128.619783	947.704000
166278.584570	952.164000
166302.843367	952.884000
166454.903559	957.385000
166456.535699	957.434000
166606.249687	961.932000
166641.946680	962.959000
166797.797838	967.435000
166815.160285	967.924000
166969.591035	972.128000
166981.313510	972.451000
167152.268955	977.004000
167191.115629	978.083000
167351.303529	982.195000
167372.502294	982.771000
167523.748407	986.758000
167568.597911	987.924000
167689.573589	991.076000
167758.570572	992.804000
167849.050907	995.084000
167963.316668	997.855000
167978.019699	998.206000
168086.546966	1000.847000
168113.917416	1001.484000
168144.311393	1002.187000
168144.789761	1002.198000
168146.713489	1002.242000
168151.044114	1002.341000
168152.929857	1002.384000
168154.638010	1002.423000
168155.779932	1002.449000
168157.317373	1002.484000
168164.438587	1002.646000
168165.364604	1002.667000
168168.685639	1002.746000
168173.632660	1002.858000
168176.552992	1002.924000
168177.747994	1002.951000
168234.473321	1004.241000
168324.709521	1006.265000
168412.849034	1008.185000
168418.814777	1008.312000
168546.171469	1011.069000
168630.342372	1012.790000
168673.990206	1013.694000
168814.521679	1016.486000
168906.725222	1018.260000
168949.240226	1019.081000
169111.588794	1022.122000
169159.842105	1023.017000
169269.214198	1025.063000
169436.131056	1028.037000
169463.549101	1028.514000
169745.721163	1033.223000
169752.228341	1033.317000
170020.602908	1037.998000
170049.522653	1038.358000
170359.549363	1042.983000
170398.222511	1043.457000
170844.068125	1047.998000
170935.029538	1048.705000
171480.366706	1053.322000
171520.206045	1053.565000
172395.628576	1058.135000
173317.599832	1053.322000
174074.547284	1048.705000
174158.054621	1047.998000
174742.291927	1043.457000
174788.830315	1042.983000
175166.179070	1038.358000
175190.310879	1037.998000
175566.347896	1033.317000
175571.737174	1033.223000
175897.719099	1028.514000
175926.301829	1028.037000
176097.247879	1025.063000
176212.080392	1023.017000
176259.924000	1022.122000
176423.877427	1019.081000
176467.707804	1018.260000
176559.573356	1016.486000
176704.687386	1013.694000
176750.188981	1012.790000
176833.284028	1011.069000
176968.123760	1008.312000
176973.990390	1008.185000
177064.181148	1006.265000
177157.094885	1004.241000
177214.607087	1002.951000
177215.794362	1002.924000
177218.715479	1002.858000
177223.671194	1002.746000
177227.160611	1002.667000
177228.043417	1002.646000
177235.186976	1002.484000
177236.725510	1002.449000
177237.867610	1002.423000
177239.580492	1002.384000
177241.463841	1002.341000
177245.805435	1002.242000
177247.730157	1002.198000
177248.211089	1002.187000
177278.783114	1001.484000
177306.323603	1000.847000
177419.801404	998.206000
177434.225134	997.855000
177550.299495	995.084000
177644.318237	992.804000
177712.892806	991.076000
177838.748414	987.924000
177883.500204	986.758000
178036.857814	982.771000
178058.708268	982.195000
178210.043896	978.083000
178252.077638	977.004000
178415.996924	972.451000
178428.124885	972.128000
178580.698525	967.924000
178598.661569	967.435000
178757.586547	962.959000
178793.345961	961.932000
178949.689753	957.434000
178951.320697	957.385000
179101.244383	952.884000
179125.568608	952.164000
179275.838378	947.704000
179296.651876	947.085000
179442.126393	942.662000
179457.360620	942.196000
179610.040600	937.516000
179613.552513	937.407000
179767.669533	932.622000
179784.555225	932.097000
179926.292300	927.604000
179938.700785	927.215000
180085.908682	922.408000
180091.403852	922.229000
180238.732414	917.470000
180243.152888	917.323000
180393.386882	912.361000
180398.013556	912.205000
180543.587713	907.335000
180549.718327	907.125000
180689.589603	902.359000
180694.431458	902.187000
180830.849321	897.393000
180836.965356	897.169000
180977.775623	892.142000
180980.700691	892.037000
181109.087626	887.323000
181126.424911	886.678000
181241.095088	882.547000
181251.665095	882.148000
181393.329864	877.046000
181401.925581	876.717000
181528.801561	872.022000
181542.939819	871.471000
181649.759818	867.425000
181674.221523	866.446000
181790.993598	861.959000
181801.933715	861.510000
181921.803907	856.878000
181951.319272	855.657000
182043.462788	852.137000
182064.468084	851.273000
182173.293301	847.005000
182205.050893	845.705000
182311.467805	841.453000
182336.095559	840.422000
182411.661586	837.345000
182450.233336	835.709000
182550.602383	831.612000
182582.040473	830.260000
182673.569735	826.486000
182712.643203	824.789000
182775.367517	822.142000
182812.043772	820.512000
182906.877371	816.435000
182954.360856	814.309000
183017.757759	811.571000
183055.170776	809.887000
183130.424809	806.688000
183181.772736	804.383000
183244.726388	801.682000
183292.691918	799.545000
183368.078220	796.300000
183420.769564	793.950000
183472.724578	791.687000
183529.009602	789.177000
183586.095257	786.666000
183646.733566	783.938000
183705.473030	781.338000
183766.194474	778.612000
183810.018576	776.646000
183877.575838	773.590000
183923.207187	771.533000
183987.461249	768.581000
184029.398843	766.695000
184107.189208	763.056000
184143.218919	761.437000
184210.278683	758.249000
184247.167023	756.568000
184324.577375	752.874000
184348.315357	751.774000
184429.838793	747.857000
184462.244295	746.330000
184536.990848	742.696000
184553.931019	741.883000
184648.227226	737.234000
184663.186761	736.508000
184742.258352	732.597000
184764.229465	731.529000
184855.364848	726.956000
184857.370996	726.860000
184952.660419	722.031000
184964.352014	721.468000
185058.335496	716.712000
185059.540427	716.654000
185156.356192	711.800000
185160.017154	711.622000
185262.117110	706.510000
185268.267864	706.200000
185361.332735	701.679000
185364.089053	701.538000
185467.814210	696.486000
185478.173762	695.965000
185574.306101	691.321000
185581.675336	690.946000
185670.636516	686.579000
185687.330136	685.713000
185773.118868	681.456000
185787.068520	680.725000
185877.075248	676.219000
185895.349951	675.264000
185974.338916	671.262000
185993.625073	670.252000
186069.249371	666.365000
186092.028767	665.158000
186169.235564	661.171000
186191.904426	659.955000
186269.610561	655.922000
186296.308905	654.497000
186357.102469	651.291000
186386.147254	649.733000
186458.923477	645.863000
186478.428502	644.808000
186557.666627	640.576000
186578.692632	639.443000
186646.246332	635.831000
186660.627792	635.066000
186747.502758	630.487000
186761.286691	629.762000
186846.550625	625.251000
186856.775846	624.711000
186941.382035	620.156000
186941.968376	620.125000
187040.044445	615.047000
187042.099927	614.938000
187136.655686	609.946000
187140.427898	609.742000
187223.479582	605.275000
187240.107678	604.365000
187316.431667	600.215000
187326.288871	599.676000
187412.297022	594.976000
187430.649601	593.970000
187497.253097	590.322000
187518.890037	589.133000
187587.687257	585.387000
187612.770930	584.004000
187685.120797	580.041000
187714.567621	578.414000
187765.855576	575.583000
187799.845782	573.708000
187858.734139	570.435000
187904.698496	567.944000
187953.741154	565.259000
187988.327611	563.398000
188040.881460	560.510000
188101.110252	557.222000
188135.803549	555.319000
188183.459650	552.740000
188225.948139	550.396000
188286.577535	547.207000
188322.678496	545.240000
188387.641066	541.860000
188416.772016	540.271000
188485.792727	536.643000
188507.288725	535.482000
188580.733165	531.621000
188608.021107	530.132000
188682.352508	526.200000
188696.709908	525.407000
188775.498621	521.262000
188792.487560	520.310000
188875.215195	515.951000
188892.109266	515.009000
188970.160823	510.905000
188975.160581	510.628000
189065.858317	505.892000
189081.897628	504.993000
189161.292049	500.816000
189171.130426	500.264000
189253.635659	495.899000
189260.038121	495.543000
189349.335041	490.828000
189363.904782	490.016000
189441.343881	485.881000
189455.430391	485.093000
189532.541608	481.018000
189539.422999	480.636000
189631.274975	475.799000
189647.928134	474.886000
189721.455236	471.035000
189735.384666	470.271000
189818.887439	465.863000
189827.599735	465.384000
189910.979742	460.935000
189924.070830	460.219000
190005.667226	455.775000
190017.569277	455.120000
190093.750423	450.952000
190102.581271	450.473000
190187.712843	445.844000
190202.509811	445.054000
190281.263095	440.736000
190289.412405	440.307000
190375.689134	435.603000
190378.909718	435.436000
190463.935227	430.860000
190476.663286	430.208000
190564.257971	425.527000
190570.362032	425.214000
190656.798913	420.606000
190659.528669	420.465000
190755.090872	415.453000
190760.664941	415.167000
190851.494972	410.461000
190852.747045	410.396000
190951.637834	405.327000
190955.534436	405.127000
191045.322796	400.448000
191045.535529	400.437000
191145.621907	395.342000
191154.014217	394.906000
191244.223393	390.217000
191246.923707	390.076000
191332.340523	385.599000
191344.586863	384.951000
191436.927112	380.081000
191439.043585	379.967000
191526.574030	375.273000
191535.617656	374.776000
191619.346617	370.228000
191631.342050	369.562000
191712.399199	365.127000
191722.196357	364.580000
191803.987668	360.144000
191815.327509	359.503000
191900.372048	355.093000
191914.056385	354.326000
192000.159653	349.919000
192013.032556	349.213000
192098.852177	344.932000
192114.661184	344.079000
192200.325824	339.886000
192218.047722	338.969000
192309.992360	334.400000
192323.938019	333.681000
192401.355305	329.779000
192423.033683	328.662000
192508.405140	324.327000
192527.092499	323.373000
192609.418667	319.214000
192628.365925	318.264000
192711.786515	314.026000
192733.590470	312.979000
192813.376681	309.113000
192837.693948	307.959000
192921.466517	303.864000
192951.052058	302.446000
193028.533712	298.680000
193046.352192	297.810000
193129.182040	293.920000
193167.642820	292.052000
193237.046964	288.916000
193273.321586	287.172000
193354.656909	283.681000
193389.816282	282.056000
193466.451922	278.949000
193515.884827	276.755000
193587.459397	274.037000
193647.364919	271.601000
193731.172897	268.793000
193786.439696	266.612000
193871.409220	263.996000
193944.981507	261.292000
194025.048167	259.101000
194108.263202	256.228000
194217.761193	253.907000
194319.231338	250.909000
194398.417227	249.006000
194513.807346	245.758000
194571.455614	244.176000
194708.806861	240.610000
194793.866594	238.619000
194906.897249	235.224000
194965.676589	233.968000
195103.089763	230.037000
195167.766487	228.921000
195318.848294	224.914000
195390.111370	223.869000
195577.663307	219.529000
195754.016078	218.704000
196009.727471	214.047000
196310.738822	219.529000
197238.461277	223.869000
197283.620672	224.914000
197556.875355	228.921000
197598.953543	230.037000
197826.770925	233.968000
197870.676025	235.224000
198029.558078	238.619000
198095.844980	240.610000
198248.192046	244.176000
198309.125774	245.758000
198427.483281	249.006000
198495.090238	250.909000
198619.840261	253.907000
198698.396701	256.228000
198833.936437	259.101000
198897.397677	261.292000
198996.211117	263.996000
199067.389040	266.612000
199138.229457	268.793000
199209.384511	271.601000
199282.089722	274.037000
199348.930120	276.755000
199406.705914	278.949000
199476.709576	282.056000
199516.790977	283.681000
199592.324129	287.172000
199632.956843	288.916000
199698.184603	292.052000
199739.526102	293.920000
199819.618411	297.810000
199838.143339	298.680000
199915.274826	302.446000
