0.000000	500.000000
73.679989	495.899000
79.793593	495.543000
164.656195	490.828000
178.571411	490.016000
252.243972	485.881000
265.702043	485.093000
338.990002	481.018000
345.559974	480.636000
432.828228	475.799000
448.710077	474.886000
518.530894	471.035000
531.815680	470.271000
611.170016	465.863000
619.480907	465.384000
698.799973	460.935000
711.282038	460.219000
789.052526	455.775000
800.407187	455.120000
873.046400	450.952000
881.460043	450.473000
962.587880	445.844000
976.664955	445.054000
1051.771312	440.736000
1059.513682	440.307000
1141.753179	435.603000
1144.808399	435.436000
1225.758284	430.860000
1237.817961	430.208000
1321.158427	425.527000
1326.942546	425.214000
1409.162654	420.606000
1411.751241	420.465000
1502.508683	415.453000
1507.790921	415.167000
1593.950078	410.461000
1595.137999	410.396000
1688.841970	405.327000
1692.534695	405.127000
1777.754711	400.448000
1777.956464	400.437000
1872.726243	395.342000
1880.689145	394.906000
1966.287003	390.217000
1968.850436	390.076000
2049.967451	385.599000
2061.608047	384.951000
2149.352941	380.081000
2151.368117	379.967000
2234.674980	375.273000
2243.301599	374.776000
2323.085181	370.228000
2334.537924	369.562000
2411.826793	365.127000
2421.185303	364.580000
2499.111651	360.144000
2509.955325	359.503000
2590.633362	355.093000
2603.709420	354.326000
2685.284252	349.919000
2697.561324	349.213000
2778.649206	344.932000
2793.703995	344.079000
2874.478627	339.886000
2891.287006	338.969000
2978.126479	334.400000
2991.348473	333.681000
3064.577496	329.779000
3085.129686	328.662000
3165.945176	324.327000
3183.645023	323.373000
3261.536182	319.214000
3279.448506	318.264000
3358.421219	314.026000
3378.936299	312.979000
3454.083222	309.113000
3476.931867	307.959000
3555.910925	303.864000
3583.741620	302.446000
3656.743428	298.680000
3673.540163	297.810000
3751.271901	293.920000
3787.505931	292.052000
3852.329206	288.916000
3886.464345	287.172000
3961.912849	283.681000
3994.844495	282.056000
4065.343052	278.949000
4111.406482	276.755000
4176.553840	274.037000
4231.687312	271.601000
4306.175773	268.793000
4356.801737	266.612000
4430.903289	263.996000
4497.484784	261.292000
4565.191116	259.101000
4639.608346	256.228000
4724.496500	253.907000
4812.093437	250.909000
4876.395214	249.006000
4974.743295	245.758000
5023.531315	244.176000
5137.887232	240.610000
5206.331275	238.619000
5304.312891	235.224000
5350.027302	233.968000
5467.658924	230.037000
5513.373323	228.921000
5639.973745	224.914000
5686.100923	223.869000
5836.403302	219.529000
5882.519821	218.704000
6068.071618	214.047000
6083.640693	213.900000
6743.108927	209.540000
7424.811526	214.047000
7918.044032	218.704000
7950.915029	219.529000
8193.515866	223.869000
8229.706186	224.914000
8406.578532	228.921000
8441.838345	230.037000
8602.862812	233.968000
8640.447477	235.224000
8764.014694	238.619000
8821.476077	240.610000
8944.063449	244.176000
8994.795659	245.758000
9094.962213	249.006000
9152.584256	250.909000
9253.885744	253.907000
9321.701784	256.228000
9426.778763	259.101000
9483.530643	261.292000
9567.089712	263.996000
9631.504353	266.612000
9693.283974	268.793000
9758.464031	271.601000
9823.084363	274.037000
9884.600281	276.755000
9937.187957	278.949000
10002.419988	282.056000
10039.291618	283.681000
10110.038926	287.172000
10147.730760	288.916000
10209.111376	292.052000
10247.724220	293.920000
10323.179455	297.810000
10340.564189	298.680000
10413.272813	302.446000
10440.759952	303.864000
10521.131385	307.959000
10543.388243	309.113000
10619.933182	312.979000
10640.284663	314.026000
10723.324692	318.264000
10741.027400	319.214000
10819.445671	323.373000
10837.312506	324.327000
10917.741055	328.662000
10938.564793	329.779000
11010.359463	333.681000
11023.852971	334.400000
11107.874234	338.969000
11125.302949	339.886000
11202.159586	344.079000
11218.591916	344.932000
11294.148249	349.213000
11307.520836	349.919000
11384.156895	354.326000
11398.354284	355.093000
11473.537354	359.503000
11485.264026	360.144000
11560.306982	364.580000
11569.916025	365.127000
11645.793522	369.562000
11657.399922	370.228000
11735.608738	374.776000
11744.327393	375.273000
11825.802943	379.967000
11827.826160	380.081000
11913.913068	384.951000
11925.588364	385.599000
12006.012662	390.076000
12008.567386	390.217000
12093.815153	394.906000
12101.774348	395.342000
12194.827070	400.437000
12195.031676	400.448000
12280.850122	405.127000
12284.492781	405.327000
12378.084896	410.396000
12379.286466	410.461000
12465.291946	415.167000
12470.528137	415.453000
12563.096593	420.465000
12565.649825	420.606000
12650.247057	425.214000
12655.831886	425.527000
12742.334952	430.208000
12753.943151	430.860000
12838.582851	435.436000
12841.537097	435.603000
12927.595512	440.307000
12935.095670	440.736000
13013.024707	445.054000
13026.765796	445.844000
13109.250328	450.473000
13117.645281	450.952000
13190.856263	455.120000
13202.271494	455.775000
13279.309837	460.219000
13291.839915	460.935000
13369.399561	465.384000
13377.939420	465.863000
13454.420436	470.271000
13468.174227	471.035000
13535.137197	474.886000
13551.690406	475.799000
13635.831153	480.636000
13642.723126	481.018000
13712.808558	485.093000
13726.980561	485.881000
13797.601273	490.016000
13812.068533	490.828000
13892.869329	495.543000
13899.276770	495.899000
13974.237114	500.264000
13984.154538	500.816000
14055.298882	504.993000
14071.532408	505.892000
14152.272826	510.628000
14157.308680	510.905000
14228.019872	515.009000
14245.038658	515.951000
14319.705367	520.310000
14336.872295	521.262000
14407.552562	525.407000
14421.872428	526.200000
14489.809899	530.132000
14516.565218	531.621000
14584.017176	535.482000
14604.996261	536.643000
14668.970141	540.271000
14697.686283	541.860000
14756.754253	545.240000
14792.630345	547.207000
14848.416885	550.396000
14890.752314	552.740000
14935.360312	555.319000
14968.856500	557.222000
15026.025788	560.510000
15076.457851	563.398000
15108.761370	565.259000
15156.268849	567.944000
15199.655219	570.435000
15257.191273	573.708000
15289.403341	575.583000
15338.374080	578.414000
15366.501638	580.041000
15434.952943	584.004000
15459.030103	585.387000
15523.857960	589.133000
15544.670214	590.322000
15607.993629	593.970000
15625.508503	594.976000
15707.278651	599.676000
15716.682526	600.215000
15789.045178	604.365000
15804.994151	605.275000
15882.824944	609.742000
15886.435753	609.946000
15974.358728	614.938000
15976.320796	615.047000
16067.362280	620.125000
16067.930184	620.156000
16149.816516	624.711000
16159.366188	625.251000
16240.544300	629.762000
16253.569774	630.487000
16336.273064	635.066000
16350.063910	635.831000
16414.640843	639.443000
16434.802765	640.576000
16509.583461	644.808000
16528.376438	645.863000
16596.527634	649.733000
16624.390198	651.291000
16681.275061	654.497000
16706.951611	655.922000
16778.834526	659.955000
16801.062891	661.171000
16871.804557	665.158000
16893.968399	666.365000
16963.707391	670.252000
16982.332162	671.262000
17054.898290	675.264000
17072.737449	676.219000
17154.599018	680.725000
17168.400845	681.456000
17245.546142	685.713000
17262.026561	686.579000
17341.888932	690.946000
17349.094380	691.321000
17435.503924	695.965000
17445.658231	696.486000
17540.655622	701.538000
17543.383815	701.679000
17627.109249	706.200000
17633.121286	706.510000
17729.061600	711.622000
17732.422034	711.800000
17826.486549	716.654000
17827.580197	716.712000
17920.569818	721.468000
17931.097810	722.031000
18025.482199	726.860000
18027.275078	726.956000
18117.154085	731.529000
18137.277346	732.597000
18213.084044	736.508000
18226.940137	737.234000
18317.180612	741.883000
18332.741846	742.696000
18403.981660	746.330000
18433.574905	747.857000
18511.615003	751.774000
18533.157162	752.874000
18607.846597	756.568000
18640.966989	758.249000
18706.378113	761.437000
18738.383681	763.056000
18813.968355	766.695000
18851.785879	768.581000
18913.057757	771.533000
18954.963278	773.590000
19018.262412	776.646000
19058.860933	778.612000
19115.563269	781.338000
19169.610763	783.938000
19227.020568	786.666000
19279.122386	789.177000
19332.232530	791.687000
19379.549125	793.950000
19429.697908	796.300000
19497.540453	799.545000
19543.611445	801.682000
19600.131972	804.383000
19649.964789	806.688000
19716.468763	809.887000
19753.166664	811.571000
19809.953286	814.309000
19855.656060	816.435000
19940.604579	820.512000
19975.783215	822.142000
20031.292786	824.789000
20068.505923	826.486000
20149.244393	830.260000
20179.485216	831.612000
20267.881705	835.709000
20304.789463	837.345000
20371.972475	840.422000
20395.280008	841.453000
20489.163426	845.705000
20519.025972	847.005000
20615.079934	851.273000
20635.240022	852.137000
20714.136679	855.657000
20743.258384	856.878000
20846.575422	861.510000
20857.182714	861.959000
20957.942771	866.446000
20981.179404	867.425000
21073.992241	871.471000
21087.227260	872.022000
21197.357466	876.717000
21205.413323	877.046000
21326.905194	882.148000
21336.894002	882.547000
21436.399999	886.678000
21452.543506	887.323000
21567.463695	892.037000
21570.051212	892.142000
21696.236273	897.169000
21701.884042	897.393000
21820.265790	902.187000
21824.658075	902.359000
21945.308874	907.125000
21950.805695	907.335000
22077.745324	912.205000
22081.888596	912.361000
22212.860318	917.323000
22216.804091	917.470000
22343.797786	922.229000
22348.684287	922.408000
22479.055015	927.215000
22489.584787	927.604000
22615.107813	932.097000
22629.650235	932.622000
22764.180044	937.407000
22767.247855	937.516000
22899.001122	942.196000
22912.245381	942.662000
23038.149595	947.085000
23055.851085	947.704000
23185.527907	952.164000
23206.494101	952.884000
23337.825795	957.385000
23339.240464	957.434000
23469.029773	961.932000
23499.634074	962.959000
23633.188943	967.435000
23647.989452	967.924000
23778.385677	972.128000
23788.317859	972.451000
23931.748619	977.004000
23964.736609	978.083000
24097.639280	982.195000
24115.529148	982.771000
24242.036740	986.758000
24279.393145	987.924000
24380.224344	991.076000
24437.023463	992.804000
24511.654800	995.084000
24604.727200	997.855000
24616.639448	998.206000
24705.140837	1000.847000
24727.120099	1001.484000
24751.473530	1002.187000
24751.856023	1002.198000
24753.391224	1002.242000
24756.846564	1002.341000
24758.349785	1002.384000
24759.712072	1002.423000
24760.621859	1002.449000
24761.846695	1002.484000
24767.518490	1002.646000
24768.255184	1002.667000
24770.942557	1002.746000
24774.875751	1002.858000
24777.196099	1002.924000
24778.145493	1002.951000
24823.319573	1004.241000
24894.816353	1006.265000
24963.882422	1008.185000
24968.515284	1008.312000
25068.070540	1011.069000
25132.372713	1012.790000
25165.895045	1013.694000
25271.956315	1016.486000
25340.572288	1018.260000
25372.262840	1019.081000
25491.622602	1022.122000
25526.937989	1023.017000
25607.300693	1025.063000
25727.156643	1028.037000
25746.615529	1028.514000
25942.700087	1033.223000
25946.875272	1033.317000
26137.586186	1037.998000
26154.497724	1038.358000
26357.169950	1042.983000
26379.554106	1043.457000
26606.064037	1047.998000
26643.400338	1048.705000
26883.478104	1053.322000
26896.747550	1053.565000
27150.089003	1058.135000
27156.926716	1058.251000
27478.484162	1063.635000
27483.384209	1063.709000
27803.826551	1068.466000
27825.748960	1068.775000
28168.084409	1073.364000
28210.818019	1073.837000
28643.465600	1078.574000
28664.358103	1078.790000
29249.810847	1083.945000
29313.382098	1084.508000
29704.153701	1088.725000
29720.925524	1088.878000
30496.444181	1093.785000
30797.986268	1094.324000
31652.334280	1099.230000
32600.545639	1093.785000
35345.753466	1088.878000
35369.934097	1088.725000
35832.200609	1084.508000
35884.371445	1083.945000
36466.449238	1078.790000
36490.980333	1078.574000
36949.164535	1073.837000
36992.365360	1073.364000
37406.962690	1068.775000
37430.013824	1068.466000
37767.505403	1063.709000
37772.490212	1063.635000
38129.001727	1058.251000
38135.929785	1058.135000
38405.312117	1053.565000
38418.783008	1053.322000
38670.902479	1048.705000
38707.665524	1047.998000
38947.473365	1043.457000
38971.116991	1042.983000
39189.527802	1038.358000
39205.303370	1037.998000
39425.200343	1033.317000
39429.030043	1033.223000
39638.189058	1028.514000
39658.051520	1028.037000
39779.373801	1025.063000
39861.830181	1023.017000
39896.983954	1022.122000
40016.977352	1019.081000
40049.201740	1018.260000
40117.678035	1016.486000
40225.668902	1013.694000
40260.009657	1012.790000
40323.828168	1011.069000
40426.838681	1008.312000
40431.424650	1008.185000
40501.464774	1006.265000
40574.271921	1004.241000
40619.840521	1002.951000
40620.786025	1002.924000
40623.106767	1002.858000
40627.044327	1002.746000
40629.818633	1002.667000
40630.532998	1002.646000
40636.216067	1002.484000
40637.441455	1002.449000
40638.351333	1002.423000
40639.716015	1002.384000
40641.218023	1002.341000
40644.678928	1002.242000
40646.214635	1002.198000
40646.598435	1002.187000
40671.043198	1001.484000
40693.110247	1000.847000
40784.236198	998.206000
40795.998404	997.855000
40890.040682	995.084000
40966.621364	992.804000
41023.184062	991.076000
41126.789862	987.924000
41164.089728	986.758000
41291.825566	982.771000
41310.102057	982.195000
41437.815839	978.083000
41472.689862	977.004000
41611.887562	972.451000
41622.062861	972.128000
41751.334984	967.924000
41766.502385	967.435000
41901.976985	962.959000
41932.620607	961.932000
42066.659699	957.434000
42068.073589	957.385000
42198.021030	952.884000
42219.029432	952.164000
42348.903355	947.704000
42366.901102	947.085000
42493.385254	942.662000
42506.650315	942.196000
42639.661321	937.516000
42642.729933	937.407000
42777.403983	932.622000
42792.164307	932.097000
42916.619743	927.604000
42927.487416	927.215000
43057.607236	922.408000
43062.461898	922.229000
43192.377309	917.470000
43196.299997	917.323000
43329.422465	912.361000
43333.540076	912.205000
43462.884528	907.335000
43468.358310	907.125000
43593.109967	902.359000
43597.464130	902.187000
43719.886314	897.393000
43725.417710	897.169000
43852.164732	892.142000
43854.800385	892.037000
43970.967571	887.323000
43986.691695	886.678000
44090.085226	882.547000
44099.696191	882.148000
44227.422742	877.046000
44235.257086	876.717000
44350.218330	872.022000
44363.143089	871.471000
44460.327999	867.425000
44482.785677	866.446000
44589.284935	861.959000
44599.367678	861.510000
44708.795244	856.878000
44736.029722	855.657000
44819.984188	852.137000
44839.349731	851.273000
44938.936834	847.005000
44968.194133	845.705000
45065.867628	841.453000
45088.631928	840.422000
45158.192821	837.345000
45193.913135	835.709000
45286.340449	831.612000
45315.511075	830.260000
45399.925917	826.486000
45436.230417	824.789000
45494.275894	822.142000
45528.458214	820.512000
45616.447967	816.435000
45660.745379	814.309000
45719.604362	811.571000
45754.530830	809.887000
45824.243768	806.688000
45872.162386	804.383000
45930.556502	801.682000
45975.274891	799.545000
46045.232947	796.300000
46094.363913	793.950000
46142.656123	791.687000
46195.137190	789.177000
46248.268494	786.666000
46304.872938	783.938000
46359.589028	781.338000
46416.255746	778.612000
46457.149654	776.646000
46520.257019	773.590000
46562.863799	771.533000
46623.002397	768.581000
46662.148319	766.695000
46735.116492	763.056000
46768.744298	761.437000
46831.766996	758.249000
46866.257618	756.568000
46939.039727	752.874000
46961.280761	751.774000
47037.990433	747.857000
47068.413519	746.330000
47138.840404	742.696000
47154.778205	741.883000
47243.762432	737.234000
47257.854621	736.508000
47332.498120	732.597000
47353.199105	731.529000
47439.363592	726.956000
47441.250402	726.860000
47531.435948	722.031000
47542.439968	721.468000
47631.376254	716.712000
47632.510274	716.654000
47724.037263	711.800000
47727.486683	711.622000
47823.995325	706.510000
47829.813302	706.200000
47917.492067	701.679000
47920.103278	701.538000
48017.853832	696.486000
48027.650673	695.965000
48118.162381	691.321000
48125.139896	690.946000
48209.049739	686.579000
48224.886884	685.713000
48305.899754	681.456000
48319.146926	680.725000
48404.223581	676.219000
48421.573292	675.264000
48496.329640	671.262000
48514.643430	670.252000
48586.321140	666.365000
48607.976649	665.158000
48681.188940	661.171000
48702.764527	659.955000
48776.487385	655.922000
48801.886134	654.497000
48859.653866	651.291000
48887.297852	649.733000
48956.507172	645.863000
48975.085857	644.808000
49050.471522	640.576000
49070.491969	639.443000
49134.768105	635.831000
49148.445113	635.066000
49230.991885	630.487000
49244.086422	629.762000
49325.131820	625.251000
49334.849439	624.711000
49415.402690	620.156000
49415.959984	620.125000
49508.986284	615.047000
49510.940503	614.938000
49600.799627	609.946000
49604.392633	609.742000
49683.458731	605.275000
49699.314120	604.365000
49772.048448	600.215000
49781.446875	599.676000
49863.447266	594.976000
49880.949557	593.970000
49944.462738	590.322000
49965.101867	589.133000
50030.671845	585.387000
50054.605888	584.004000
50123.599226	580.041000
50151.701743	578.414000
50200.644039	575.583000
50233.077856	573.708000
50289.307242	570.435000
50333.096521	567.944000
50379.861838	565.259000
50412.789740	563.398000
50462.920080	560.510000
50520.337194	557.222000
50553.425136	555.319000
50598.820128	552.740000
50639.363419	550.396000
50696.960553	547.207000
50731.370125	545.240000
50793.017908	541.860000
50820.786844	540.271000
50886.351453	536.643000
50906.823800	535.482000
50976.591456	531.621000
51002.604397	530.132000
51073.257124	526.200000
51086.958654	525.407000
51161.808396	521.262000
51178.041837	520.310000
51256.645451	515.951000
51272.781271	515.009000
51346.926814	510.905000
51351.699474	510.628000
51437.799862	505.892000
51453.126221	504.993000
51528.551626	500.816000
51537.953512	500.264000
51616.376616	495.899000
51622.490220	495.543000
51707.352822	490.828000
51721.268038	490.016000
51794.940600	485.881000
51808.398670	485.093000
51881.686629	481.018000
51888.256601	480.636000
51975.524856	475.799000
51991.406704	474.886000
52061.227522	471.035000
52074.512307	470.271000
52153.866643	465.863000
52162.177534	465.384000
52241.496601	460.935000
52253.978665	460.219000
52331.749154	455.775000
52343.103815	455.120000
52415.743028	450.952000
52424.156670	450.473000
52505.284507	445.844000
52519.361582	445.054000
52594.467939	440.736000
52602.210310	440.307000
52684.449806	435.603000
52687.505026	435.436000
52768.454911	430.860000
52780.514589	430.208000
52863.855054	425.527000
52869.639173	425.214000
52951.859281	420.606000
52954.447868	420.465000
53045.205310	415.453000
53050.487548	415.167000
53136.646705	410.461000
53137.834626	410.396000
53231.538597	405.327000
53235.231322	405.127000
53320.451338	400.448000
53320.653091	400.437000
53415.422870	395.342000
53423.385772	394.906000
53508.983630	390.217000
53511.547063	390.076000
53592.664079	385.599000
53604.304674	384.951000
53692.049569	380.081000
53694.064745	379.967000
53777.371608	375.273000
53785.998227	374.776000
53865.781809	370.228000
53877.234551	369.562000
53954.523420	365.127000
53963.881930	364.580000
54041.808278	360.144000
54052.651952	359.503000
54133.329989	355.093000
54146.406047	354.326000
54227.980879	349.919000
54240.257952	349.213000
54321.345833	344.932000
54336.400622	344.079000
54417.175254	339.886000
54433.983634	338.969000
54520.823107	334.400000
54534.045100	333.681000
54607.274123	329.779000
54627.826314	328.662000
54708.641803	324.327000
54726.341650	323.373000
54804.232809	319.214000
54822.145134	318.264000
54901.117847	314.026000
54921.632927	312.979000
54996.779850	309.113000
55019.628494	307.959000
55098.607553	303.864000
55126.438247	302.446000
55199.440055	298.680000
55216.236790	297.810000
55293.968528	293.920000
55330.202559	292.052000
55395.025834	288.916000
55429.160973	287.172000
55504.609476	283.681000
55537.541122	282.056000
55608.039680	278.949000
55654.103109	276.755000
55719.250468	274.037000
55774.383939	271.601000
55848.872400	268.793000
55899.498364	266.612000
55973.599917	263.996000
56040.181412	261.292000
56107.887743	259.101000
56182.304973	256.228000
56267.193127	253.907000
56354.790064	250.909000
56419.091842	249.006000
56517.439923	245.758000
56566.227942	244.176000
56680.583860	240.610000
56749.027903	238.619000
56847.009518	235.224000
56892.723929	233.968000
57010.355551	230.037000
57056.069951	228.921000
57182.670372	224.914000
57228.797550	223.869000
57379.099929	219.529000
57425.216448	218.704000
57610.768246	214.047000
57626.337320	213.900000
58285.805554	209.540000
58967.508153	214.047000
59460.740659	218.704000
59493.611656	219.529000
59736.212494	223.869000
59772.402813	224.914000
59949.275160	228.921000
59984.534973	230.037000
60145.559440	233.968000
60183.144105	235.224000
60306.711321	238.619000
60364.172705	240.610000
60486.760076	244.176000
60537.492287	245.758000
60637.658840	249.006000
60695.280884	250.909000
60796.582371	253.907000
60864.398412	256.228000
60969.475390	259.101000
61026.227270	261.292000
61109.786339	263.996000
61174.200981	266.612000
61235.980601	268.793000
61301.160659	271.601000
61365.780990	274.037000
61427.296908	276.755000
61479.884584	278.949000
61545.116615	282.056000
61581.988246	283.681000
61652.735554	287.172000
61690.427387	288.916000
61751.808004	292.052000
61790.420847	293.920000
61865.876083	297.810000
61883.260816	298.680000
61955.969441	302.446000
61983.456579	303.864000
62063.828013	307.959000
62086.084871	309.113000
62162.629809	312.979000
62182.981291	314.026000
62266.021319	318.264000
62283.724027	319.214000
62362.142299	323.373000
62380.009133	324.327000
62460.437682	328.662000
62481.261420	329.779000
62553.056090	333.681000
62566.549598	334.400000
62650.570862	338.969000
62667.999576	339.886000
62744.856213	344.079000
62761.288544	344.932000
62836.844876	349.213000
62850.217463	349.919000
62926.853522	354.326000
62941.050912	355.093000
63016.233981	359.503000
63027.960653	360.144000
63103.003610	364.580000
63112.612652	365.127000
63188.490149	369.562000
63200.096550	370.228000
63278.305366	374.776000
63287.024020	375.273000
63368.499570	379.967000
63370.522788	380.081000
63456.609696	384.951000
63468.284992	385.599000
63548.709289	390.076000
63551.264013	390.217000
63636.511781	394.906000
63644.470976	395.342000
63737.523698	400.437000
63737.728304	400.448000
63823.546749	405.127000
63827.189408	405.327000
63920.781523	410.396000
63921.983093	410.461000
64007.988573	415.167000
64013.224765	415.453000
64105.793221	420.465000
64108.346453	420.606000
64192.943684	425.214000
64198.528513	425.527000
64285.031579	430.208000
64296.639779	430.860000
64381.279478	435.436000
64384.233724	435.603000
64470.292139	440.307000
64477.792297	440.736000
64555.721334	445.054000
64569.462423	445.844000
64651.946956	450.473000
64660.341908	450.952000
64733.552890	455.120000
64744.968122	455.775000
64822.006464	460.219000
64834.536543	460.935000
64912.096188	465.384000
64920.636047	465.863000
64997.117063	470.271000
65010.870855	471.035000
65077.833825	474.886000
65094.387033	475.799000
65178.527780	480.636000
65185.419753	481.018000
65255.505185	485.093000
65269.677188	485.881000
65340.297901	490.016000
65354.765161	490.828000
65435.565956	495.543000
65441.973398	495.899000
65516.933742	500.264000
65526.851165	500.816000
65597.995509	504.993000
65614.229035	505.892000
65694.969453	510.628000
65700.005308	510.905000
65770.716499	515.009000
65787.735286	515.951000
65862.401994	520.310000
65879.568923	521.262000
65950.249189	525.407000
65964.569055	526.200000
66032.506527	530.132000
66059.261845	531.621000
66126.713803	535.482000
66147.692888	536.643000
66211.666769	540.271000
66240.382910	541.860000
66299.450880	545.240000
66335.326972	547.207000
66391.113512	550.396000
66433.448941	552.740000
66478.056940	555.319000
66511.553128	557.222000
66568.722415	560.510000
66619.154479	563.398000
66651.457998	565.259000
66698.965476	567.944000
66742.351847	570.435000
66799.887900	573.708000
66832.099968	575.583000
66881.070707	578.414000
66909.198265	580.041000
66977.649570	584.004000
67001.726730	585.387000
67066.554587	589.133000
67087.366841	590.322000
67150.690256	593.970000
67168.205130	594.976000
67249.975278	599.676000
67259.379153	600.215000
67331.741805	604.365000
67347.690778	605.275000
67425.521572	609.742000
67429.132381	609.946000
67517.055356	614.938000
67519.017424	615.047000
67610.058908	620.125000
67610.626811	620.156000
67692.513144	624.711000
67702.062816	625.251000
67783.240928	629.762000
67796.266402	630.487000
67878.969692	635.066000
67892.760537	635.831000
67957.337470	639.443000
67977.499392	640.576000
68052.280089	644.808000
68071.073065	645.863000
68139.224262	649.733000
68167.086825	651.291000
68223.971688	654.497000
68249.648238	655.922000
68321.531153	659.955000
68343.759518	661.171000
68414.501185	665.158000
68436.665026	666.365000
68506.404018	670.252000
68525.028790	671.262000
68597.594918	675.264000
68615.434076	676.219000
68697.295645	680.725000
68711.097473	681.456000
68788.242769	685.713000
68804.723188	686.579000
68884.585560	690.946000
68891.791007	691.321000
68978.200552	695.965000
68988.354858	696.486000
69083.352250	701.538000
69086.080442	701.679000
69169.805877	706.200000
69175.817913	706.510000
69271.758227	711.622000
69275.118661	711.800000
69369.183177	716.654000
69370.276824	716.712000
69463.266445	721.468000
69473.794437	722.031000
69568.178826	726.860000
69569.971705	726.956000
69659.850713	731.529000
69679.973974	732.597000
69755.780671	736.508000
69769.636764	737.234000
69859.877240	741.883000
69875.438474	742.696000
69946.678287	746.330000
69976.271533	747.857000
70054.311630	751.774000
70075.853790	752.874000
70150.543225	756.568000
70183.663616	758.249000
70249.074741	761.437000
70281.080308	763.056000
70356.664982	766.695000
70394.482507	768.581000
70455.754385	771.533000
70497.659905	773.590000
70560.959039	776.646000
70601.557561	778.612000
70658.259896	781.338000
70712.307390	783.938000
70769.717195	786.666000
70821.819013	789.177000
70874.929157	791.687000
70922.245753	793.950000
70972.394535	796.300000
71040.237081	799.545000
71086.308072	801.682000
71142.828599	804.383000
71192.661417	806.688000
71259.165390	809.887000
71295.863292	811.571000
71352.649913	814.309000
71398.352687	816.435000
71483.301206	820.512000
71518.479842	822.142000
71573.989413	824.789000
71611.202550	826.486000
71691.941020	830.260000
71722.181844	831.612000
71810.578332	835.709000
71847.486090	837.345000
71914.669102	840.422000
71937.976636	841.453000
72031.860053	845.705000
72061.722599	847.005000
72157.776562	851.273000
72177.936650	852.137000
72256.833307	855.657000
72285.955012	856.878000
72389.272050	861.510000
72399.879342	861.959000
72500.639398	866.446000
72523.876032	867.425000
72616.688869	871.471000
72629.923887	872.022000
72740.054093	876.717000
72748.109950	877.046000
72869.601822	882.148000
72879.590629	882.547000
72979.096626	886.678000
72995.240133	887.323000
73110.160322	892.037000
73112.747839	892.142000
73238.932900	897.169000
73244.580669	897.393000
73362.962417	902.187000
73367.354702	902.359000
73488.005502	907.125000
73493.502323	907.335000
73620.441952	912.205000
73624.585224	912.361000
73755.556945	917.323000
73759.500718	917.470000
73886.494413	922.229000
73891.380914	922.408000
74021.751643	927.215000
74032.281414	927.604000
74157.804441	932.097000
74172.346863	932.622000
74306.876672	937.407000
74309.944482	937.516000
74441.697750	942.196000
74454.942008	942.662000
74580.846223	947.085000
74598.547713	947.704000
74728.224534	952.164000
74749.190728	952.884000
74880.522423	957.385000
74881.937091	957.434000
75011.726400	961.932000
75042.330702	962.959000
75175.885570	967.435000
75190.686079	967.924000
75321.082304	972.128000
75331.014487	972.451000
75474.445246	977.004000
75507.433236	978.083000
75640.335907	982.195000
75658.225775	982.771000
75784.733367	986.758000
75822.089772	987.924000
75922.920972	991.076000
75979.720090	992.804000
76054.351427	995.084000
76147.423827	997.855000
76159.336075	998.206000
76247.837464	1000.847000
76269.816726	1001.484000
76294.170157	1002.187000
76294.552650	1002.198000
76296.087852	1002.242000
76299.543191	1002.341000
76301.046413	1002.384000
76302.408699	1002.423000
76303.318487	1002.449000
76304.543322	1002.484000
76310.215117	1002.646000
76310.951812	1002.667000
76313.639185	1002.746000
76317.572378	1002.858000
76319.892726	1002.924000
76320.842121	1002.951000
76366.016201	1004.241000
76437.512981	1006.265000
76506.579050	1008.185000
76511.211912	1008.312000
76610.767167	1011.069000
76675.069340	1012.790000
76708.591673	1013.694000
76814.652942	1016.486000
76883.268916	1018.260000
76914.959467	1019.081000
77034.319229	1022.122000
77069.634616	1023.017000
77149.997320	1025.063000
77269.853270	1028.037000
77289.312157	1028.514000
77485.396715	1033.223000
77489.571900	1033.317000
77680.282813	1037.998000
77697.194352	1038.358000
77899.866577	1042.983000
77922.250734	1043.457000
78148.760664	1047.998000
78186.096965	1048.705000
78426.174731	1053.322000
78439.444177	1053.565000
78692.785630	1058.135000
78699.623344	1058.251000
79021.180789	1063.635000
79026.080836	1063.709000
79346.523179	1068.466000
79368.445587	1068.775000
79710.781036	1073.364000
79753.514647	1073.837000
80186.162227	1078.574000
80207.054731	1078.790000
80792.507474	1083.945000
80856.078725	1084.508000
81246.850329	1088.725000
81263.622151	1088.878000
82039.140809	1093.785000
82340.682895	1094.324000
83195.030908	1099.230000
84143.242267	1093.785000
86888.450094	1088.878000
86912.630724	1088.725000
87374.897237	1084.508000
87427.068072	1083.945000
88009.145866	1078.790000
88033.676960	1078.574000
88491.861163	1073.837000
88535.061987	1073.364000
88949.659318	1068.775000
88972.710452	1068.466000
89310.202031	1063.709000
89315.186839	1063.635000
89671.698354	1058.251000
89678.626412	1058.135000
89948.008744	1053.565000
89961.479636	1053.322000
90213.599106	1048.705000
90250.362152	1047.998000
90490.169992	1043.457000
90513.813618	1042.983000
90732.224430	1038.358000
90747.999997	1037.998000
90967.896970	1033.317000
90971.726670	1033.223000
91180.885686	1028.514000
91200.748148	1028.037000
91322.070428	1025.063000
91404.526808	1023.017000
91439.680582	1022.122000
91559.673979	1019.081000
91591.898368	1018.260000
91660.374662	1016.486000
91768.365530	1013.694000
91802.706284	1012.790000
91866.524796	1011.069000
91969.535308	1008.312000
91974.121277	1008.185000
92044.161401	1006.265000
92116.968548	1004.241000
92162.537148	1002.951000
92163.482652	1002.924000
92165.803394	1002.858000
92169.740955	1002.746000
92172.515261	1002.667000
92173.229626	1002.646000
92178.912695	1002.484000
92180.138083	1002.449000
92181.047960	1002.423000
92182.412642	1002.384000
92183.914650	1002.341000
92187.375556	1002.242000
92188.911262	1002.198000
92189.295063	1002.187000
92213.739825	1001.484000
92235.806874	1000.847000
92326.932825	998.206000
92338.695032	997.855000
92432.737309	995.084000
92509.317992	992.804000
92565.880689	991.076000
92669.486489	987.924000
92706.786355	986.758000
92834.522193	982.771000
92852.798685	982.195000
92980.512467	978.083000
93015.386489	977.004000
93154.584190	972.451000
93164.759488	972.128000
93294.031611	967.924000
93309.199012	967.435000
93444.673613	962.959000
93475.317234	961.932000
93609.356326	957.434000
93610.770216	957.385000
93740.717657	952.884000
93761.726060	952.164000
93891.599983	947.704000
93909.597730	947.085000
94036.081882	942.662000
94049.346943	942.196000
94182.357948	937.516000
94185.426561	937.407000
94320.100611	932.622000
94334.860935	932.097000
94459.316370	927.604000
94470.184044	927.215000
94600.303864	922.408000
94605.158526	922.229000
94735.073937	917.470000
94738.996625	917.323000
94872.119092	912.361000
94876.236704	912.205000
95005.581155	907.335000
95011.054938	907.125000
95135.806595	902.359000
95140.160757	902.187000
95262.582941	897.393000
95268.114337	897.169000
95394.861359	892.142000
95397.497013	892.037000
95513.664198	887.323000
95529.388322	886.678000
95632.781854	882.547000
95642.392818	882.148000
95770.119369	877.046000
95777.953714	876.717000
95892.914958	872.022000
95905.839717	871.471000
96003.024626	867.425000
96025.482305	866.446000
96131.981563	861.959000
96142.064305	861.510000
96251.491872	856.878000
96278.726350	855.657000
96362.680815	852.137000
96382.046358	851.273000
96481.633461	847.005000
96510.890760	845.705000
96608.564255	841.453000
96631.328555	840.422000
96700.889448	837.345000
96736.609762	835.709000
96829.037076	831.612000
96858.207702	830.260000
96942.622544	826.486000
96978.927045	824.789000
97036.972521	822.142000
97071.154841	820.512000
97159.144594	816.435000
97203.442007	814.309000
97262.300989	811.571000
97297.227458	809.887000
97366.940395	806.688000
97414.859013	804.383000
97473.253130	801.682000
97517.971518	799.545000
97587.929575	796.300000
97637.060540	793.950000
97685.352751	791.687000
97737.833818	789.177000
97790.965121	786.666000
97847.569565	783.938000
97902.285655	781.338000
97958.952374	778.612000
97999.846281	776.646000
98062.953647	773.590000
98105.560427	771.533000
98165.699025	768.581000
98204.844947	766.695000
98277.813119	763.056000
98311.440925	761.437000
98374.463624	758.249000
98408.954245	756.568000
98481.736355	752.874000
98503.977388	751.774000
98580.687060	747.857000
98611.110146	746.330000
98681.537032	742.696000
98697.474832	741.883000
98786.459060	737.234000
98800.551248	736.508000
98875.194747	732.597000
98895.895732	731.529000
98982.060219	726.956000
98983.947030	726.860000
99074.132576	722.031000
99085.136595	721.468000
99174.072881	716.712000
99175.206901	716.654000
99266.733890	711.800000
99270.183310	711.622000
99366.691952	706.510000
99372.509929	706.200000
99460.188694	701.679000
99462.799905	701.538000
99560.550459	696.486000
99570.347300	695.965000
99660.859008	691.321000
99667.836523	690.946000
99751.746366	686.579000
99767.583512	685.713000
99848.596381	681.456000
99861.843553	680.725000
99946.920209	676.219000
99964.269920	675.264000
100039.026267	671.262000
100057.340057	670.252000
100129.017768	666.365000
100150.673277	665.158000
100223.885568	661.171000
100245.461155	659.955000
100319.184013	655.922000
100344.582762	654.497000
100402.350494	651.291000
100429.994479	649.733000
100499.203799	645.863000
100517.782485	644.808000
100593.168150	640.576000
100613.188596	639.443000
100677.464732	635.831000
100691.141740	635.066000
100773.688513	630.487000
100786.783050	629.762000
100867.828447	625.251000
100877.546067	624.711000
100958.099317	620.156000
100958.656612	620.125000
101051.682912	615.047000
101053.637130	614.938000
101143.496255	609.946000
101147.089261	609.742000
101226.155358	605.275000
101242.010747	604.365000
101314.745076	600.215000
101324.143502	599.676000
101406.143893	594.976000
101423.646185	593.970000
101487.159366	590.322000
101507.798494	589.133000
101573.368472	585.387000
101597.302516	584.004000
101666.295853	580.041000
101694.398370	578.414000
101743.340666	575.583000
101775.774483	573.708000
101832.003870	570.435000
101875.793148	567.944000
101922.558465	565.259000
101955.486368	563.398000
102005.616707	560.510000
102063.033821	557.222000
102096.121763	555.319000
102141.516755	552.740000
102182.060047	550.396000
102239.657181	547.207000
102274.066752	545.240000
102335.714536	541.860000
102363.483472	540.271000
102429.048080	536.643000
102449.520427	535.482000
102519.288083	531.621000
102545.301024	530.132000
102615.953751	526.200000
102629.655281	525.407000
102704.505024	521.262000
102720.738465	520.310000
102799.342079	515.951000
102815.477899	515.009000
102889.623441	510.905000
102894.396102	510.628000
102980.496490	505.892000
102995.822848	504.993000
103071.248253	500.816000
103080.650139	500.264000
103159.073243	495.899000
103165.186848	495.543000
103250.049449	490.828000
103263.964666	490.016000
103337.637227	485.881000
103351.095298	485.093000
103424.383257	481.018000
103430.953228	480.636000
103518.221483	475.799000
103534.103332	474.886000
103603.924149	471.035000
103617.208935	470.271000
103696.563270	465.863000
103704.874161	465.384000
103784.193228	460.935000
103796.675293	460.219000
103874.445781	455.775000
103885.800442	455.120000
103958.439655	450.952000
103966.853297	450.473000
104047.981134	445.844000
104062.058210	445.054000
104137.164566	440.736000
104144.906937	440.307000
104227.146434	435.603000
104230.201654	435.436000
104311.151539	430.860000
104323.211216	430.208000
104406.551682	425.527000
104412.335800	425.214000
104494.555908	420.606000
104497.144496	420.465000
104587.901938	415.453000
104593.184176	415.167000
104679.343332	410.461000
104680.531253	410.396000
104774.235225	405.327000
104777.927950	405.127000
104863.147966	400.448000
104863.349719	400.437000
104958.119497	395.342000
104966.082400	394.906000
105051.680258	390.217000
105054.243690	390.076000
105135.360706	385.599000
105147.001301	384.951000
105234.746196	380.081000
105236.761372	379.967000
105320.068235	375.273000
105328.694854	374.776000
105408.478436	370.228000
105419.931178	369.562000
105497.220048	365.127000
105506.578557	364.580000
105584.504906	360.144000
105595.348579	359.503000
105676.026617	355.093000
105689.102674	354.326000
105770.677507	349.919000
105782.954579	349.213000
105864.042461	344.932000
105879.097250	344.079000
105959.871881	339.886000
105976.680261	338.969000
106063.519734	334.400000
106076.741728	333.681000
106149.970751	329.779000
106170.522941	328.662000
106251.338431	324.327000
106269.038277	323.373000
106346.929437	319.214000
106364.841761	318.264000
106443.814474	314.026000
106464.329554	312.979000
106539.476477	309.113000
106562.325121	307.959000
106641.304180	303.864000
106669.134874	302.446000
106742.136682	298.680000
106758.933417	297.810000
106836.665155	293.920000
106872.899186	292.052000
106937.722461	288.916000
106971.857600	287.172000
107047.306104	283.681000
107080.237749	282.056000
107150.736307	278.949000
107196.799737	276.755000
107261.947095	274.037000
107317.080567	271.601000
107391.569028	268.793000
107442.194991	266.612000
107516.296544	263.996000
107582.878039	261.292000
107650.584371	259.101000
107725.001600	256.228000
107809.889755	253.907000
107897.486691	250.909000
107961.788469	249.006000
108060.136550	245.758000
108108.924570	244.176000
108223.280487	240.610000
108291.724530	238.619000
108389.706146	235.224000
108435.420556	233.968000
108553.052178	230.037000
108598.766578	228.921000
108725.366999	224.914000
108771.494178	223.869000
108921.796557	219.529000
108967.913075	218.704000
109153.464873	214.047000
109169.033947	213.900000
109828.502182	209.540000
110510.204781	214.047000
111003.437286	218.704000
111036.308283	219.529000
111278.909121	223.869000
111315.099440	224.914000
111491.971787	228.921000
111527.231600	230.037000
111688.256067	233.968000
111725.840732	235.224000
111849.407949	238.619000
111906.869332	240.610000
112029.456704	244.176000
112080.188914	245.758000
112180.355468	249.006000
112237.977511	250.909000
112339.278998	253.907000
112407.095039	256.228000
112512.172018	259.101000
112568.923897	261.292000
112652.482967	263.996000
112716.897608	266.612000
112778.677228	268.793000
112843.857286	271.601000
112908.477618	274.037000
112969.993535	276.755000
113022.581212	278.949000
113087.813243	282.056000
113124.684873	283.681000
113195.432181	287.172000
113233.124015	288.916000
113294.504631	292.052000
113333.117475	293.920000
113408.572710	297.810000
113425.957443	298.680000
113498.666068	302.446000
113526.153207	303.864000
113606.524640	307.959000
113628.781498	309.113000
113705.326436	312.979000
113725.677918	314.026000
113808.717946	318.264000
113826.420655	319.214000
113904.838926	323.373000
113922.705761	324.327000
114003.134310	328.662000
114023.958047	329.779000
114095.752718	333.681000
114109.246225	334.400000
114193.267489	338.969000
114210.696204	339.886000
114287.552841	344.079000
114303.985171	344.932000
114379.541504	349.213000
114392.914091	349.919000
114469.550149	354.326000
114483.747539	355.093000
114558.930609	359.503000
114570.657280	360.144000
114645.700237	364.580000
114655.309280	365.127000
114731.186777	369.562000
114742.793177	370.228000
114821.001993	374.776000
114829.720647	375.273000
114911.196198	379.967000
114913.219415	380.081000
114999.306323	384.951000
115010.981619	385.599000
115091.405917	390.076000
115093.960641	390.217000
115179.208408	394.906000
115187.167603	395.342000
115280.220325	400.437000
115280.424931	400.448000
115366.243376	405.127000
115369.886036	405.327000
115463.478151	410.396000
115464.679721	410.461000
115550.685200	415.167000
115555.921392	415.453000
115648.489848	420.465000
115651.043080	420.606000
115735.640311	425.214000
115741.225141	425.527000
115827.728206	430.208000
115839.336406	430.860000
115923.976106	435.436000
115926.930352	435.603000
116012.988766	440.307000
116020.488925	440.736000
116098.417961	445.054000
116112.159050	445.844000
116194.643583	450.473000
116203.038536	450.952000
116276.249518	455.120000
116287.664749	455.775000
116364.703091	460.219000
116377.233170	460.935000
116454.792815	465.384000
116463.332674	465.863000
116539.813691	470.271000
116553.567482	471.035000
116620.530452	474.886000
116637.083661	475.799000
116721.224408	480.636000
116728.116381	481.018000
116798.201813	485.093000
116812.373816	485.881000
116882.994528	490.016000
116897.461788	490.828000
116978.262584	495.543000
116984.670025	495.899000
117059.630369	500.264000
117069.547793	500.816000
117140.692137	504.993000
117156.925663	505.892000
117237.666081	510.628000
117242.701935	510.905000
117313.413127	515.009000
117330.431913	515.951000
117405.098622	520.310000
117422.265550	521.262000
117492.945817	525.407000
117507.265683	526.200000
117575.203154	530.132000
117601.958472	531.621000
117669.410430	535.482000
117690.389516	536.643000
117754.363396	540.271000
117783.079538	541.860000
117842.147508	545.240000
117878.023599	547.207000
117933.810140	550.396000
117976.145568	552.740000
118020.753567	555.319000
118054.249755	557.222000
118111.419043	560.510000
118161.851106	563.398000
118194.154625	565.259000
118241.662104	567.944000
118285.048474	570.435000
118342.584527	573.708000
118374.796596	575.583000
118423.767335	578.414000
118451.894892	580.041000
118520.346197	584.004000
118544.423358	585.387000
118609.251215	589.133000
118630.063469	590.322000
118693.386884	593.970000
118710.901758	594.976000
118792.671906	599.676000
118802.075781	600.215000
118874.438433	604.365000
118890.387406	605.275000
118968.218199	609.742000
118971.829008	609.946000
119059.751983	614.938000
119061.714051	615.047000
119152.755535	620.125000
119153.323439	620.156000
119235.209771	624.711000
119244.759443	625.251000
119325.937555	629.762000
119338.963029	630.487000
119421.666319	635.066000
119435.457164	635.831000
119500.034098	639.443000
119520.196020	640.576000
119594.976716	644.808000
119613.769693	645.863000
119681.920889	649.733000
119709.783453	651.291000
119766.668316	654.497000
119792.344865	655.922000
119864.227781	659.955000
119886.456146	661.171000
119957.197812	665.158000
119979.361653	666.365000
120049.100646	670.252000
120067.725417	671.262000
120140.291545	675.264000
120158.130703	676.219000
120239.992273	680.725000
120253.794100	681.456000
120330.939397	685.713000
120347.419816	686.579000
120427.282187	690.946000
120434.487635	691.321000
120520.897179	695.965000
120531.051486	696.486000
120626.048877	701.538000
120628.777069	701.679000
120712.502504	706.200000
120718.514541	706.510000
120814.454854	711.622000
120817.815288	711.800000
120911.879804	716.654000
120912.973452	716.712000
121005.963073	721.468000
121016.491065	722.031000
121110.875453	726.860000
121112.668332	726.956000
121202.547340	731.529000
121222.670601	732.597000
121298.477299	736.508000
121312.333392	737.234000
121402.573867	741.883000
121418.135101	742.696000
121489.374915	746.330000
121518.968160	747.857000
121597.008258	751.774000
121618.550417	752.874000
121693.239852	756.568000
121726.360244	758.249000
121791.771368	761.437000
121823.776936	763.056000
121899.361609	766.695000
121937.179134	768.581000
121998.451012	771.533000
122040.356533	773.590000
122103.655667	776.646000
122144.254188	778.612000
122200.956524	781.338000
122255.004018	783.938000
122312.413823	786.666000
122364.515641	789.177000
122417.625785	791.687000
122464.942380	793.950000
122515.091163	796.300000
122582.933708	799.545000
122629.004700	801.682000
122685.525227	804.383000
122735.358044	806.688000
122801.862018	809.887000
122838.559919	811.571000
122895.346541	814.309000
122941.049315	816.435000
123025.997834	820.512000
123061.176469	822.142000
123116.686040	824.789000
123153.899177	826.486000
123234.637648	830.260000
123264.878471	831.612000
123353.274960	835.709000
123390.182718	837.345000
123457.365730	840.422000
123480.673263	841.453000
123574.556681	845.705000
123604.419226	847.005000
123700.473189	851.273000
123720.633277	852.137000
123799.529934	855.657000
123828.651639	856.878000
123931.968677	861.510000
123942.575969	861.959000
124043.336026	866.446000
124066.572659	867.425000
124159.385496	871.471000
124172.620515	872.022000
124282.750720	876.717000
124290.806578	877.046000
124412.298449	882.148000
124422.287256	882.547000
124521.793253	886.678000
124537.936761	887.323000
124652.856950	892.037000
124655.444467	892.142000
124781.629528	897.169000
124787.277296	897.393000
124905.659044	902.187000
124910.051330	902.359000
125030.702129	907.125000
125036.198950	907.335000
125163.138579	912.205000
125167.281851	912.361000
125298.253572	917.323000
125302.197346	917.470000
125429.191041	922.229000
125434.077542	922.408000
125564.448270	927.215000
125574.978041	927.604000
125700.501068	932.097000
125715.043490	932.622000
125849.573299	937.407000
125852.641109	937.516000
125984.394377	942.196000
125997.638635	942.662000
126123.542850	947.085000
126141.244340	947.704000
126270.921162	952.164000
126291.887355	952.884000
126423.219050	957.385000
126424.633719	957.434000
126554.423028	961.932000
126585.027329	962.959000
126718.582197	967.435000
126733.382707	967.924000
126863.778932	972.128000
126873.711114	972.451000
127017.141873	977.004000
127050.129863	978.083000
127183.032534	982.195000
127200.922403	982.771000
127327.429995	986.758000
127364.786400	987.924000
127465.617599	991.076000
127522.416718	992.804000
127597.048055	995.084000
127690.120455	997.855000
127702.032703	998.206000
127790.534092	1000.847000
127812.513353	1001.484000
127836.866785	1002.187000
127837.249277	1002.198000
127838.784479	1002.242000
127842.239819	1002.341000
127843.743040	1002.384000
127845.105326	1002.423000
127846.015114	1002.449000
127847.239950	1002.484000
127852.911745	1002.646000
127853.648439	1002.667000
127856.335812	1002.746000
127860.269006	1002.858000
127862.589354	1002.924000
127863.538748	1002.951000
127908.712828	1004.241000
127980.209608	1006.265000
128049.275677	1008.185000
128053.908539	1008.312000
128153.463794	1011.069000
128217.765968	1012.790000
128251.288300	1013.694000
128357.349569	1016.486000
128425.965543	1018.260000
128457.656094	1019.081000
128577.015857	1022.122000
128612.331243	1023.017000
128692.693947	1025.063000
128812.549898	1028.037000
128832.008784	1028.514000
129028.093342	1033.223000
129032.268527	1033.317000
129222.979441	1037.998000
129239.890979	1038.358000
129442.563204	1042.983000
129464.947361	1043.457000
129691.457292	1047.998000
129728.793593	1048.705000
129968.871359	1053.322000
129982.140805	1053.565000
130235.482258	1058.135000
130242.319971	1058.251000
130563.877417	1063.635000
130568.777464	1063.709000
130889.219806	1068.466000
130911.142215	1068.775000
131253.477664	1073.364000
131296.211274	1073.837000
131728.858855	1078.574000
131749.751358	1078.790000
132335.204102	1083.945000
132398.775353	1084.508000
132789.546956	1088.725000
132806.318779	1088.878000
133581.837436	1093.785000
133883.379523	1094.324000
134737.727535	1099.230000
135685.938894	1093.785000
138431.146721	1088.878000
138455.327352	1088.725000
138917.593864	1084.508000
138969.764700	1083.945000
139551.842493	1078.790000
139576.373588	1078.574000
140034.557790	1073.837000
140077.758614	1073.364000
140492.355945	1068.775000
140515.407079	1068.466000
140852.898658	1063.709000
140857.883467	1063.635000
141214.394982	1058.251000
141221.323039	1058.135000
141490.705372	1053.565000
141504.176263	1053.322000
141756.295734	1048.705000
141793.058779	1047.998000
142032.866619	1043.457000
142056.510246	1042.983000
142274.921057	1038.358000
142290.696625	1037.998000
142510.593598	1033.317000
142514.423298	1033.223000
142723.582313	1028.514000
142743.444775	1028.037000
142864.767055	1025.063000
142947.223436	1023.017000
142982.377209	1022.122000
143102.370607	1019.081000
143134.594995	1018.260000
143203.071290	1016.486000
143311.062157	1013.694000
143345.402912	1012.790000
143409.221423	1011.069000
143512.231935	1008.312000
143516.817905	1008.185000
143586.858028	1006.265000
143659.665176	1004.241000
143705.233776	1002.951000
143706.179280	1002.924000
143708.500022	1002.858000
143712.437582	1002.746000
143715.211888	1002.667000
143715.926253	1002.646000
143721.609322	1002.484000
143722.834710	1002.449000
143723.744588	1002.423000
143725.109270	1002.384000
143726.611277	1002.341000
143730.072183	1002.242000
143731.607890	1002.198000
143731.991690	1002.187000
143756.436452	1001.484000
143778.503502	1000.847000
143869.629453	998.206000
143881.391659	997.855000
143975.433937	995.084000
144052.014619	992.804000
144108.577317	991.076000
144212.183117	987.924000
144249.482983	986.758000
144377.218820	982.771000
144395.495312	982.195000
144523.209094	978.083000
144558.083117	977.004000
144697.280817	972.451000
144707.456116	972.128000
144836.728239	967.924000
144851.895640	967.435000
144987.370240	962.959000
145018.013862	961.932000
145152.052954	957.434000
145153.466843	957.385000
145283.414285	952.884000
145304.422687	952.164000
145434.296610	947.704000
145452.294357	947.085000
145578.778509	942.662000
145592.043570	942.196000
145725.054576	937.516000
145728.123188	937.407000
145862.797238	932.622000
145877.557562	932.097000
146002.012998	927.604000
146012.880671	927.215000
146143.000491	922.408000
146147.855153	922.229000
146277.770564	917.470000
146281.693252	917.323000
146414.815720	912.361000
146418.933331	912.205000
146548.277782	907.335000
146553.751565	907.125000
146678.503222	902.359000
146682.857384	902.187000
146805.279569	897.393000
146810.810965	897.169000
146937.557986	892.142000
146940.193640	892.037000
147056.360825	887.323000
147072.084950	886.678000
147175.478481	882.547000
147185.089445	882.148000
147312.815997	877.046000
147320.650341	876.717000
147435.611585	872.022000
147448.536344	871.471000
147545.721253	867.425000
147568.178932	866.446000
147674.678190	861.959000
147684.760932	861.510000
147794.188499	856.878000
147821.422977	855.657000
147905.377443	852.137000
147924.742986	851.273000
148024.330089	847.005000
148053.587387	845.705000
148151.260883	841.453000
148174.025183	840.422000
148243.586075	837.345000
148279.306390	835.709000
148371.733704	831.612000
148400.904329	830.260000
148485.319172	826.486000
148521.623672	824.789000
148579.669148	822.142000
148613.851468	820.512000
148701.841222	816.435000
148746.138634	814.309000
148804.997617	811.571000
148839.924085	809.887000
148909.637022	806.688000
148957.555640	804.383000
149015.949757	801.682000
149060.668145	799.545000
149130.626202	796.300000
149179.757167	793.950000
149228.049378	791.687000
149280.530445	789.177000
149333.661748	786.666000
149390.266193	783.938000
149444.982282	781.338000
149501.649001	778.612000
149542.542909	776.646000
149605.650274	773.590000
149648.257054	771.533000
149708.395652	768.581000
149747.541574	766.695000
149820.509746	763.056000
149854.137553	761.437000
149917.160251	758.249000
149951.650872	756.568000
150024.432982	752.874000
150046.674016	751.774000
150123.383688	747.857000
150153.806774	746.330000
150224.233659	742.696000
150240.171460	741.883000
150329.155687	737.234000
150343.247876	736.508000
150417.891374	732.597000
150438.592360	731.529000
150524.756846	726.956000
150526.643657	726.860000
150616.829203	722.031000
150627.833223	721.468000
150716.769509	716.712000
150717.903528	716.654000
150809.430518	711.800000
150812.879938	711.622000
150909.388580	706.510000
150915.206556	706.200000
151002.885321	701.679000
151005.496533	701.538000
151103.247087	696.486000
151113.043928	695.965000
151203.555636	691.321000
151210.533151	690.946000
151294.442994	686.579000
151310.280139	685.713000
151391.293009	681.456000
151404.540181	680.725000
151489.616836	676.219000
151506.966547	675.264000
151581.722895	671.262000
151600.036685	670.252000
151671.714395	666.365000
151693.369904	665.158000
151766.582195	661.171000
151788.157782	659.955000
151861.880640	655.922000
151887.279389	654.497000
151945.047121	651.291000
151972.691106	649.733000
152041.900427	645.863000
152060.479112	644.808000
152135.864777	640.576000
152155.885223	639.443000
152220.161360	635.831000
152233.838368	635.066000
152316.385140	630.487000
152329.479677	629.762000
152410.525075	625.251000
152420.242694	624.711000
152500.795945	620.156000
152501.353239	620.125000
152594.379539	615.047000
152596.333757	614.938000
152686.192882	609.946000
152689.785888	609.742000
152768.851986	605.275000
152784.707374	604.365000
152857.441703	600.215000
152866.840129	599.676000
152948.840521	594.976000
152966.342812	593.970000
153029.855993	590.322000
153050.495122	589.133000
153116.065100	585.387000
153139.999143	584.004000
153208.992481	580.041000
153237.094997	578.414000
153286.037294	575.583000
153318.471111	573.708000
153374.700497	570.435000
153418.489776	567.944000
153465.255093	565.259000
153498.182995	563.398000
153548.313335	560.510000
153605.730449	557.222000
153638.818391	555.319000
153684.213383	552.740000
153724.756674	550.396000
153782.353808	547.207000
153816.763380	545.240000
153878.411163	541.860000
153906.180099	540.271000
153971.744708	536.643000
153992.217055	535.482000
154061.984710	531.621000
154087.997652	530.132000
154158.650379	526.200000
154172.351908	525.407000
154247.201651	521.262000
154263.435092	520.310000
154342.038706	515.951000
154358.174526	515.009000
154432.320068	510.905000
154437.092729	510.628000
154523.193117	505.892000
154538.519476	504.993000
154613.944881	500.816000
154623.346767	500.264000
154701.769871	495.899000
154707.883475	495.543000
154792.746077	490.828000
154806.661293	490.016000
154880.333854	485.881000
154893.791925	485.093000
154967.079884	481.018000
154973.649856	480.636000
155060.918111	475.799000
155076.799959	474.886000
155146.620777	471.035000
155159.905562	470.271000
155239.259898	465.863000
155247.570789	465.384000
155326.889856	460.935000
155339.371920	460.219000
155417.142408	455.775000
155428.497070	455.120000
155501.136283	450.952000
155509.549925	450.473000
155590.677762	445.844000
155604.754837	445.054000
155679.861194	440.736000
155687.603564	440.307000
155769.843061	435.603000
155772.898281	435.436000
155853.848166	430.860000
155865.907844	430.208000
155949.248309	425.527000
155955.032428	425.214000
156037.252536	420.606000
156039.841123	420.465000
156130.598565	415.453000
156135.880803	415.167000
156222.039960	410.461000
156223.227881	410.396000
156316.931852	405.327000
156320.624577	405.127000
156405.844593	400.448000
156406.046346	400.437000
156500.816125	395.342000
156508.779027	394.906000
156594.376885	390.217000
156596.940318	390.076000
156678.057334	385.599000
156689.697929	384.951000
156777.442823	380.081000
156779.457999	379.967000
156862.764863	375.273000
156871.391481	374.776000
156951.175064	370.228000
156962.627806	369.562000
157039.916675	365.127000
157049.275185	364.580000
157127.201533	360.144000
157138.045207	359.503000
157218.723244	355.093000
157231.799302	354.326000
157313.374134	349.919000
157325.651206	349.213000
157406.739088	344.932000
157421.793877	344.079000
157502.568509	339.886000
157519.376889	338.969000
157606.216361	334.400000
157619.438355	333.681000
157692.667378	329.779000
157713.219568	328.662000
157794.035058	324.327000
157811.734905	323.373000
157889.626064	319.214000
157907.538389	318.264000
157986.511101	314.026000
158007.026182	312.979000
158082.173105	309.113000
158105.021749	307.959000
158184.000808	303.864000
158211.831502	302.446000
158284.833310	298.680000
158301.630045	297.810000
158379.361783	293.920000
158415.595814	292.052000
158480.419089	288.916000
158514.554227	287.172000
158590.002731	283.681000
158622.934377	282.056000
158693.432935	278.949000
158739.496364	276.755000
158804.643723	274.037000
158859.777194	271.601000
158934.265655	268.793000
158984.891619	266.612000
159058.993172	263.996000
159125.574666	261.292000
159193.280998	259.101000
159267.698228	256.228000
159352.586382	253.907000
159440.183319	250.909000
159504.485097	249.006000
159602.833177	245.758000
159651.621197	244.176000
159765.977115	240.610000
159834.421158	238.619000
159932.402773	235.224000
159978.117184	233.968000
160095.748806	230.037000
160141.463205	228.921000
160268.063627	224.914000
160314.190805	223.869000
160464.493184	219.529000
160510.609703	218.704000
160696.161501	214.047000
160711.730575	213.900000
161371.198809	209.540000
162052.901408	214.047000
162546.133914	218.704000
162579.004911	219.529000
162821.605748	223.869000
162857.796068	224.914000
163034.668415	228.921000
163069.928228	230.037000
163230.952695	233.968000
163268.537359	235.224000
163392.104576	238.619000
163449.565959	240.610000
163572.153331	244.176000
163622.885541	245.758000
163723.052095	249.006000
163780.674139	250.909000
163881.975626	253.907000
163949.791666	256.228000
164054.868645	259.101000
164111.620525	261.292000
164195.179594	263.996000
164259.594236	266.612000
164321.373856	268.793000
164386.553913	271.601000
164451.174245	274.037000
164512.690163	276.755000
164565.277839	278.949000
164630.509870	282.056000
164667.381501	283.681000
164738.128809	287.172000
164775.820642	288.916000
164837.201259	292.052000
164875.814102	293.920000
164951.269338	297.810000
164968.654071	298.680000
165041.362696	302.446000
165068.849834	303.864000
165149.221267	307.959000
165171.478126	309.113000
165248.023064	312.979000
165268.374546	314.026000
165351.414574	318.264000
165369.117282	319.214000
165447.535553	323.373000
165465.402388	324.327000
165545.830937	328.662000
165566.654675	329.779000
165638.449345	333.681000
165651.942853	334.400000
165735.964117	338.969000
165753.392831	339.886000
165830.249468	344.079000
165846.681798	344.932000
165922.238131	349.213000
165935.610718	349.919000
166012.246777	354.326000
166026.444167	355.093000
166101.627236	359.503000
166113.353908	360.144000
166188.396865	364.580000
166198.005907	365.127000
166273.883404	369.562000
166285.489805	370.228000
166363.698620	374.776000
166372.417275	375.273000
166453.892825	379.967000
166455.916042	380.081000
166542.002950	384.951000
166553.678246	385.599000
166634.102544	390.076000
166636.657268	390.217000
166721.905035	394.906000
166729.864231	395.342000
166822.916953	400.437000
166823.121559	400.448000
166908.940004	405.127000
166912.582663	405.327000
167006.174778	410.396000
167007.376348	410.461000
167093.381828	415.167000
167098.618020	415.453000
167191.186475	420.465000
167193.739708	420.606000
167278.336939	425.214000
167283.921768	425.527000
167370.424834	430.208000
167382.033034	430.860000
167466.672733	435.436000
167469.626979	435.603000
167555.685394	440.307000
167563.185552	440.736000
167641.114589	445.054000
167654.855678	445.844000
167737.340211	450.473000
167745.735163	450.952000
167818.946145	455.120000
167830.361376	455.775000
167907.399719	460.219000
167919.929798	460.935000
167997.489443	465.384000
168006.029302	465.863000
168082.510318	470.271000
168096.264110	471.035000
168163.227079	474.886000
168179.780288	475.799000
168263.921035	480.636000
168270.813008	481.018000
168340.898440	485.093000
168355.070443	485.881000
168425.691156	490.016000
168440.158416	490.828000
168520.959211	495.543000
168527.366652	495.899000
168602.326996	500.264000
168612.244420	500.816000
168683.388764	504.993000
168699.622290	505.892000
168780.362708	510.628000
168785.398563	510.905000
168856.109754	515.009000
168873.128541	515.951000
168947.795249	520.310000
168964.962178	521.262000
169035.642444	525.407000
169049.962310	526.200000
169117.899782	530.132000
169144.655100	531.621000
169212.107058	535.482000
169233.086143	536.643000
169297.060023	540.271000
169325.776165	541.860000
169384.844135	545.240000
169420.720227	547.207000
169476.506767	550.396000
169518.842196	552.740000
169563.450194	555.319000
169596.946383	557.222000
169654.115670	560.510000
169704.547734	563.398000
169736.851252	565.259000
169784.358731	567.944000
169827.745102	570.435000
169885.281155	573.708000
169917.493223	575.583000
169966.463962	578.414000
169994.591520	580.041000
170063.042825	584.004000
170087.119985	585.387000
170151.947842	589.133000
170172.760096	590.322000
170236.083511	593.970000
170253.598385	594.976000
170335.368533	599.676000
170344.772408	600.215000
170417.135060	604.365000
170433.084033	605.275000
170510.914826	609.742000
170514.525635	609.946000
170602.448610	614.938000
170604.410679	615.047000
170695.452163	620.125000
170696.020066	620.156000
170777.906398	624.711000
170787.456070	625.251000
170868.634182	629.762000
170881.659656	630.487000
170964.362946	635.066000
170978.153792	635.831000
171042.730725	639.443000
171062.892647	640.576000
171137.673344	644.808000
171156.466320	645.863000
171224.617517	649.733000
171252.480080	651.291000
171309.364943	654.497000
171335.041493	655.922000
171406.924408	659.955000
171429.152773	661.171000
171499.894439	665.158000
171522.058281	666.365000
171591.797273	670.252000
171610.422045	671.262000
171682.988172	675.264000
171700.827331	676.219000
171782.688900	680.725000
171796.490728	681.456000
171873.636024	685.713000
171890.116443	686.579000
171969.978814	690.946000
171977.184262	691.321000
172063.593806	695.965000
172073.748113	696.486000
172168.745504	701.538000
172171.473697	701.679000
172255.199132	706.200000
172261.211168	706.510000
172357.151482	711.622000
172360.511916	711.800000
172454.576431	716.654000
172455.670079	716.712000
172548.659700	721.468000
172559.187692	722.031000
172653.572081	726.860000
172655.364960	726.956000
172745.243968	731.529000
172765.367228	732.597000
172841.173926	736.508000
172855.030019	737.234000
172945.270495	741.883000
172960.831729	742.696000
173032.071542	746.330000
173061.664787	747.857000
173139.704885	751.774000
173161.247044	752.874000
173235.936480	756.568000
173269.056871	758.249000
173334.467996	761.437000
173366.473563	763.056000
173442.058237	766.695000
173479.875762	768.581000
173541.147640	771.533000
173583.053160	773.590000
173646.352294	776.646000
173686.950815	778.612000
173743.653151	781.338000
173797.700645	783.938000
173855.110450	786.666000
173907.212268	789.177000
173960.322412	791.687000
174007.639007	793.950000
174057.787790	796.300000
174125.630336	799.545000
174171.701327	801.682000
174228.221854	804.383000
174278.054671	806.688000
174344.558645	809.887000
174381.256546	811.571000
174438.043168	814.309000
174483.745942	816.435000
174568.694461	820.512000
174603.873097	822.142000
174659.382668	824.789000
174696.595805	826.486000
174777.334275	830.260000
174807.575098	831.612000
174895.971587	835.709000
174932.879345	837.345000
175000.062357	840.422000
175023.369890	841.453000
175117.253308	845.705000
175147.115854	847.005000
175243.169816	851.273000
175263.329905	852.137000
175342.226561	855.657000
175371.348267	856.878000
175474.665304	861.510000
175485.272597	861.959000
175586.032653	866.446000
175609.269286	867.425000
175702.082123	871.471000
175715.317142	872.022000
175825.447348	876.717000
175833.503205	877.046000
175954.995077	882.148000
175964.983884	882.547000
176064.489881	886.678000
176080.633388	887.323000
176195.553577	892.037000
176198.141094	892.142000
176324.326155	897.169000
176329.973924	897.393000
176448.355672	902.187000
176452.747957	902.359000
176573.398757	907.125000
176578.895577	907.335000
176705.835207	912.205000
176709.978479	912.361000
176840.950200	917.323000
176844.893973	917.470000
176971.887668	922.229000
176976.774169	922.408000
177107.144898	927.215000
177117.674669	927.604000
177243.197695	932.097000
177257.740118	932.622000
177392.269927	937.407000
177395.337737	937.516000
177527.091005	942.196000
177540.335263	942.662000
177666.239477	947.085000
177683.940967	947.704000
177813.617789	952.164000
177834.583983	952.884000
177965.915677	957.385000
177967.330346	957.434000
178097.119655	961.932000
178127.723957	962.959000
178261.278825	967.435000
178276.079334	967.924000
178406.475559	972.128000
178416.407742	972.451000
178559.838501	977.004000
178592.826491	978.083000
178725.729162	982.195000
178743.619030	982.771000
178870.126622	986.758000
178907.483027	987.924000
179008.314226	991.076000
179065.113345	992.804000
179139.744682	995.084000
179232.817082	997.855000
179244.729330	998.206000
179333.230719	1000.847000
179355.209981	1001.484000
179379.563412	1002.187000
179379.945905	1002.198000
179381.481106	1002.242000
179384.936446	1002.341000
179386.439668	1002.384000
179387.801954	1002.423000
179388.711742	1002.449000
179389.936577	1002.484000
179395.608372	1002.646000
179396.345066	1002.667000
179399.032439	1002.746000
179402.965633	1002.858000
179405.285981	1002.924000
179406.235376	1002.951000
179451.409456	1004.241000
179522.906236	1006.265000
179591.972304	1008.185000
179596.605167	1008.312000
179696.160422	1011.069000
179760.462595	1012.790000
179793.984928	1013.694000
179900.046197	1016.486000
179968.662171	1018.260000
180000.352722	1019.081000
180119.712484	1022.122000
180155.027871	1023.017000
180235.390575	1025.063000
180355.246525	1028.037000
180374.705412	1028.514000
180570.789969	1033.223000
180574.965155	1033.317000
180765.676068	1037.998000
180782.587606	1038.358000
180985.259832	1042.983000
181007.643988	1043.457000
181234.153919	1047.998000
181271.490220	1048.705000
181511.567986	1053.322000
181524.837432	1053.565000
181778.178885	1058.135000
181785.016599	1058.251000
182106.574044	1063.635000
182111.474091	1063.709000
182431.916433	1068.466000
182453.838842	1068.775000
182796.174291	1073.364000
182838.907901	1073.837000
183271.555482	1078.574000
183292.447985	1078.790000
183877.900729	1083.945000
183941.471980	1084.508000
184332.243583	1088.725000
184349.015406	1088.878000
185124.534063	1093.785000
185426.076150	1094.324000
186280.424162	1099.230000
187228.635522	1093.785000
189973.843349	1088.878000
189998.023979	1088.725000
190460.290492	1084.508000
190512.461327	1083.945000
191094.539120	1078.790000
191119.070215	1078.574000
191577.254417	1073.837000
191620.455242	1073.364000
192035.052572	1068.775000
192058.103706	1068.466000
192395.595286	1063.709000
192400.580094	1063.635000
192757.091609	1058.251000
192764.019667	1058.135000
193033.401999	1053.565000
193046.872890	1053.322000
193298.992361	1048.705000
193335.755406	1047.998000
193575.563247	1043.457000
193599.206873	1042.983000
193817.617684	1038.358000
193833.393252	1037.998000
194053.290225	1033.317000
194057.119925	1033.223000
194266.278940	1028.514000
194286.141402	1028.037000
194407.463683	1025.063000
194489.920063	1023.017000
194525.073836	1022.122000
194645.067234	1019.081000
194677.291623	1018.260000
194745.767917	1016.486000
194853.758784	1013.694000
194888.099539	1012.790000
194951.918050	1011.069000
195054.928563	1008.312000
195059.514532	1008.185000
195129.554656	1006.265000
195202.361803	1004.241000
195247.930403	1002.951000
195248.875907	1002.924000
195251.196649	1002.858000
195255.134209	1002.746000
195257.908516	1002.667000
195258.622881	1002.646000
195264.305950	1002.484000
195265.531337	1002.449000
195266.441215	1002.423000
195267.805897	1002.384000
195269.307905	1002.341000
195272.768811	1002.242000
195274.304517	1002.198000
195274.688317	1002.187000
195299.133080	1001.484000
195321.200129	1000.847000
195412.326080	998.206000
195424.088287	997.855000
195518.130564	995.084000
195594.711247	992.804000
195651.273944	991.076000
195754.879744	987.924000
195792.179610	986.758000
195919.915448	982.771000
195938.191940	982.195000
196065.905721	978.083000
196100.779744	977.004000
196239.977444	972.451000
196250.152743	972.128000
196379.424866	967.924000
196394.592267	967.435000
196530.066868	962.959000
196560.710489	961.932000
196694.749581	957.434000
196696.163471	957.385000
196826.110912	952.884000
196847.119315	952.164000
196976.993237	947.704000
196994.990985	947.085000
197121.475137	942.662000
197134.740197	942.196000
197267.751203	937.516000
197270.819815	937.407000
197405.493866	932.622000
197420.254189	932.097000
197544.709625	927.604000
197555.577299	927.215000
197685.697119	922.408000
197690.551781	922.229000
197820.467191	917.470000
197824.389880	917.323000
197957.512347	912.361000
197961.629959	912.205000
198090.974410	907.335000
198096.448193	907.125000
198221.199850	902.359000
198225.554012	902.187000
198347.976196	897.393000
198353.507592	897.169000
198480.254614	892.142000
198482.890268	892.037000
198599.057453	887.323000
198614.781577	886.678000
198718.175109	882.547000
198727.786073	882.148000
198855.512624	877.046000
198863.346969	876.717000
198978.308213	872.022000
198991.232972	871.471000
199088.417881	867.425000
199110.875559	866.446000
199217.374817	861.959000
199227.457560	861.510000
199336.885126	856.878000
199364.119605	855.657000
199448.074070	852.137000
199467.439613	851.273000
199567.026716	847.005000
199596.284015	845.705000
199693.957510	841.453000
199716.721810	840.422000
199786.282703	837.345000
199822.003017	835.709000
199914.430331	831.612000
