0.000000	500.000000
71.900857	495.899000
77.879129	495.543000
160.685536	490.828000
174.293967	490.016000
246.215933	485.881000
259.379236	485.093000
330.894039	481.018000
337.318154	480.636000
422.462120	475.799000
437.983586	474.886000
506.088721	471.035000
519.072280	470.271000
596.503082	465.863000
604.626319	465.384000
682.058240	460.935000
694.255880	460.219000
770.241092	455.775000
781.339804	455.120000
852.324769	450.952000
860.543889	450.473000
939.804072	445.844000
953.546568	445.054000
1026.948922	440.736000
1034.502713	440.307000
1114.857921	435.603000
1117.836755	435.436000
1196.889354	430.860000
1208.641107	430.208000
1290.003993	425.527000
1295.640681	425.214000
1375.901584	420.606000
1378.425017	420.465000
1466.957631	415.453000
1472.105374	415.167000
1556.107321	410.461000
1557.265601	410.396000
1648.579656	405.327000
1652.178413	405.127000
1735.285956	400.448000
1735.482641	400.437000
1827.806431	395.342000
1835.570898	394.906000
1919.037570	390.217000
1921.537679	390.076000
2000.663960	385.599000
2012.023547	384.951000
2097.638095	380.081000
2099.606107	379.967000
2180.948230	375.273000
2189.379917	374.776000
2267.323448	370.228000
2278.522005	369.562000
2354.050894	365.127000
2363.203732	364.580000
2439.328078	360.144000
2449.938571	359.503000
2528.599602	355.093000
2541.390243	354.326000
2620.879198	349.919000
2632.877858	349.213000
2711.798775	344.932000
2726.502280	344.079000
2805.047355	339.886000
2821.433951	338.969000
2905.937507	334.400000
2918.825636	333.681000
2990.132066	329.779000
3010.164756	328.662000
3088.885371	324.327000
3106.130611	323.373000
3181.984852	319.214000
3199.422661	318.264000
3276.349978	314.026000
3296.280110	312.979000
3369.316897	309.113000
3391.500955	307.959000
3468.295137	303.864000
3495.329771	302.446000
3566.292442	298.680000
3582.623595	297.810000
3658.054370	293.920000
3693.275009	292.052000
3756.051597	288.916000
3789.215454	287.172000
3862.071633	283.681000
3894.001956	282.056000
3961.844936	278.949000
4006.410291	276.755000
4068.837370	274.037000
4121.903945	271.601000
4192.635890	268.793000
4241.271417	266.612000
4311.156509	263.996000
4374.814185	261.292000
4438.008002	259.101000
4508.834386	256.228000
4586.097018	253.907000
4668.419273	250.909000
4727.693798	249.006000
4819.723653	245.758000
4865.271892	244.176000
4971.481720	240.610000
5034.409332	238.619000
5126.622012	235.224000
5168.264399	233.968000
5278.498891	230.037000
5319.227956	228.921000
5437.047360	224.914000
5477.478117	223.869000
5615.507616	219.529000
5653.368587	218.704000
5819.611036	214.047000
5829.023798	213.900000
6138.524334	209.540000
6250.150695	208.688000
6933.010544	213.900000
6943.445539	214.047000
7241.644411	218.704000
7271.094706	219.529000
7470.266361	223.869000
7503.501574	224.914000
7658.531281	228.921000
7691.345470	230.037000
7834.809589	233.968000
7870.030785	235.224000
7982.591216	238.619000
8036.669403	240.610000
8149.376519	244.176000
8196.494844	245.758000
8290.009813	249.006000
8343.930014	250.909000
8437.311531	253.907000
8501.044004	256.228000
8596.681894	259.101000
8650.695332	261.292000
8728.685329	263.996000
8790.271305	266.612000
8848.535596	268.793000
8911.153001	271.601000
8972.514475	274.037000
9031.724224	276.755000
9082.116060	278.949000
9145.226617	282.056000
9180.709347	283.681000
9249.305506	287.172000
9285.702290	288.916000
9345.336382	292.052000
9382.730090	293.920000
9456.074997	297.810000
9472.945119	298.680000
9543.638363	302.446000
9570.357712	303.864000
9648.430227	307.959000
9670.071372	309.113000
9744.389891	312.979000
9764.169900	314.026000
9844.842202	318.264000
9862.086410	319.214000
9938.427302	323.373000
9955.826904	324.327000
10034.189710	328.662000
10054.473661	329.779000
10124.453566	333.681000
10137.592808	334.400000
10219.492476	338.969000
10236.452371	339.886000
10311.380393	344.079000
10327.359155	344.932000
10401.152479	349.213000
10414.167702	349.919000
10489.065853	354.326000
10502.900214	355.093000
10576.442230	359.503000
10587.875727	360.144000
10661.304973	364.580000
10670.691812	365.127000
10744.901751	369.562000
10756.243857	370.228000
10832.716891	374.776000
10841.234466	375.273000
10920.868954	379.967000
10922.844455	380.081000
11006.916554	384.951000
11018.308387	385.599000
11096.791213	390.076000
11099.283240	390.217000
11182.425177	394.906000
11190.186206	395.342000
11280.920061	400.437000
11281.119386	400.448000
11364.781750	405.127000
11368.334113	405.327000
11459.544628	410.396000
11460.715552	410.461000
11544.575038	415.167000
11549.680128	415.453000
11639.891628	420.465000
11642.382270	420.606000
11724.850189	425.214000
11730.301938	425.527000
11814.600138	430.208000
11825.932887	430.860000
11908.411445	435.436000
11911.296451	435.603000
11995.203257	440.307000
12002.531570	440.736000
12078.562509	445.054000
12091.991841	445.844000
12172.515913	450.473000
12180.717604	450.952000
12252.235956	455.120000
12263.391223	455.775000
12338.693020	460.219000
12350.935462	460.935000
12426.727785	465.384000
12435.064465	465.863000
12509.818597	470.271000
12523.238999	471.035000
12588.683617	474.886000
12604.830069	475.799000
12687.061536	480.636000
12693.785744	481.018000
12762.315238	485.093000
12776.144358	485.881000
12845.218288	490.016000
12859.341780	490.828000
12938.361176	495.543000
12944.613367	495.899000
13017.914362	500.264000
13027.592313	500.816000
13097.186552	504.993000
13113.024269	505.892000
13192.002348	510.628000
13196.913809	510.905000
13266.049723	515.009000
13282.653141	515.951000
13355.675103	520.310000
13372.424569	521.262000
13441.561435	525.407000
13455.532131	526.200000
13521.947935	530.132000
13548.057040	531.621000
13613.965704	535.482000
13634.432590	536.643000
13696.916302	540.271000
13724.931198	541.860000
13782.646856	545.240000
13817.631223	547.207000
13872.138086	550.396000
13913.440856	552.740000
13957.047656	555.319000
13989.766293	557.222000
14045.639469	560.510000
14094.918599	563.398000
14126.492109	565.259000
14172.885686	567.944000
14215.285152	570.435000
14271.488940	573.708000
14302.987412	575.583000
14350.858861	578.414000
14378.355720	580.041000
14445.274789	584.004000
14468.804746	585.387000
14532.176081	589.133000
14552.510371	590.322000
14614.402738	593.970000
14631.519505	594.976000
14711.433616	599.676000
14720.622880	600.215000
14791.335952	604.365000
14806.917748	605.275000
14882.976910	609.742000
14886.502998	609.946000
14972.382552	614.938000
14974.297069	615.047000
15063.149065	620.125000
15063.702734	620.156000
15143.609473	624.711000
15152.935456	625.251000
15232.147244	629.762000
15244.858201	630.487000
15325.544116	635.066000
15338.999784	635.831000
15402.032029	639.443000
15421.715987	640.576000
15494.747762	644.808000
15513.094356	645.863000
15579.662105	649.733000
15606.857827	651.291000
15662.401717	654.497000
15687.454789	655.922000
15757.628370	659.955000
15779.301852	661.171000
15848.375923	665.158000
15869.981668	666.365000
15938.041148	670.252000
15956.193127	671.262000
16026.975755	675.264000
16044.350722	676.219000
16124.192913	680.725000
16137.628162	681.456000
16212.879518	685.713000
16228.915541	686.579000
16306.782690	690.946000
16313.790231	691.321000
16397.968146	695.965000
16407.835854	696.486000
16500.329736	701.538000
16502.981990	701.679000
16584.564571	706.200000
16590.408523	706.510000
16683.829810	711.622000
16687.101007	711.800000
16778.539518	716.654000
16779.604191	716.712000
16869.953263	721.468000
16880.206743	722.031000
16971.912740	726.860000
16973.658986	726.956000
17060.960227	731.529000
17080.551110	732.597000
17154.240634	736.508000
17167.721026	737.234000
17255.434302	741.883000
17270.571272	742.696000
17339.777931	746.330000
17368.544920	747.857000
17444.287923	751.774000
17465.216470	752.874000
17537.644811	756.568000
17569.810814	758.249000
17633.185632	761.437000
17664.263033	763.056000
17737.439238	766.695000
17774.129903	768.581000
17833.452003	771.533000
17874.070553	773.590000
17935.363323	776.646000
17974.682415	778.612000
18029.573022	781.338000
18081.895674	783.938000
18137.430036	786.666000
18187.874889	789.177000
18239.232045	791.687000
18285.021816	793.950000
18333.488467	796.300000
18399.142250	799.545000
18443.637718	801.682000
18498.331611	804.383000
18546.451156	806.688000
18610.832469	809.887000
18646.249537	811.571000
18701.231735	814.309000
18745.380037	816.435000
18827.605511	820.512000
18861.578658	822.142000
18915.286936	824.789000
18951.185802	826.486000
19029.203204	830.260000
19058.335269	831.612000
19143.704233	835.709000
19179.236764	837.345000
19244.066423	840.422000
19266.502077	841.453000
19357.026462	845.705000
19385.737751	847.005000
19478.228811	851.273000
19497.588481	852.137000
19573.581126	855.657000
19601.498039	856.878000
19701.046963	861.510000
19711.223203	861.959000
19808.261325	866.446000
19830.545357	867.425000
19919.789401	871.471000
19932.469570	872.022000
20038.183697	876.717000
20045.889473	877.046000
20162.370155	882.148000
20171.906556	882.547000
20267.218962	886.678000
20282.631631	887.323000
20392.598631	892.037000
20395.072352	892.142000
20515.513862	897.169000
20520.902426	897.393000
20634.057850	902.187000
20638.243717	902.359000
20753.315626	907.125000
20758.542003	907.335000
20879.284615	912.205000
20883.218470	912.361000
21007.645958	917.323000
21011.386652	917.470000
21131.905407	922.229000
21136.532092	922.408000
21260.053923	927.215000
21270.032484	927.604000
21388.591719	932.097000
21402.339904	932.622000
21529.319105	937.407000
21532.214393	937.516000
21656.554804	942.196000
21669.040824	942.662000
21787.716262	947.085000
21804.392848	947.704000
21926.330578	952.164000
21946.042045	952.884000
22069.485317	957.385000
22070.816640	957.434000
22192.966988	961.932000
22221.661259	962.959000
22346.861460	967.435000
22360.711853	967.924000
22482.358941	972.128000
22491.635030	972.451000
22625.169561	977.004000
22656.001048	978.083000
22779.302860	982.195000
22795.989477	982.771000
22913.655005	986.758000
22948.354845	987.924000
23042.034947	991.076000
23094.605728	992.804000
23163.722358	995.084000
23249.594900	997.855000
23260.568577	998.206000
23342.251674	1000.847000
23362.447852	1001.484000
23384.811676	1002.187000
23385.162714	1002.198000
23386.570905	1002.242000
23389.740213	1002.341000
23391.118646	1002.384000
23392.368003	1002.423000
23393.202140	1002.449000
23394.325109	1002.484000
23399.524824	1002.646000
23400.199987	1002.667000
23402.674745	1002.746000
23406.278814	1002.858000
23408.404620	1002.924000
23409.274392	1002.951000
23450.687072	1004.241000
23516.139216	1006.265000
23579.177771	1008.185000
23583.396334	1008.312000
23674.204997	1011.069000
23732.513209	1012.790000
23762.951278	1013.694000
23858.839469	1016.486000
23920.667191	1018.260000
23949.233482	1019.081000
24056.485232	1022.122000
24088.185721	1023.017000
24160.386484	1025.063000
24267.525936	1028.037000
24284.877433	1028.514000
24458.980722	1033.223000
24462.634992	1033.317000
24632.737064	1037.998000
24647.337603	1038.358000
24825.278846	1042.983000
24844.578232	1043.457000
25037.037674	1047.998000
25068.241548	1048.705000
25269.814744	1053.322000
25280.790787	1053.565000
25489.341724	1058.135000
25494.855671	1058.251000
25752.962865	1063.635000
25756.744903	1063.709000
26002.348311	1068.466000
26018.784555	1068.775000
26269.713103	1073.364000
26298.119355	1073.837000
26583.964312	1078.574000
26597.318108	1078.790000
26935.559993	1083.945000
26972.429359	1084.508000
27228.496462	1088.725000
27238.414725	1088.878000
27590.015851	1093.785000
27632.906170	1094.324000
27990.986881	1099.230000
28031.743813	1099.661000
28466.876640	1103.978000
28534.025190	1104.507000
29110.802197	1109.196000
29210.431699	1109.708000
30549.413220	1114.501000
30687.742607	1115.229000
31736.803801	1109.708000
31879.837087	1109.196000
32792.264297	1104.507000
32857.334682	1103.978000
33405.312540	1099.661000
33448.755266	1099.230000
33912.684529	1094.324000
33952.025234	1093.785000
34342.494247	1088.878000
34353.457151	1088.725000
34626.825215	1084.508000
34661.012026	1083.945000
34998.599204	1078.790000
35012.771900	1078.574000
35305.628068	1073.837000
35334.170323	1073.364000
35609.765020	1068.775000
35626.661276	1068.466000
35879.694328	1063.709000
35883.514940	1063.635000
36158.683792	1058.251000
36164.244794	1058.135000
36381.475256	1053.565000
36392.564507	1053.322000
36601.109315	1048.705000
36631.976166	1047.998000
36832.395953	1043.457000
36852.485311	1042.983000
37040.796824	1038.358000
37054.647385	1037.998000
37244.494944	1033.317000
37247.910794	1033.223000
37430.974187	1028.514000
37448.610048	1028.037000
37556.793175	1025.063000
37630.501083	1023.017000
37662.084506	1022.122000
37769.795328	1019.081000
37798.750832	1018.260000
37860.476289	1016.486000
37957.783503	1013.694000
37988.830396	1012.790000
38046.777206	1011.069000
38140.185540	1008.312000
38144.368601	1008.185000
38208.145297	1006.265000
38274.598441	1004.241000
38316.314481	1002.951000
38317.181258	1002.924000
38319.307367	1002.858000
38322.914796	1002.746000
38325.456951	1002.667000
38326.114799	1002.646000
38331.323197	1002.484000
38332.446593	1002.449000
38333.280799	1002.423000
38334.532004	1002.384000
38335.909500	1002.341000
38339.083102	1002.242000
38340.491683	1002.198000
38340.843731	1002.187000
38363.278229	1001.484000
38383.542462	1000.847000
38467.275751	998.206000
38478.131778	997.855000
38564.764425	995.084000
38635.421009	992.804000
38687.804139	991.076000
38783.697137	987.924000
38818.351642	986.758000
38937.003668	982.771000
38954.002751	982.195000
39073.126657	978.083000
39105.481389	977.004000
39235.579406	972.451000
39245.052644	972.128000
39365.785388	967.924000
39379.935109	967.435000
39506.712945	962.959000
39535.439622	961.932000
39661.113266	957.434000
39662.443939	957.385000
39784.735421	952.884000
39804.481956	952.164000
39926.583544	947.704000
39943.507188	947.085000
40062.667999	942.662000
40075.171448	942.196000
40200.567531	937.516000
40203.463494	937.407000
40330.563984	932.622000
40344.495871	932.097000
40462.154150	927.604000
40472.418904	927.215000
40595.727234	922.408000
40600.326862	922.229000
40723.334629	917.470000
40727.057314	917.323000
40853.324844	912.361000
40857.236712	912.205000
40980.043567	907.335000
40985.250128	907.125000
41103.864008	902.359000
41108.016834	902.187000
41224.685711	897.393000
41229.972907	897.169000
41350.902866	892.142000
41353.418553	892.037000
41464.476827	887.323000
41479.523224	886.678000
41578.235989	882.547000
41587.441907	882.148000
41709.383558	877.046000
41716.894758	876.717000
41826.860169	872.022000
41839.266662	871.471000
41932.377307	867.425000
41953.971454	866.446000
42056.104702	861.959000
42065.815002	861.510000
42170.795718	856.878000
42197.036918	855.657000
42277.518110	852.137000
42296.170850	851.273000
42391.804034	847.005000
42419.976100	845.705000
42513.884101	841.453000
42535.833922	840.422000
42602.792707	837.345000
42637.261775	835.709000
42726.245137	831.612000
42754.416686	830.260000
42835.736520	826.486000
42870.817477	824.789000
42926.812938	822.142000
42959.886038	820.512000
43044.860588	816.435000
43087.738037	814.309000
43144.595068	811.571000
43178.411731	809.887000
43245.691540	806.688000
43292.080702	804.383000
43348.467205	801.682000
43391.740381	799.545000
43459.306031	796.300000
43506.851914	793.950000
43553.524268	791.687000
43604.311863	789.177000
43655.689479	786.666000
43710.493764	783.938000
43763.422408	781.338000
43818.280697	778.612000
43857.867979	776.646000
43918.986568	773.590000
43960.242860	771.533000
44018.534528	768.581000
44056.434758	766.695000
44127.228676	763.056000
44159.784949	761.437000
44220.979980	758.249000
44254.396877	756.568000
44325.081716	752.874000
44346.649440	751.774000
44421.174095	747.857000
44450.701684	746.330000
44519.162220	742.696000
44534.645163	741.883000
44621.203306	737.234000
44634.900841	736.508000
44707.520417	732.597000
44727.643253	731.529000
44811.528187	726.956000
44813.360883	726.860000
44901.200663	722.031000
44911.892417	721.468000
44998.509731	716.712000
44999.611549	716.654000
45088.713671	711.800000
45092.066793	711.622000
45186.012647	706.510000
45191.677866	706.200000
45276.905297	701.679000
45279.449678	701.538000
45374.479364	696.486000
45384.018024	695.965000
45471.975106	691.321000
45478.772418	690.946000
45560.377568	686.579000
45575.819049	685.713000
45654.647401	681.456000
45667.569351	680.725000
45750.386358	676.219000
45767.308083	675.264000
45840.119201	671.262000
45857.982883	670.252000
45927.841045	666.365000
45948.975028	665.158000
46020.343799	661.171000
46041.410785	659.955000
46113.293311	655.922000
46138.088092	654.497000
46194.453110	651.291000
46221.445431	649.733000
46288.998347	645.863000
46307.145369	644.808000
46380.740424	640.576000
46400.292645	639.443000
46463.045032	635.831000
46476.394884	635.066000
46556.935415	630.487000
46569.710538	629.762000
46648.798990	625.251000
46658.281226	624.711000
46736.947621	620.156000
46737.491442	620.125000
46828.185882	615.047000
46830.093103	614.938000
46917.774459	609.946000
46921.283960	609.742000
46998.494918	605.275000
47013.989397	604.365000
47085.049235	600.215000
47094.233415	599.676000
47174.362436	594.976000
47191.467457	593.970000
47253.537005	590.322000
47273.709709	589.133000
47337.773838	585.387000
47361.170143	584.004000
47428.595465	580.041000
47456.068926	578.414000
47503.913800	575.583000
47535.619546	573.708000
47590.603279	570.435000
47633.378602	567.944000
47679.080155	565.259000
47711.236001	563.398000
47760.233474	560.510000
47816.337968	557.222000
47848.675758	555.319000
47893.016990	552.740000
47932.650313	550.396000
47988.842520	547.207000
48022.462777	545.240000
48082.578264	541.860000
48109.711453	540.271000
48173.674978	536.643000
48193.670455	535.482000
48261.734750	531.621000
48287.152518	530.132000
48356.098792	526.200000
48369.493434	525.407000
48442.518069	521.262000
48458.397031	520.310000
48535.089172	515.951000
48550.869555	515.009000
48623.205465	510.905000
48627.871802	510.628000
48711.845386	505.892000
48726.837213	504.993000
48800.423576	500.816000
48809.620612	500.264000
48886.150055	495.899000
48892.128326	495.543000
48974.934733	490.828000
48988.543164	490.016000
49060.465130	485.881000
49073.628433	485.093000
49145.143236	481.018000
49151.567351	480.636000
49236.711317	475.799000
49252.232783	474.886000
49320.337918	471.035000
49333.321477	470.271000
49410.752279	465.863000
49418.875516	465.384000
49496.307437	460.935000
49508.505077	460.219000
49584.490289	455.775000
49595.589002	455.120000
49666.573966	450.952000
49674.793086	450.473000
49754.053269	445.844000
49767.795765	445.054000
49841.198119	440.736000
49848.751911	440.307000
49929.107118	435.603000
49932.085952	435.436000
50011.138551	430.860000
50022.890304	430.208000
50104.253190	425.527000
50109.889878	425.214000
50190.150781	420.606000
50192.674214	420.465000
50281.206828	415.453000
50286.354571	415.167000
50370.356518	410.461000
50371.514799	410.396000
50462.828853	405.327000
50466.427611	405.127000
50549.535153	400.448000
50549.731838	400.437000
50642.055628	395.342000
50649.820095	394.906000
50733.286767	390.217000
50735.786876	390.076000
50814.913157	385.599000
50826.272744	384.951000
50911.887292	380.081000
50913.855304	379.967000
50995.197427	375.273000
51003.629114	374.776000
51081.572645	370.228000
51092.771202	369.562000
51168.300091	365.127000
51177.452929	364.580000
51253.577276	360.144000
51264.187768	359.503000
51342.848799	355.093000
51355.639440	354.326000
51435.128395	349.919000
51447.127055	349.213000
51526.047972	344.932000
51540.751478	344.079000
51619.296552	339.886000
51635.683148	338.969000
51720.186705	334.400000
51733.074833	333.681000
51804.381263	329.779000
51824.413953	328.662000
51903.134568	324.327000
51920.379808	323.373000
51996.234049	319.214000
52013.671858	318.264000
52090.599175	314.026000
52110.529308	312.979000
52183.566094	309.113000
52205.750152	307.959000
52282.544334	303.864000
52309.578968	302.446000
52380.541639	298.680000
52396.872792	297.810000
52472.303567	293.920000
52507.524206	292.052000
52570.300794	288.916000
52603.464651	287.172000
52676.320830	283.681000
52708.251153	282.056000
52776.094133	278.949000
52820.659489	276.755000
52883.086568	274.037000
52936.153142	271.601000
53006.885087	268.793000
53055.520614	266.612000
53125.405706	263.996000
53189.063382	261.292000
53252.257199	259.101000
53323.083583	256.228000
53400.346216	253.907000
53482.668471	250.909000
53541.942996	249.006000
53633.972850	245.758000
53679.521090	244.176000
53785.730917	240.610000
53848.658530	238.619000
53940.871210	235.224000
53982.513596	233.968000
54092.748088	230.037000
54133.477153	228.921000
54251.296557	224.914000
54291.727315	223.869000
54429.756813	219.529000
54467.617784	218.704000
54633.860233	214.047000
54643.272995	213.900000
54952.773531	209.540000
55064.399892	208.688000
55747.259741	213.900000
55757.694737	214.047000
56055.893609	218.704000
56085.343903	219.529000
56284.515558	223.869000
56317.750771	224.914000
56472.780479	228.921000
56505.594667	230.037000
56649.058786	233.968000
56684.279982	235.224000
56796.840413	238.619000
56850.918600	240.610000
56963.625716	244.176000
57010.744041	245.758000
57104.259010	249.006000
57158.179211	250.909000
57251.560728	253.907000
57315.293201	256.228000
57410.931091	259.101000
57464.944529	261.292000
57542.934526	263.996000
57604.520502	266.612000
57662.784793	268.793000
57725.402198	271.601000
57786.763672	274.037000
57845.973421	276.755000
57896.365257	278.949000
57959.475814	282.056000
57994.958544	283.681000
58063.554703	287.172000
58099.951488	288.916000
58159.585579	292.052000
58196.979287	293.920000
58270.324194	297.810000
58287.194316	298.680000
58357.887560	302.446000
58384.606909	303.864000
58462.679424	307.959000
58484.320569	309.113000
58558.639088	312.979000
58578.419097	314.026000
58659.091399	318.264000
58676.335607	319.214000
58752.676499	323.373000
58770.076101	324.327000
58848.438907	328.662000
58868.722858	329.779000
58938.702763	333.681000
58951.842005	334.400000
59033.741673	338.969000
59050.701568	339.886000
59125.629590	344.079000
59141.608352	344.932000
59215.401677	349.213000
59228.416899	349.919000
59303.315050	354.326000
59317.149411	355.093000
59390.691427	359.503000
59402.124924	360.144000
59475.554170	364.580000
59484.941009	365.127000
59559.150948	369.562000
59570.493054	370.228000
59646.966088	374.776000
59655.483663	375.273000
59735.118151	379.967000
59737.093652	380.081000
59821.165751	384.951000
59832.557584	385.599000
59911.040410	390.076000
59913.532437	390.217000
59996.674374	394.906000
60004.435403	395.342000
60095.169258	400.437000
60095.368583	400.448000
60179.030947	405.127000
60182.583310	405.327000
60273.793825	410.396000
60274.964749	410.461000
60358.824235	415.167000
60363.929325	415.453000
60454.140825	420.465000
60456.631467	420.606000
60539.099386	425.214000
60544.551135	425.527000
60628.849335	430.208000
60640.182084	430.860000
60722.660643	435.436000
60725.545648	435.603000
60809.452454	440.307000
60816.780767	440.736000
60892.811706	445.054000
60906.241039	445.844000
60986.765110	450.473000
60994.966801	450.952000
61066.485153	455.120000
61077.640420	455.775000
61152.942217	460.219000
61165.184659	460.935000
61240.976982	465.384000
61249.313662	465.863000
61324.067794	470.271000
61337.488196	471.035000
61402.932814	474.886000
61419.079267	475.799000
61501.310733	480.636000
61508.034941	481.018000
61576.564435	485.093000
61590.393555	485.881000
61659.467485	490.016000
61673.590977	490.828000
61752.610373	495.543000
61758.862565	495.899000
61832.163560	500.264000
61841.841510	500.816000
61911.435750	504.993000
61927.273466	505.892000
62006.251545	510.628000
62011.163007	510.905000
62080.298920	515.009000
62096.902338	515.951000
62169.924301	520.310000
62186.673766	521.262000
62255.810632	525.407000
62269.781328	526.200000
62336.197132	530.132000
62362.306237	531.621000
62428.214901	535.482000
62448.681787	536.643000
62511.165499	540.271000
62539.180395	541.860000
62596.896053	545.240000
62631.880421	547.207000
62686.387283	550.396000
62727.690053	552.740000
62771.296853	555.319000
62804.015490	557.222000
62859.888666	560.510000
62909.167796	563.398000
62940.741306	565.259000
62987.134883	567.944000
63029.534350	570.435000
63085.738137	573.708000
63117.236609	575.583000
63165.108058	578.414000
63192.604918	580.041000
63259.523986	584.004000
63283.053943	585.387000
63346.425278	589.133000
63366.759568	590.322000
63428.651935	593.970000
63445.768702	594.976000
63525.682813	599.676000
63534.872077	600.215000
63605.585149	604.365000
63621.166945	605.275000
63697.226107	609.742000
63700.752195	609.946000
63786.631749	614.938000
63788.546266	615.047000
63877.398262	620.125000
63877.951931	620.156000
63957.858670	624.711000
63967.184653	625.251000
64046.396441	629.762000
64059.107399	630.487000
64139.793313	635.066000
64153.248981	635.831000
64216.281227	639.443000
64235.965184	640.576000
64308.996960	644.808000
64327.343553	645.863000
64393.911303	649.733000
64421.107024	651.291000
64476.650914	654.497000
64501.703987	655.922000
64571.877567	659.955000
64593.551049	661.171000
64662.625120	665.158000
64684.230866	666.365000
64752.290345	670.252000
64770.442324	671.262000
64841.224952	675.264000
64858.599919	676.219000
64938.442110	680.725000
64951.877359	681.456000
65027.128715	685.713000
65043.164738	686.579000
65121.031887	690.946000
65128.039428	691.321000
65212.217343	695.965000
65222.085052	696.486000
65314.578933	701.538000
65317.231187	701.679000
65398.813768	706.200000
65404.657720	706.510000
65498.079007	711.622000
65501.350204	711.800000
65592.788715	716.654000
65593.853388	716.712000
65684.202460	721.468000
65694.455940	722.031000
65786.161937	726.860000
65787.908183	726.956000
65875.209424	731.529000
65894.800307	732.597000
65968.489831	736.508000
65981.970223	737.234000
66069.683500	741.883000
66084.820469	742.696000
66154.027128	746.330000
66182.794117	747.857000
66258.537120	751.774000
66279.465668	752.874000
66351.894008	756.568000
66384.060011	758.249000
66447.434829	761.437000
66478.512230	763.056000
66551.688435	766.695000
66588.379100	768.581000
66647.701200	771.533000
66688.319750	773.590000
66749.612520	776.646000
66788.931612	778.612000
66843.822219	781.338000
66896.144871	783.938000
66951.679233	786.666000
67002.124086	789.177000
67053.481242	791.687000
67099.271013	793.950000
67147.737664	796.300000
67213.391447	799.545000
67257.886915	801.682000
67312.580808	804.383000
67360.700353	806.688000
67425.081666	809.887000
67460.498734	811.571000
67515.480933	814.309000
67559.629234	816.435000
67641.854709	820.512000
67675.827855	822.142000
67729.536133	824.789000
67765.434999	826.486000
67843.452401	830.260000
67872.584466	831.612000
67957.953430	835.709000
67993.485961	837.345000
68058.315620	840.422000
68080.751274	841.453000
68171.275659	845.705000
68199.986948	847.005000
68292.478008	851.273000
68311.837678	852.137000
68387.830323	855.657000
68415.747236	856.878000
68515.296161	861.510000
68525.472400	861.959000
68622.510522	866.446000
68644.794554	867.425000
68734.038598	871.471000
68746.718767	872.022000
68852.432894	876.717000
68860.138670	877.046000
68976.619352	882.148000
68986.155753	882.547000
69081.468159	886.678000
69096.880828	887.323000
69206.847828	892.037000
69209.321549	892.142000
69329.763059	897.169000
69335.151623	897.393000
69448.307047	902.187000
69452.492914	902.359000
69567.564823	907.125000
69572.791201	907.335000
69693.533813	912.205000
69697.467667	912.361000
69821.895155	917.323000
69825.635850	917.470000
69946.154604	922.229000
69950.781289	922.408000
70074.303120	927.215000
70084.281681	927.604000
70202.840916	932.097000
70216.589101	932.622000
70343.568302	937.407000
70346.463590	937.516000
70470.804001	942.196000
70483.290021	942.662000
70601.965459	947.085000
70618.642045	947.704000
70740.579775	952.164000
70760.291242	952.884000
70883.734514	957.385000
70885.065837	957.434000
71007.216185	961.932000
71035.910456	962.959000
71161.110657	967.435000
71174.961051	967.924000
71296.608138	972.128000
71305.884227	972.451000
71439.418758	977.004000
71470.250245	978.083000
71593.552057	982.195000
71610.238674	982.771000
71727.904202	986.758000
71762.604042	987.924000
71856.284144	991.076000
71908.854925	992.804000
71977.971555	995.084000
72063.844097	997.855000
72074.817774	998.206000
72156.500872	1000.847000
72176.697049	1001.484000
72199.060873	1002.187000
72199.411911	1002.198000
72200.820102	1002.242000
72203.989410	1002.341000
72205.367843	1002.384000
72206.617200	1002.423000
72207.451337	1002.449000
72208.574307	1002.484000
72213.774022	1002.646000
72214.449184	1002.667000
72216.923942	1002.746000
72220.528011	1002.858000
72222.653817	1002.924000
72223.523589	1002.951000
72264.936269	1004.241000
72330.388413	1006.265000
72393.426968	1008.185000
72397.645531	1008.312000
72488.454194	1011.069000
72546.762407	1012.790000
72577.200475	1013.694000
72673.088666	1016.486000
72734.916388	1018.260000
72763.482679	1019.081000
72870.734429	1022.122000
72902.434918	1023.017000
72974.635681	1025.063000
73081.775134	1028.037000
73099.126630	1028.514000
73273.229919	1033.223000
73276.884189	1033.317000
73446.986261	1037.998000
73461.586800	1038.358000
73639.528043	1042.983000
73658.827429	1043.457000
73851.286871	1047.998000
73882.490745	1048.705000
74084.063941	1053.322000
74095.039984	1053.565000
74303.590922	1058.135000
74309.104868	1058.251000
74567.212062	1063.635000
74570.994100	1063.709000
74816.597508	1068.466000
74833.033752	1068.775000
75083.962300	1073.364000
75112.368552	1073.837000
75398.213509	1078.574000
75411.567305	1078.790000
75749.809191	1083.945000
75786.678557	1084.508000
76042.745659	1088.725000
76052.663922	1088.878000
76404.265048	1093.785000
76447.155367	1094.324000
76805.236078	1099.230000
76845.993010	1099.661000
77281.125838	1103.978000
77348.274387	1104.507000
77925.051395	1109.196000
78024.680896	1109.708000
79363.662417	1114.501000
79501.991805	1115.229000
80551.052998	1109.708000
80694.086284	1109.196000
81606.513494	1104.507000
81671.583879	1103.978000
82219.561737	1099.661000
82263.004463	1099.230000
82726.933726	1094.324000
82766.274432	1093.785000
83156.743444	1088.878000
83167.706348	1088.725000
83441.074412	1084.508000
83475.261223	1083.945000
83812.848401	1078.790000
83827.021097	1078.574000
84119.877265	1073.837000
84148.419520	1073.364000
84424.014217	1068.775000
84440.910474	1068.466000
84693.943525	1063.709000
84697.764137	1063.635000
84972.932989	1058.251000
84978.493991	1058.135000
85195.724453	1053.565000
85206.813704	1053.322000
85415.358512	1048.705000
85446.225363	1047.998000
85646.645150	1043.457000
85666.734509	1042.983000
85855.046021	1038.358000
85868.896582	1037.998000
86058.744141	1033.317000
86062.159991	1033.223000
86245.223385	1028.514000
86262.859245	1028.037000
86371.042372	1025.063000
86444.750281	1023.017000
86476.333703	1022.122000
86584.044525	1019.081000
86613.000029	1018.260000
86674.725486	1016.486000
86772.032700	1013.694000
86803.079593	1012.790000
86861.026403	1011.069000
86954.434737	1008.312000
86958.617798	1008.185000
87022.394494	1006.265000
87088.847638	1004.241000
87130.563678	1002.951000
87131.430456	1002.924000
87133.556564	1002.858000
87137.163993	1002.746000
87139.706149	1002.667000
87140.363996	1002.646000
87145.572395	1002.484000
87146.695790	1002.449000
87147.529996	1002.423000
87148.781201	1002.384000
87150.158697	1002.341000
87153.332299	1002.242000
87154.740880	1002.198000
87155.092928	1002.187000
87177.527426	1001.484000
87197.791659	1000.847000
87281.524948	998.206000
87292.380975	997.855000
87379.013622	995.084000
87449.670206	992.804000
87502.053336	991.076000
87597.946334	987.924000
87632.600839	986.758000
87751.252865	982.771000
87768.251948	982.195000
87887.375855	978.083000
87919.730586	977.004000
88049.828603	972.451000
88059.301841	972.128000
88180.034585	967.924000
88194.184306	967.435000
88320.962142	962.959000
88349.688819	961.932000
88475.362463	957.434000
88476.693136	957.385000
88598.984618	952.884000
88618.731153	952.164000
88740.832741	947.704000
88757.756386	947.085000
88876.917196	942.662000
88889.420645	942.196000
89014.816729	937.516000
89017.712691	937.407000
89144.813181	932.622000
89158.745068	932.097000
89276.403347	927.604000
89286.668102	927.215000
89409.976432	922.408000
89414.576059	922.229000
89537.583826	917.470000
89541.306511	917.323000
89667.574041	912.361000
89671.485909	912.205000
89794.292764	907.335000
89799.499325	907.125000
89918.113205	902.359000
89922.266031	902.187000
90038.934908	897.393000
90044.222104	897.169000
90165.152063	892.142000
90167.667750	892.037000
90278.726024	887.323000
90293.772421	886.678000
90392.485186	882.547000
90401.691104	882.148000
90523.632755	877.046000
90531.143955	876.717000
90641.109366	872.022000
90653.515859	871.471000
90746.626504	867.425000
90768.220651	866.446000
90870.353899	861.959000
90880.064199	861.510000
90985.044916	856.878000
91011.286115	855.657000
91091.767307	852.137000
91110.420047	851.273000
91206.053231	847.005000
91234.225297	845.705000
91328.133298	841.453000
91350.083119	840.422000
91417.041904	837.345000
91451.510972	835.709000
91540.494334	831.612000
91568.665883	830.260000
91649.985717	826.486000
91685.066674	824.789000
91741.062136	822.142000
91774.135235	820.512000
91859.109785	816.435000
91901.987234	814.309000
91958.844265	811.571000
91992.660928	809.887000
92059.940737	806.688000
92106.329899	804.383000
92162.716402	801.682000
92205.989578	799.545000
92273.555228	796.300000
92321.101111	793.950000
92367.773465	791.687000
92418.561060	789.177000
92469.938676	786.666000
92524.742961	783.938000
92577.671605	781.338000
92632.529894	778.612000
92672.117176	776.646000
92733.235765	773.590000
92774.492057	771.533000
92832.783725	768.581000
92870.683955	766.695000
92941.477873	763.056000
92974.034146	761.437000
93035.229177	758.249000
93068.646075	756.568000
93139.330913	752.874000
93160.898638	751.774000
93235.423293	747.857000
93264.950882	746.330000
93333.411417	742.696000
93348.894360	741.883000
93435.452503	737.234000
93449.150038	736.508000
93521.769615	732.597000
93541.892451	731.529000
93625.777384	726.956000
93627.610080	726.860000
93715.449860	722.031000
93726.141614	721.468000
93812.758928	716.712000
93813.860746	716.654000
93902.962868	711.800000
93906.315990	711.622000
94000.261844	706.510000
94005.927063	706.200000
94091.154494	701.679000
94093.698875	701.538000
94188.728561	696.486000
94198.267221	695.965000
94286.224303	691.321000
94293.021615	690.946000
94374.626765	686.579000
94390.068247	685.713000
94468.896599	681.456000
94481.818548	680.725000
94564.635555	676.219000
94581.557280	675.264000
94654.368398	671.262000
94672.232080	670.252000
94742.090242	666.365000
94763.224225	665.158000
94834.592996	661.171000
94855.659982	659.955000
94927.542509	655.922000
94952.337290	654.497000
95008.702307	651.291000
95035.694628	649.733000
95103.247544	645.863000
95121.394566	644.808000
95194.989621	640.576000
95214.541843	639.443000
95277.294229	635.831000
95290.644081	635.066000
95371.184612	630.487000
95383.959735	629.762000
95463.048187	625.251000
95472.530423	624.711000
95551.196818	620.156000
95551.740640	620.125000
95642.435079	615.047000
95644.342300	614.938000
95732.023656	609.946000
95735.533157	609.742000
95812.744115	605.275000
95828.238594	604.365000
95899.298432	600.215000
95908.482612	599.676000
95988.611634	594.976000
96005.716654	593.970000
96067.786202	590.322000
96087.958906	589.133000
96152.023035	585.387000
96175.419340	584.004000
96242.844663	580.041000
96270.318123	578.414000
96318.162997	575.583000
96349.868743	573.708000
96404.852476	570.435000
96447.627799	567.944000
96493.329352	565.259000
96525.485199	563.398000
96574.482671	560.510000
96630.587165	557.222000
96662.924955	555.319000
96707.266188	552.740000
96746.899511	550.396000
96803.091717	547.207000
96836.711974	545.240000
96896.827461	541.860000
96923.960651	540.271000
96987.924175	536.643000
97007.919652	535.482000
97075.983947	531.621000
97101.401715	530.132000
97170.347989	526.200000
97183.742631	525.407000
97256.767266	521.262000
97272.646228	520.310000
97349.338369	515.951000
97365.118752	515.009000
97437.454662	510.905000
97442.120999	510.628000
97526.094583	505.892000
97541.086410	504.993000
97614.672773	500.816000
97623.869809	500.264000
97700.399252	495.899000
97706.377523	495.543000
97789.183930	490.828000
97802.792361	490.016000
97874.714327	485.881000
97887.877630	485.093000
97959.392433	481.018000
97965.816548	480.636000
98050.960514	475.799000
98066.481980	474.886000
98134.587115	471.035000
98147.570674	470.271000
98225.001476	465.863000
98233.124713	465.384000
98310.556634	460.935000
98322.754274	460.219000
98398.739486	455.775000
98409.838199	455.120000
98480.823163	450.952000
98489.042283	450.473000
98568.302466	445.844000
98582.044963	445.054000
98655.447316	440.736000
98663.001108	440.307000
98743.356315	435.603000
98746.335149	435.436000
98825.387748	430.860000
98837.139501	430.208000
98918.502387	425.527000
98924.139075	425.214000
99004.399978	420.606000
99006.923411	420.465000
99095.456025	415.453000
99100.603768	415.167000
99184.605715	410.461000
99185.763996	410.396000
99277.078050	405.327000
99280.676808	405.127000
99363.784350	400.448000
99363.981035	400.437000
99456.304825	395.342000
99464.069293	394.906000
99547.535964	390.217000
99550.036074	390.076000
99629.162354	385.599000
99640.521941	384.951000
99726.136489	380.081000
99728.104501	379.967000
99809.446624	375.273000
99817.878311	374.776000
99895.821842	370.228000
99907.020400	369.562000
99982.549288	365.127000
99991.702126	364.580000
100067.826473	360.144000
100078.436966	359.503000
100157.097996	355.093000
100169.888637	354.326000
100249.377592	349.919000
100261.376252	349.213000
100340.297169	344.932000
100355.000675	344.079000
100433.545750	339.886000
100449.932345	338.969000
100534.435902	334.400000
100547.324031	333.681000
100618.630460	329.779000
100638.663150	328.662000
100717.383765	324.327000
100734.629005	323.373000
100810.483246	319.214000
100827.921055	318.264000
100904.848372	314.026000
100924.778505	312.979000
100997.815291	309.113000
101019.999350	307.959000
101096.793531	303.864000
101123.828166	302.446000
101194.790836	298.680000
101211.121989	297.810000
101286.552764	293.920000
101321.773403	292.052000
101384.549991	288.916000
101417.713848	287.172000
101490.570027	283.681000
101522.500350	282.056000
101590.343330	278.949000
101634.908686	276.755000
101697.335765	274.037000
101750.402339	271.601000
101821.134284	268.793000
101869.769811	266.612000
101939.654903	263.996000
102003.312579	261.292000
102066.506396	259.101000
102137.332780	256.228000
102214.595413	253.907000
102296.917668	250.909000
102356.192193	249.006000
102448.222047	245.758000
102493.770287	244.176000
102599.980114	240.610000
102662.907727	238.619000
102755.120407	235.224000
102796.762793	233.968000
102906.997285	230.037000
102947.726350	228.921000
103065.545754	224.914000
103105.976512	223.869000
103244.006010	219.529000
103281.866981	218.704000
103448.109430	214.047000
103457.522192	213.900000
103767.022728	209.540000
103878.649089	208.688000
104561.508939	213.900000
104571.943934	214.047000
104870.142806	218.704000
104899.593100	219.529000
105098.764755	223.869000
105131.999968	224.914000
105287.029676	228.921000
105319.843865	230.037000
105463.307983	233.968000
105498.529179	235.224000
105611.089610	238.619000
105665.167797	240.610000
105777.874913	244.176000
105824.993238	245.758000
105918.508208	249.006000
105972.428409	250.909000
106065.809925	253.907000
106129.542398	256.228000
106225.180289	259.101000
106279.193726	261.292000
106357.183723	263.996000
106418.769699	266.612000
106477.033990	268.793000
106539.651396	271.601000
106601.012869	274.037000
106660.222618	276.755000
106710.614454	278.949000
106773.725011	282.056000
106809.207741	283.681000
106877.803900	287.172000
106914.200685	288.916000
106973.834777	292.052000
107011.228484	293.920000
107084.573391	297.810000
107101.443513	298.680000
107172.136757	302.446000
107198.856106	303.864000
107276.928621	307.959000
107298.569766	309.113000
107372.888285	312.979000
107392.668294	314.026000
107473.340596	318.264000
107490.584804	319.214000
107566.925696	323.373000
107584.325298	324.327000
107662.688104	328.662000
107682.972055	329.779000
107752.951960	333.681000
107766.091202	334.400000
107847.990870	338.969000
107864.950765	339.886000
107939.878787	344.079000
107955.857549	344.932000
108029.650874	349.213000
108042.666096	349.919000
108117.564247	354.326000
108131.398608	355.093000
108204.940625	359.503000
108216.374121	360.144000
108289.803367	364.580000
108299.190206	365.127000
108373.400145	369.562000
108384.742251	370.228000
108461.215285	374.776000
108469.732861	375.273000
108549.367348	379.967000
108551.342849	380.081000
108635.414948	384.951000
108646.806781	385.599000
108725.289607	390.076000
108727.781634	390.217000
108810.923571	394.906000
108818.684601	395.342000
108909.418455	400.437000
108909.617780	400.448000
108993.280144	405.127000
108996.832507	405.327000
109088.043022	410.396000
109089.213946	410.461000
109173.073432	415.167000
109178.178523	415.453000
109268.390022	420.465000
109270.880664	420.606000
109353.348583	425.214000
109358.800333	425.527000
109443.098532	430.208000
109454.431282	430.860000
109536.909840	435.436000
109539.794845	435.603000
109623.701651	440.307000
109631.029964	440.736000
109707.060903	445.054000
109720.490236	445.844000
109801.014307	450.473000
109809.215998	450.952000
109880.734350	455.120000
109891.889617	455.775000
109967.191414	460.219000
109979.433856	460.935000
110055.226179	465.384000
110063.562859	465.863000
110138.316992	470.271000
110151.737394	471.035000
110217.182011	474.886000
110233.328464	475.799000
110315.559930	480.636000
110322.284138	481.018000
110390.813632	485.093000
110404.642753	485.881000
110473.716683	490.016000
110487.840174	490.828000
110566.859571	495.543000
110573.111762	495.899000
110646.412757	500.264000
110656.090707	500.816000
110725.684947	504.993000
110741.522663	505.892000
110820.500742	510.628000
110825.412204	510.905000
110894.548117	515.009000
110911.151535	515.951000
110984.173498	520.310000
111000.922963	521.262000
111070.059829	525.407000
111084.030525	526.200000
111150.446329	530.132000
111176.555434	531.621000
111242.464098	535.482000
111262.930984	536.643000
111325.414696	540.271000
111353.429592	541.860000
111411.145250	545.240000
111446.129618	547.207000
111500.636480	550.396000
111541.939250	552.740000
111585.546050	555.319000
111618.264687	557.222000
111674.137863	560.510000
111723.416993	563.398000
111754.990503	565.259000
111801.384080	567.944000
111843.783547	570.435000
111899.987334	573.708000
111931.485806	575.583000
111979.357255	578.414000
112006.854115	580.041000
112073.773183	584.004000
112097.303140	585.387000
112160.674475	589.133000
112181.008765	590.322000
112242.901132	593.970000
112260.017899	594.976000
112339.932010	599.676000
112349.121274	600.215000
112419.834346	604.365000
112435.416142	605.275000
112511.475304	609.742000
112515.001392	609.946000
112600.880946	614.938000
112602.795463	615.047000
112691.647459	620.125000
112692.201128	620.156000
112772.107867	624.711000
112781.433850	625.251000
112860.645638	629.762000
112873.356596	630.487000
112954.042510	635.066000
112967.498178	635.831000
113030.530424	639.443000
113050.214381	640.576000
113123.246157	644.808000
113141.592750	645.863000
113208.160500	649.733000
113235.356222	651.291000
113290.900111	654.497000
113315.953184	655.922000
113386.126764	659.955000
113407.800246	661.171000
113476.874317	665.158000
113498.480063	666.365000
113566.539542	670.252000
113584.691521	671.262000
113655.474149	675.264000
113672.849116	676.219000
113752.691307	680.725000
113766.126556	681.456000
113841.377912	685.713000
113857.413935	686.579000
113935.281084	690.946000
113942.288625	691.321000
114026.466540	695.965000
114036.334249	696.486000
114128.828130	701.538000
114131.480384	701.679000
114213.062966	706.200000
114218.906917	706.510000
114312.328204	711.622000
114315.599401	711.800000
114407.037912	716.654000
114408.102585	716.712000
114498.451657	721.468000
114508.705137	722.031000
114600.411135	726.860000
114602.157380	726.956000
114689.458621	731.529000
114709.049504	732.597000
114782.739028	736.508000
114796.219420	737.234000
114883.932697	741.883000
114899.069666	742.696000
114968.276325	746.330000
114997.043314	747.857000
115072.786317	751.774000
115093.714865	752.874000
115166.143206	756.568000
115198.309208	758.249000
115261.684026	761.437000
115292.761427	763.056000
115365.937632	766.695000
115402.628297	768.581000
115461.950397	771.533000
115502.568947	773.590000
115563.861717	776.646000
115603.180809	778.612000
115658.071416	781.338000
115710.394068	783.938000
115765.928430	786.666000
115816.373284	789.177000
115867.730439	791.687000
115913.520210	793.950000
115961.986861	796.300000
116027.640644	799.545000
116072.136113	801.682000
116126.830005	804.383000
116174.949550	806.688000
116239.330863	809.887000
116274.747931	811.571000
116329.730130	814.309000
116373.878431	816.435000
116456.103906	820.512000
116490.077052	822.142000
116543.785330	824.789000
116579.684196	826.486000
116657.701598	830.260000
116686.833664	831.612000
116772.202627	835.709000
116807.735158	837.345000
116872.564817	840.422000
116895.000471	841.453000
116985.524856	845.705000
117014.236145	847.005000
117106.727205	851.273000
117126.086875	852.137000
117202.079520	855.657000
117229.996433	856.878000
117329.545358	861.510000
117339.721597	861.959000
117436.759720	866.446000
117459.043751	867.425000
117548.287795	871.471000
117560.967964	872.022000
117666.682091	876.717000
117674.387867	877.046000
117790.868549	882.148000
117800.404950	882.547000
117895.717356	886.678000
117911.130025	887.323000
118021.097025	892.037000
118023.570746	892.142000
118144.012256	897.169000
118149.400820	897.393000
118262.556244	902.187000
118266.742112	902.359000
118381.814020	907.125000
118387.040398	907.335000
118507.783010	912.205000
118511.716864	912.361000
118636.144352	917.323000
118639.885047	917.470000
118760.403802	922.229000
118765.030486	922.408000
118888.552317	927.215000
118898.530878	927.604000
119017.090113	932.097000
119030.838298	932.622000
119157.817499	937.407000
119160.712787	937.516000
119285.053198	942.196000
119297.539218	942.662000
119416.214656	947.085000
119432.891243	947.704000
119554.828972	952.164000
119574.540439	952.884000
119697.983711	957.385000
119699.315034	957.434000
119821.465382	961.932000
119850.159653	962.959000
119975.359854	967.435000
119989.210248	967.924000
120110.857335	972.128000
120120.133424	972.451000
120253.667955	977.004000
120284.499442	978.083000
120407.801254	982.195000
120424.487871	982.771000
120542.153399	986.758000
120576.853239	987.924000
120670.533342	991.076000
120723.104122	992.804000
120792.220752	995.084000
120878.093294	997.855000
120889.066971	998.206000
120970.750069	1000.847000
120990.946246	1001.484000
121013.310070	1002.187000
121013.661108	1002.198000
121015.069299	1002.242000
121018.238607	1002.341000
121019.617040	1002.384000
121020.866397	1002.423000
121021.700534	1002.449000
121022.823504	1002.484000
121028.023219	1002.646000
121028.698381	1002.667000
121031.173139	1002.746000
121034.777208	1002.858000
121036.903014	1002.924000
121037.772786	1002.951000
121079.185466	1004.241000
121144.637610	1006.265000
121207.676166	1008.185000
121211.894728	1008.312000
121302.703391	1011.069000
121361.011604	1012.790000
121391.449672	1013.694000
121487.337863	1016.486000
121549.165585	1018.260000
121577.731876	1019.081000
121684.983626	1022.122000
121716.684115	1023.017000
121788.884878	1025.063000
121896.024331	1028.037000
121913.375827	1028.514000
122087.479116	1033.223000
122091.133387	1033.317000
122261.235458	1037.998000
122275.835997	1038.358000
122453.777241	1042.983000
122473.076626	1043.457000
122665.536069	1047.998000
122696.739942	1048.705000
122898.313139	1053.322000
122909.289181	1053.565000
123117.840119	1058.135000
123123.354065	1058.251000
123381.461259	1063.635000
123385.243297	1063.709000
123630.846705	1068.466000
123647.282949	1068.775000
123898.211497	1073.364000
123926.617750	1073.837000
124212.462706	1078.574000
124225.816502	1078.790000
124564.058388	1083.945000
124600.927754	1084.508000
124856.994857	1088.725000
124866.913119	1088.878000
125218.514245	1093.785000
125261.404564	1094.324000
125619.485275	1099.230000
125660.242208	1099.661000
126095.375035	1103.978000
126162.523584	1104.507000
126739.300592	1109.196000
126838.930093	1109.708000
128177.911614	1114.501000
128316.241002	1115.229000
129365.302195	1109.708000
129508.335481	1109.196000
130420.762691	1104.507000
130485.833076	1103.978000
131033.810934	1099.661000
131077.253660	1099.230000
131541.182923	1094.324000
131580.523629	1093.785000
131970.992641	1088.878000
131981.955545	1088.725000
132255.323609	1084.508000
132289.510420	1083.945000
132627.097599	1078.790000
132641.270294	1078.574000
132934.126462	1073.837000
132962.668718	1073.364000
133238.263414	1068.775000
133255.159671	1068.466000
133508.192722	1063.709000
133512.013334	1063.635000
133787.182186	1058.251000
133792.743188	1058.135000
134009.973650	1053.565000
134021.062901	1053.322000
134229.607709	1048.705000
134260.474560	1047.998000
134460.894347	1043.457000
134480.983706	1042.983000
134669.295218	1038.358000
134683.145779	1037.998000
134872.993338	1033.317000
134876.409188	1033.223000
135059.472582	1028.514000
135077.108442	1028.037000
135185.291569	1025.063000
135258.999478	1023.017000
135290.582901	1022.122000
135398.293722	1019.081000
135427.249226	1018.260000
135488.974683	1016.486000
135586.281898	1013.694000
135617.328790	1012.790000
135675.275601	1011.069000
135768.683934	1008.312000
135772.866995	1008.185000
135836.643691	1006.265000
135903.096835	1004.241000
135944.812876	1002.951000
135945.679653	1002.924000
135947.805762	1002.858000
135951.413190	1002.746000
135953.955346	1002.667000
135954.613193	1002.646000
135959.821592	1002.484000
135960.944987	1002.449000
135961.779193	1002.423000
135963.030398	1002.384000
135964.407895	1002.341000
135967.581496	1002.242000
135968.990077	1002.198000
135969.342125	1002.187000
135991.776623	1001.484000
136012.040856	1000.847000
136095.774145	998.206000
136106.630172	997.855000
136193.262819	995.084000
136263.919403	992.804000
136316.302533	991.076000
136412.195531	987.924000
136446.850036	986.758000
136565.502062	982.771000
136582.501145	982.195000
136701.625052	978.083000
136733.979783	977.004000
136864.077800	972.451000
136873.551038	972.128000
136994.283782	967.924000
137008.433503	967.435000
137135.211339	962.959000
137163.938016	961.932000
137289.611661	957.434000
137290.942334	957.385000
137413.233815	952.884000
137432.980351	952.164000
137555.081938	947.704000
137572.005583	947.085000
137691.166393	942.662000
137703.669842	942.196000
137829.065926	937.516000
137831.961888	937.407000
137959.062378	932.622000
137972.994266	932.097000
138090.652544	927.604000
138100.917299	927.215000
138224.225629	922.408000
138228.825256	922.229000
138351.833023	917.470000
138355.555708	917.323000
138481.823238	912.361000
138485.735106	912.205000
138608.541961	907.335000
138613.748522	907.125000
138732.362402	902.359000
138736.515228	902.187000
138853.184105	897.393000
138858.471301	897.169000
138979.401260	892.142000
138981.916947	892.037000
139092.975221	887.323000
139108.021618	886.678000
139206.734383	882.547000
139215.940302	882.148000
139337.881952	877.046000
139345.393152	876.717000
139455.358563	872.022000
139467.765056	871.471000
139560.875701	867.425000
139582.469848	866.446000
139684.603096	861.959000
139694.313396	861.510000
139799.294113	856.878000
139825.535312	855.657000
139906.016504	852.137000
139924.669244	851.273000
140020.302428	847.005000
140048.474494	845.705000
140142.382495	841.453000
140164.332317	840.422000
140231.291101	837.345000
140265.760169	835.709000
140354.743531	831.612000
140382.915080	830.260000
140464.234915	826.486000
140499.315871	824.789000
140555.311333	822.142000
140588.384432	820.512000
140673.358982	816.435000
140716.236431	814.309000
140773.093462	811.571000
140806.910125	809.887000
140874.189934	806.688000
140920.579096	804.383000
140976.965599	801.682000
141020.238775	799.545000
141087.804425	796.300000
141135.350308	793.950000
141182.022662	791.687000
141232.810257	789.177000
141284.187873	786.666000
141338.992158	783.938000
141391.920802	781.338000
141446.779091	778.612000
141486.366374	776.646000
141547.484962	773.590000
141588.741254	771.533000
141647.032922	768.581000
141684.933152	766.695000
141755.727070	763.056000
141788.283343	761.437000
141849.478374	758.249000
141882.895272	756.568000
141953.580110	752.874000
141975.147835	751.774000
142049.672490	747.857000
142079.200079	746.330000
142147.660614	742.696000
142163.143557	741.883000
142249.701700	737.234000
142263.399235	736.508000
142336.018812	732.597000
142356.141648	731.529000
142440.026581	726.956000
142441.859278	726.860000
142529.699057	722.031000
142540.390811	721.468000
142627.008126	716.712000
142628.109944	716.654000
142717.212065	711.800000
142720.565187	711.622000
142814.511041	706.510000
142820.176260	706.200000
142905.403692	701.679000
142907.948072	701.538000
143002.977758	696.486000
143012.516418	695.965000
143100.473500	691.321000
143107.270812	690.946000
143188.875962	686.579000
143204.317444	685.713000
143283.145796	681.456000
143296.067746	680.725000
143378.884752	676.219000
143395.806477	675.264000
143468.617595	671.262000
143486.481277	670.252000
143556.339439	666.365000
143577.473422	665.158000
143648.842194	661.171000
143669.909179	659.955000
143741.791706	655.922000
143766.586487	654.497000
143822.951504	651.291000
143849.943825	649.733000
143917.496741	645.863000
143935.643764	644.808000
144009.238818	640.576000
144028.791040	639.443000
144091.543426	635.831000
144104.893278	635.066000
144185.433809	630.487000
144198.208932	629.762000
144277.297385	625.251000
144286.779620	624.711000
144365.446015	620.156000
144365.989837	620.125000
144456.684276	615.047000
144458.591497	614.938000
144546.272853	609.946000
144549.782354	609.742000
144626.993312	605.275000
144642.487791	604.365000
144713.547629	600.215000
144722.731809	599.676000
144802.860831	594.976000
144819.965851	593.970000
144882.035399	590.322000
144902.208103	589.133000
144966.272232	585.387000
144989.668537	584.004000
145057.093860	580.041000
145084.567320	578.414000
145132.412194	575.583000
145164.117940	573.708000
145219.101673	570.435000
145261.876996	567.944000
145307.578549	565.259000
145339.734396	563.398000
145388.731868	560.510000
145444.836363	557.222000
145477.174153	555.319000
145521.515385	552.740000
145561.148708	550.396000
145617.340914	547.207000
145650.961171	545.240000
145711.076658	541.860000
145738.209848	540.271000
145802.173373	536.643000
145822.168849	535.482000
145890.233144	531.621000
145915.650912	530.132000
145984.597186	526.200000
145997.991828	525.407000
146071.016463	521.262000
146086.895425	520.310000
146163.587566	515.951000
146179.367949	515.009000
146251.703859	510.905000
146256.370196	510.628000
146340.343780	505.892000
146355.335607	504.993000
146428.921970	500.816000
146438.119007	500.264000
146514.648449	495.899000
146520.626720	495.543000
146603.433128	490.828000
146617.041558	490.016000
146688.963524	485.881000
146702.126827	485.093000
146773.641630	481.018000
146780.065745	480.636000
146865.209711	475.799000
146880.731177	474.886000
146948.836312	471.035000
146961.819871	470.271000
147039.250673	465.863000
147047.373910	465.384000
147124.805831	460.935000
147137.003472	460.219000
147212.988684	455.775000
147224.087396	455.120000
147295.072360	450.952000
147303.291480	450.473000
147382.551663	445.844000
147396.294160	445.054000
147469.696513	440.736000
147477.250305	440.307000
147557.605512	435.603000
147560.584346	435.436000
147639.636945	430.860000
147651.388698	430.208000
147732.751584	425.527000
147738.388272	425.214000
147818.649176	420.606000
147821.172608	420.465000
147909.705222	415.453000
147914.852966	415.167000
147998.854913	410.461000
148000.013193	410.396000
148091.327247	405.327000
148094.926005	405.127000
148178.033548	400.448000
148178.230232	400.437000
148270.554022	395.342000
148278.318490	394.906000
148361.785161	390.217000
148364.285271	390.076000
148443.411552	385.599000
148454.771139	384.951000
148540.385686	380.081000
148542.353698	379.967000
148623.695821	375.273000
148632.127509	374.776000
148710.071039	370.228000
148721.269597	369.562000
148796.798485	365.127000
148805.951323	364.580000
148882.075670	360.144000
148892.686163	359.503000
148971.347194	355.093000
148984.137834	354.326000
149063.626789	349.919000
149075.625449	349.213000
149154.546367	344.932000
149169.249872	344.079000
149247.794947	339.886000
149264.181542	338.969000
149348.685099	334.400000
149361.573228	333.681000
149432.879657	329.779000
149452.912347	328.662000
149531.632962	324.327000
149548.878202	323.373000
149624.732443	319.214000
149642.170252	318.264000
149719.097570	314.026000
149739.027702	312.979000
149812.064488	309.113000
149834.248547	307.959000
149911.042728	303.864000
149938.077363	302.446000
150009.040033	298.680000
150025.371186	297.810000
150100.801961	293.920000
150136.022600	292.052000
150198.799188	288.916000
150231.963045	287.172000
150304.819224	283.681000
150336.749547	282.056000
150404.592527	278.949000
150449.157883	276.755000
150511.584962	274.037000
150564.651536	271.601000
150635.383481	268.793000
150684.019009	266.612000
150753.904100	263.996000
150817.561776	261.292000
150880.755593	259.101000
150951.581977	256.228000
151028.844610	253.907000
151111.166865	250.909000
151170.441390	249.006000
151262.471244	245.758000
151308.019484	244.176000
151414.229311	240.610000
151477.156924	238.619000
151569.369604	235.224000
151611.011990	233.968000
151721.246482	230.037000
151761.975548	228.921000
151879.794951	224.914000
151920.225709	223.869000
152058.255207	219.529000
152096.116178	218.704000
152262.358627	214.047000
152271.771389	213.900000
152581.271925	209.540000
152692.898286	208.688000
153375.758136	213.900000
153386.193131	214.047000
153684.392003	218.704000
153713.842297	219.529000
153913.013952	223.869000
153946.249165	224.914000
154101.278873	228.921000
154134.093062	230.037000
154277.557180	233.968000
154312.778376	235.224000
154425.338807	238.619000
154479.416995	240.610000
154592.124110	244.176000
154639.242435	245.758000
154732.757405	249.006000
154786.677606	250.909000
154880.059122	253.907000
154943.791595	256.228000
155039.429486	259.101000
155093.442923	261.292000
155171.432920	263.996000
155233.018896	266.612000
155291.283187	268.793000
155353.900593	271.601000
155415.262066	274.037000
155474.471815	276.755000
155524.863652	278.949000
155587.974208	282.056000
155623.456938	283.681000
155692.053097	287.172000
155728.449882	288.916000
155788.083974	292.052000
155825.477681	293.920000
155898.822588	297.810000
155915.692710	298.680000
155986.385955	302.446000
156013.105303	303.864000
156091.177819	307.959000
156112.818963	309.113000
156187.137482	312.979000
156206.917491	314.026000
156287.589793	318.264000
156304.834001	319.214000
156381.174893	323.373000
156398.574495	324.327000
156476.937301	328.662000
156497.221252	329.779000
156567.201157	333.681000
156580.340400	334.400000
156662.240067	338.969000
156679.199962	339.886000
156754.127984	344.079000
156770.106746	344.932000
156843.900071	349.213000
156856.915293	349.919000
156931.813444	354.326000
156945.647805	355.093000
157019.189822	359.503000
157030.623318	360.144000
157104.052564	364.580000
157113.439403	365.127000
157187.649342	369.562000
157198.991448	370.228000
157275.464482	374.776000
157283.982058	375.273000
157363.616545	379.967000
157365.592047	380.081000
157449.664145	384.951000
157461.055978	385.599000
157539.538804	390.076000
157542.030831	390.217000
157625.172768	394.906000
157632.933798	395.342000
157723.667652	400.437000
157723.866977	400.448000
157807.529341	405.127000
157811.081704	405.327000
157902.292219	410.396000
157903.463143	410.461000
157987.322629	415.167000
157992.427720	415.453000
158082.639219	420.465000
158085.129861	420.606000
158167.597780	425.214000
158173.049530	425.527000
158257.347729	430.208000
158268.680479	430.860000
158351.159037	435.436000
158354.044042	435.603000
158437.950849	440.307000
158445.279161	440.736000
158521.310100	445.054000
158534.739433	445.844000
158615.263504	450.473000
158623.465195	450.952000
158694.983547	455.120000
158706.138814	455.775000
158781.440611	460.219000
158793.683053	460.935000
158869.475376	465.384000
158877.812056	465.863000
158952.566189	470.271000
158965.986591	471.035000
159031.431208	474.886000
159047.577661	475.799000
159129.809127	480.636000
159136.533335	481.018000
159205.062829	485.093000
159218.891950	485.881000
159287.965880	490.016000
159302.089371	490.828000
159381.108768	495.543000
159387.360959	495.899000
159460.661954	500.264000
159470.339904	500.816000
159539.934144	504.993000
159555.771860	505.892000
159634.749939	510.628000
159639.661401	510.905000
159708.797314	515.009000
159725.400732	515.951000
159798.422695	520.310000
159815.172160	521.262000
159884.309026	525.407000
159898.279722	526.200000
159964.695526	530.132000
159990.804631	531.621000
160056.713295	535.482000
160077.180181	536.643000
160139.663893	540.271000
160167.678789	541.860000
160225.394447	545.240000
160260.378815	547.207000
160314.885677	550.396000
160356.188447	552.740000
160399.795247	555.319000
160432.513884	557.222000
160488.387060	560.510000
160537.666190	563.398000
160569.239700	565.259000
160615.633277	567.944000
160658.032744	570.435000
160714.236531	573.708000
160745.735003	575.583000
160793.606452	578.414000
160821.103312	580.041000
160888.022380	584.004000
160911.552337	585.387000
160974.923672	589.133000
160995.257962	590.322000
161057.150329	593.970000
161074.267096	594.976000
161154.181207	599.676000
161163.370471	600.215000
161234.083543	604.365000
161249.665339	605.275000
161325.724502	609.742000
161329.250590	609.946000
161415.130143	614.938000
161417.044660	615.047000
161505.896657	620.125000
161506.450325	620.156000
161586.357064	624.711000
161595.683047	625.251000
161674.894836	629.762000
161687.605793	630.487000
161768.291707	635.066000
161781.747375	635.831000
161844.779621	639.443000
161864.463578	640.576000
161937.495354	644.808000
161955.841947	645.863000
162022.409697	649.733000
162049.605419	651.291000
162105.149309	654.497000
162130.202381	655.922000
162200.375961	659.955000
162222.049443	661.171000
162291.123514	665.158000
162312.729260	666.365000
162380.788739	670.252000
162398.940719	671.262000
162469.723346	675.264000
162487.098313	676.219000
162566.940505	680.725000
162580.375754	681.456000
162655.627109	685.713000
162671.663133	686.579000
162749.530281	690.946000
162756.537822	691.321000
162840.715737	695.965000
162850.583446	696.486000
162943.077327	701.538000
162945.729581	701.679000
163027.312163	706.200000
163033.156114	706.510000
163126.577401	711.622000
163129.848598	711.800000
163221.287109	716.654000
163222.351782	716.712000
163312.700854	721.468000
163322.954334	722.031000
163414.660332	726.860000
163416.406577	726.956000
163503.707818	731.529000
163523.298701	732.597000
163596.988225	736.508000
163610.468617	737.234000
163698.181894	741.883000
163713.318863	742.696000
163782.525522	746.330000
163811.292511	747.857000
163887.035514	751.774000
163907.964062	752.874000
163980.392403	756.568000
164012.558405	758.249000
164075.933223	761.437000
164107.010625	763.056000
164180.186829	766.695000
164216.877494	768.581000
164276.199594	771.533000
164316.818145	773.590000
164378.110914	776.646000
164417.430006	778.612000
164472.320613	781.338000
164524.643265	783.938000
164580.177627	786.666000
164630.622481	789.177000
164681.979636	791.687000
164727.769408	793.950000
164776.236058	796.300000
164841.889841	799.545000
164886.385310	801.682000
164941.079202	804.383000
164989.198747	806.688000
165053.580061	809.887000
165088.997128	811.571000
165143.979327	814.309000
165188.127628	816.435000
165270.353103	820.512000
165304.326249	822.142000
165358.034527	824.789000
165393.933393	826.486000
165471.950795	830.260000
165501.082861	831.612000
165586.451824	835.709000
165621.984355	837.345000
165686.814014	840.422000
165709.249668	841.453000
165799.774053	845.705000
165828.485342	847.005000
165920.976402	851.273000
165940.336072	852.137000
166016.328717	855.657000
166044.245630	856.878000
166143.794555	861.510000
166153.970794	861.959000
166251.008917	866.446000
166273.292948	867.425000
166362.536992	871.471000
166375.217161	872.022000
166480.931288	876.717000
166488.637064	877.046000
166605.117746	882.148000
166614.654147	882.547000
166709.966554	886.678000
166725.379222	887.323000
166835.346223	892.037000
166837.819943	892.142000
166958.261453	897.169000
166963.650017	897.393000
167076.805442	902.187000
167080.991309	902.359000
167196.063217	907.125000
167201.289595	907.335000
167322.032207	912.205000
167325.966061	912.361000
167450.393549	917.323000
167454.134244	917.470000
167574.652999	922.229000
167579.279683	922.408000
167702.801515	927.215000
167712.780075	927.604000
167831.339310	932.097000
167845.087495	932.622000
167972.066696	937.407000
167974.961984	937.516000
168099.302395	942.196000
168111.788415	942.662000
168230.463853	947.085000
168247.140440	947.704000
168369.078169	952.164000
168388.789636	952.884000
168512.232908	957.385000
168513.564231	957.434000
168635.714579	961.932000
168664.408850	962.959000
168789.609051	967.435000
168803.459445	967.924000
168925.106533	972.128000
168934.382621	972.451000
169067.917152	977.004000
169098.748639	978.083000
169222.050451	982.195000
169238.737068	982.771000
169356.402596	986.758000
169391.102436	987.924000
169484.782539	991.076000
169537.353319	992.804000
169606.469949	995.084000
169692.342491	997.855000
169703.316168	998.206000
169784.999266	1000.847000
169805.195443	1001.484000
169827.559267	1002.187000
169827.910305	1002.198000
169829.318496	1002.242000
169832.487804	1002.341000
169833.866237	1002.384000
169835.115595	1002.423000
169835.949731	1002.449000
169837.072701	1002.484000
169842.272416	1002.646000
169842.947579	1002.667000
169845.422336	1002.746000
169849.026406	1002.858000
169851.152212	1002.924000
169852.021983	1002.951000
169893.434663	1004.241000
169958.886807	1006.265000
170021.925363	1008.185000
170026.143925	1008.312000
170116.952588	1011.069000
170175.260801	1012.790000
170205.698870	1013.694000
170301.587061	1016.486000
170363.414782	1018.260000
170391.981073	1019.081000
170499.232824	1022.122000
170530.933312	1023.017000
170603.134075	1025.063000
170710.273528	1028.037000
170727.625025	1028.514000
170901.728313	1033.223000
170905.382584	1033.317000
171075.484655	1037.998000
171090.085194	1038.358000
171268.026438	1042.983000
171287.325823	1043.457000
171479.785266	1047.998000
171510.989139	1048.705000
171712.562336	1053.322000
171723.538378	1053.565000
171932.089316	1058.135000
171937.603262	1058.251000
172195.710456	1063.635000
172199.492494	1063.709000
172445.095902	1068.466000
172461.532146	1068.775000
172712.460694	1073.364000
172740.866947	1073.837000
173026.711903	1078.574000
173040.065699	1078.790000
173378.307585	1083.945000
173415.176951	1084.508000
173671.244054	1088.725000
173681.162316	1088.878000
174032.763442	1093.785000
174075.653761	1094.324000
174433.734472	1099.230000
174474.491405	1099.661000
174909.624232	1103.978000
174976.772781	1104.507000
175553.549789	1109.196000
175653.179290	1109.708000
176992.160811	1114.501000
177130.490199	1115.229000
178179.551392	1109.708000
178322.584678	1109.196000
179235.011888	1104.507000
179300.082274	1103.978000
179848.060131	1099.661000
179891.502857	1099.230000
180355.432120	1094.324000
180394.772826	1093.785000
180785.241838	1088.878000
180796.204742	1088.725000
181069.572807	1084.508000
181103.759617	1083.945000
181441.346796	1078.790000
181455.519492	1078.574000
181748.375659	1073.837000
181776.917915	1073.364000
182052.512611	1068.775000
182069.408868	1068.466000
182322.441919	1063.709000
182326.262531	1063.635000
182601.431383	1058.251000
182606.992385	1058.135000
182824.222847	1053.565000
182835.312099	1053.322000
183043.856906	1048.705000
183074.723757	1047.998000
183275.143545	1043.457000
183295.232903	1042.983000
183483.544415	1038.358000
183497.394976	1037.998000
183687.242535	1033.317000
183690.658386	1033.223000
183873.721779	1028.514000
183891.357640	1028.037000
183999.540766	1025.063000
184073.248675	1023.017000
184104.832098	1022.122000
184212.542919	1019.081000
184241.498423	1018.260000
184303.223880	1016.486000
184400.531095	1013.694000
184431.577987	1012.790000
184489.524798	1011.069000
184582.933131	1008.312000
184587.116192	1008.185000
184650.892888	1006.265000
184717.346032	1004.241000
184759.062073	1002.951000
184759.928850	1002.924000
184762.054959	1002.858000
184765.662387	1002.746000
184768.204543	1002.667000
184768.862390	1002.646000
184774.070789	1002.484000
184775.194184	1002.449000
184776.028390	1002.423000
184777.279595	1002.384000
184778.657092	1002.341000
184781.830693	1002.242000
184783.239275	1002.198000
184783.591322	1002.187000
184806.025821	1001.484000
184826.290054	1000.847000
184910.023342	998.206000
184920.879369	997.855000
185007.512016	995.084000
185078.168600	992.804000
185130.551730	991.076000
185226.444728	987.924000
185261.099233	986.758000
185379.751259	982.771000
185396.750342	982.195000
185515.874249	978.083000
185548.228980	977.004000
185678.326997	972.451000
185687.800235	972.128000
185808.532980	967.924000
185822.682700	967.435000
185949.460536	962.959000
185978.187213	961.932000
186103.860858	957.434000
186105.191531	957.385000
186227.483012	952.884000
186247.229548	952.164000
186369.331135	947.704000
186386.254780	947.085000
186505.415590	942.662000
186517.919039	942.196000
186643.315123	937.516000
186646.211085	937.407000
186773.311575	932.622000
186787.243463	932.097000
186904.901741	927.604000
186915.166496	927.215000
187038.474826	922.408000
187043.074453	922.229000
187166.082220	917.470000
187169.804905	917.323000
187296.072435	912.361000
187299.984303	912.205000
187422.791159	907.335000
187427.997719	907.125000
187546.611599	902.359000
187550.764425	902.187000
187667.433303	897.393000
187672.720498	897.169000
187793.650458	892.142000
187796.166145	892.037000
187907.224418	887.323000
187922.270815	886.678000
188020.983580	882.547000
188030.189499	882.148000
188152.131149	877.046000
188159.642349	876.717000
188269.607760	872.022000
188282.014253	871.471000
188375.124898	867.425000
188396.719045	866.446000
188498.852293	861.959000
188508.562593	861.510000
188613.543310	856.878000
188639.784509	855.657000
188720.265701	852.137000
188738.918441	851.273000
188834.551625	847.005000
188862.723691	845.705000
188956.631692	841.453000
188978.581514	840.422000
189045.540298	837.345000
189080.009366	835.709000
189168.992728	831.612000
189197.164277	830.260000
189278.484112	826.486000
189313.565069	824.789000
189369.560530	822.142000
189402.633629	820.512000
189487.608179	816.435000
189530.485628	814.309000
189587.342659	811.571000
189621.159322	809.887000
189688.439132	806.688000
189734.828293	804.383000
189791.214796	801.682000
189834.487972	799.545000
189902.053623	796.300000
189949.599506	793.950000
189996.271859	791.687000
190047.059454	789.177000
190098.437070	786.666000
190153.241355	783.938000
190206.170000	781.338000
190261.028288	778.612000
190300.615571	776.646000
190361.734159	773.590000
190402.990451	771.533000
190461.282119	768.581000
190499.182350	766.695000
190569.976267	763.056000
190602.532540	761.437000
190663.727571	758.249000
190697.144469	756.568000
190767.829307	752.874000
190789.397032	751.774000
190863.921687	747.857000
190893.449276	746.330000
190961.909811	742.696000
190977.392754	741.883000
191063.950897	737.234000
191077.648432	736.508000
191150.268009	732.597000
191170.390845	731.529000
191254.275779	726.956000
191256.108475	726.860000
191343.948255	722.031000
191354.640008	721.468000
191441.257323	716.712000
191442.359141	716.654000
191531.461262	711.800000
191534.814384	711.622000
191628.760238	706.510000
191634.425457	706.200000
191719.652889	701.679000
191722.197269	701.538000
191817.226955	696.486000
191826.765615	695.965000
191914.722697	691.321000
191921.520009	690.946000
192003.125159	686.579000
192018.566641	685.713000
192097.394993	681.456000
192110.316943	680.725000
192193.133949	676.219000
192210.055674	675.264000
192282.866792	671.262000
192300.730474	670.252000
192370.588637	666.365000
192391.722619	665.158000
192463.091391	661.171000
192484.158376	659.955000
192556.040903	655.922000
192580.835684	654.497000
192637.200701	651.291000
192664.193022	649.733000
192731.745938	645.863000
192749.892961	644.808000
192823.488015	640.576000
192843.040237	639.443000
192905.792623	635.831000
192919.142476	635.066000
192999.683006	630.487000
193012.458129	629.762000
193091.546582	625.251000
193101.028817	624.711000
193179.695212	620.156000
193180.239034	620.125000
193270.933473	615.047000
193272.840694	614.938000
193360.522050	609.946000
193364.031551	609.742000
193441.242509	605.275000
193456.736988	604.365000
193527.796826	600.215000
193536.981006	599.676000
193617.110028	594.976000
193634.215048	593.970000
193696.284596	590.322000
193716.457300	589.133000
193780.521429	585.387000
193803.917734	584.004000
193871.343057	580.041000
193898.816517	578.414000
193946.661391	575.583000
193978.367137	573.708000
194033.350870	570.435000
194076.126194	567.944000
194121.827747	565.259000
194153.983593	563.398000
194202.981065	560.510000
194259.085560	557.222000
194291.423350	555.319000
194335.764582	552.740000
194375.397905	550.396000
194431.590111	547.207000
194465.210368	545.240000
194525.325855	541.860000
194552.459045	540.271000
194616.422570	536.643000
194636.418047	535.482000
194704.482341	531.621000
194729.900109	530.132000
194798.846383	526.200000
194812.241025	525.407000
194885.265660	521.262000
194901.144622	520.310000
194977.836764	515.951000
194993.617146	515.009000
195065.953056	510.905000
195070.619394	510.628000
195154.592977	505.892000
195169.584804	504.993000
195243.171167	500.816000
195252.368204	500.264000
195328.897646	495.899000
195334.875917	495.543000
195417.682325	490.828000
195431.290755	490.016000
195503.212721	485.881000
195516.376024	485.093000
195587.890828	481.018000
195594.314942	480.636000
195679.458909	475.799000
195694.980374	474.886000
195763.085509	471.035000
195776.069069	470.271000
195853.499870	465.863000
195861.623107	465.384000
195939.055028	460.935000
195951.252669	460.219000
196027.237881	455.775000
196038.336593	455.120000
196109.321558	450.952000
196117.540677	450.473000
196196.800860	445.844000
196210.543357	445.054000
196283.945710	440.736000
196291.499502	440.307000
196371.854709	435.603000
196374.833543	435.436000
196453.886142	430.860000
196465.637895	430.208000
196547.000781	425.527000
196552.637469	425.214000
196632.898373	420.606000
196635.421805	420.465000
196723.954420	415.453000
196729.102163	415.167000
196813.104110	410.461000
196814.262390	410.396000
196905.576444	405.327000
196909.175202	405.127000
196992.282745	400.448000
196992.479429	400.437000
197084.803219	395.342000
197092.567687	394.906000
197176.034358	390.217000
197178.534468	390.076000
197257.660749	385.599000
197269.020336	384.951000
197354.634883	380.081000
197356.602895	379.967000
197437.945018	375.273000
197446.376706	374.776000
197524.320236	370.228000
197535.518794	369.562000
197611.047682	365.127000
197620.200521	364.580000
197696.324867	360.144000
197706.935360	359.503000
197785.596391	355.093000
197798.387032	354.326000
197877.875986	349.919000
197889.874646	349.213000
197968.795564	344.932000
197983.499069	344.079000
198062.044144	339.886000
198078.430740	338.969000
198162.934296	334.400000
198175.822425	333.681000
198247.128854	329.779000
198267.161544	328.662000
198345.882159	324.327000
198363.127400	323.373000
198438.981640	319.214000
198456.419449	318.264000
198533.346767	314.026000
198553.276899	312.979000
198626.313685	309.113000
198648.497744	307.959000
198725.291926	303.864000
198752.326560	302.446000
198823.289230	298.680000
198839.620383	297.810000
198915.051158	293.920000
198950.271797	292.052000
199013.048385	288.916000
199046.212242	287.172000
199119.068421	283.681000
199150.998744	282.056000
199218.841724	278.949000
199263.407080	276.755000
199325.834159	274.037000
199378.900733	271.601000
199449.632678	268.793000
199498.268206	266.612000
199568.153297	263.996000
199631.810973	261.292000
199695.004791	259.101000
199765.831174	256.228000
199843.093807	253.907000
199925.416062	250.909000
