0.000000	500.000000
70.205362	495.899000
76.053890	495.543000
156.901245	490.828000
170.215483	490.016000
240.467241	485.881000
253.347755	485.093000
323.172996	481.018000
329.457304	480.636000
412.578016	475.799000
427.754553	474.886000
494.226722	471.035000
506.921959	470.271000
582.520156	465.863000
590.463727	465.384000
666.095320	460.935000
678.020810	460.219000
752.298645	455.775000
763.152275	455.120000
832.554317	450.952000
840.587493	450.473000
918.061863	445.844000
931.485150	445.054000
1003.256556	440.736000
1010.630746	440.307000
1089.183650	435.603000
1092.089874	435.436000
1169.330569	430.860000
1180.790076	430.208000
1260.266010	425.527000
1265.762756	425.214000
1344.154793	420.606000
1346.616321	420.465000
1433.031004	415.453000
1438.051073	415.167000
1520.002642	410.461000
1521.132742	410.396000
1610.178380	405.327000
1613.687932	405.127000
1694.786135	400.448000
1694.978002	400.437000
1784.982251	395.342000
1792.558045	394.906000
1873.998233	390.217000
1876.438095	390.076000
1953.669444	385.599000
1964.761228	384.951000
2048.346369	380.081000
2050.269336	379.967000
2129.735952	375.273000
2137.981015	374.776000
2214.165344	370.228000
2225.120257	369.562000
2298.965040	365.127000
2307.920608	364.580000
2382.322444	360.144000
2392.708967	359.503000
2469.452670	355.093000
2481.969432	354.326000
2559.478935	349.919000
2571.211111	349.213000
2648.082638	344.932000
2662.450565	344.079000
2738.892527	339.886000
2754.878294	338.969000
2837.173823	334.400000
2849.744822	333.681000
2919.230447	329.779000
2938.769714	328.662000
3015.504409	324.327000
3032.318383	323.373000
3106.242955	319.214000
3123.231685	318.264000
3198.219863	314.026000
3217.599705	312.979000
3288.648837	309.113000
3310.208745	307.959000
3384.942337	303.864000
3411.228278	302.446000
3480.269334	298.680000
3496.161461	297.810000
3569.434550	293.920000
3603.700303	292.052000
3664.568779	288.916000
3696.818743	287.172000
3767.277850	283.681000
3798.271429	282.056000
3863.682595	278.949000
3906.855204	276.755000
3966.820844	274.037000
4017.993685	271.601000
4085.411353	268.793000
4132.232942	266.612000
4198.467004	263.996000
4259.495682	261.292000
4318.890230	259.101000
4386.528395	256.228000
4457.780944	253.907000
4535.579322	250.909000
4590.758450	249.006000
4677.431873	245.758000
4720.250506	244.176000
4819.691320	240.610000
4878.155812	238.619000
4965.401596	235.224000
5003.827741	233.968000
5107.766573	230.037000
5144.773292	228.921000
5255.256840	224.914000
5291.602290	223.869000
5419.732084	219.529000
5452.512402	218.704000
5604.134286	214.047000
5611.461905	213.900000
5842.218889	209.540000
5900.085651	208.688000
6375.583254	203.901000
6935.710889	209.540000
7231.836570	213.900000
7239.616680	214.047000
7471.757641	218.704000
7498.617863	219.529000
7671.062201	223.869000
7701.913730	224.914000
7841.278532	228.921000
7872.049592	230.037000
8002.402114	233.968000
8035.611774	235.224000
8139.478621	238.619000
8190.643969	240.610000
8295.357370	244.176000
8339.472728	245.758000
8427.383550	249.006000
8478.165423	250.909000
8565.095020	253.907000
8625.325186	256.228000
8713.523623	259.101000
8765.105670	261.292000
8838.406836	263.996000
8897.449374	266.612000
8952.669745	268.793000
9012.951736	271.601000
9071.438004	274.037000
9128.534793	276.755000
9176.939729	278.949000
9238.077969	282.056000
9272.288829	283.681000
9338.872573	287.172000
9374.071852	288.916000
9432.062613	292.052000
9468.319728	293.920000
9539.676141	297.810000
9556.063695	298.680000
9624.856512	302.446000
9650.852321	303.864000
9726.762707	307.959000
9747.823163	309.113000
9820.050722	312.979000
9839.292429	314.026000
9917.737292	318.264000
9934.546817	319.214000
10008.921691	323.373000
10025.878661	324.327000
10102.281784	328.662000
10122.054023	329.779000
10190.310261	333.681000
10203.113994	334.400000
10282.998407	338.969000
10299.515150	339.886000
10372.610373	344.079000
10388.161290	344.932000
10460.270425	349.213000
10472.947673	349.919000
10546.182374	354.326000
10559.672229	355.093000
10631.639528	359.503000
10642.794339	360.144000
10714.673613	364.580000
10723.848051	365.127000
10796.458551	369.562000
10807.547756	370.228000
10882.356988	374.776000
10890.682320	375.273000
10968.554200	379.967000
10970.484152	380.081000
11052.631921	384.951000
11063.753722	385.599000
11140.386308	390.076000
11142.818656	390.217000
11223.957060	394.906000
11231.529660	395.342000
11320.058716	400.437000
11320.253033	400.448000
11401.866614	405.127000
11405.333090	405.327000
11494.282691	410.396000
11495.424527	410.461000
11577.243777	415.167000
11582.224259	415.453000
11670.198340	420.465000
11672.629400	420.606000
11753.074251	425.214000
11758.399057	425.527000
11840.604383	430.208000
11851.674306	430.860000
11932.101765	435.436000
11934.920646	435.603000
12016.782181	440.307000
12023.946126	440.736000
12098.169321	445.054000
12111.300263	445.844000
12189.953930	450.473000
12197.970828	450.952000
12267.871196	455.120000
12278.777707	455.775000
12352.416687	460.219000
12364.384043	460.935000
12438.485311	465.384000
12446.628159	465.863000
12519.728911	470.271000
12532.831684	471.035000
12596.822988	474.886000
12612.582295	475.799000
12692.986357	480.636000
12699.550780	481.018000
12766.588887	485.093000
12780.091289	485.881000
12847.681294	490.016000
12861.476803	490.828000
12938.787924	495.543000
12944.892200	495.899000
13016.602383	500.264000
13026.052117	500.816000
13094.158739	504.993000
13109.619515	505.892000
13186.906493	510.628000
13191.699605	510.905000
13259.325939	515.009000
13275.533819	515.951000
13346.978460	520.310000
13363.330289	521.262000
13430.986183	525.407000
13444.624357	526.200000
13509.582478	530.132000
13535.075759	531.621000
13599.508137	535.482000
13619.487289	536.643000
13680.547284	540.271000
13707.894440	541.860000
13764.316556	545.240000
13798.452904	547.207000
13851.735865	550.396000
13892.055237	552.740000
13934.703070	555.319000
13966.678652	557.222000
14021.311224	560.510000
14069.487418	563.398000
14100.362032	565.259000
14145.691864	567.944000
14187.146904	570.435000
14242.077313	573.708000
14272.891697	575.583000
14319.710236	578.414000
14346.602962	580.041000
14412.054162	584.004000
14435.060438	585.387000
14497.036784	589.133000
14516.913979	590.322000
14577.436290	593.970000
14594.172065	594.976000
14672.309768	599.676000
14681.293704	600.215000
14750.428426	604.365000
14765.659135	605.275000
14840.022999	609.742000
14843.468185	609.946000
14927.395135	614.938000
14929.264347	615.047000
15016.029180	620.125000
15016.569319	620.156000
15094.589682	624.711000
15103.702034	625.251000
15181.040354	629.762000
15193.451579	630.487000
15272.216356	635.066000
15285.352753	635.831000
15346.911935	639.443000
15366.139800	640.576000
15437.501110	644.808000
15455.421806	645.863000
15520.476454	649.733000
15547.036280	651.291000
15601.300059	654.497000
15625.759201	655.922000
15694.302025	659.955000
15715.447986	661.171000
15782.930147	665.158000
15804.005660	666.365000
15870.464275	670.252000
15888.167339	671.262000
15957.252478	675.264000
15974.187525	676.219000
16052.108242	680.725000
16065.196634	681.456000
16138.645240	685.713000
16154.261281	686.579000
16230.231711	690.946000
16237.052493	691.321000
16319.114247	695.965000
16328.712109	696.486000
16418.835720	701.538000
16421.416390	701.679000
16500.965594	706.200000
16506.651160	706.510000
16597.686798	711.622000
16600.873559	711.800000
16689.837299	716.654000
16690.874551	716.712000
16778.738666	721.468000
16788.732028	722.031000
16877.917318	726.860000
16879.619367	726.956000
16964.496771	731.529000
16983.583763	732.597000
17055.278111	736.508000
17068.403597	737.234000
17153.735838	741.883000
17168.472203	742.696000
17235.766320	746.330000
17263.754645	747.857000
17337.342531	751.774000
17357.693774	752.874000
17428.006015	756.568000
17459.274978	758.249000
17520.748884	761.437000
17550.954368	763.056000
17621.887100	766.695000
17657.521684	768.581000
17715.027349	771.533000
17754.443013	773.590000
17813.865942	776.646000
17851.992023	778.612000
17905.195449	781.338000
17955.911654	783.938000
18009.703180	786.666000
18058.604300	789.177000
18108.334040	791.687000
18152.703276	793.950000
18199.610756	796.300000
18263.228109	799.545000
18306.266032	801.682000
18359.260698	804.383000
18405.796114	806.688000
18468.200494	809.887000
18502.435090	811.571000
18555.736039	814.309000
18598.445486	816.435000
18678.135888	820.512000
18710.994043	822.142000
18763.027320	824.789000
18797.714324	826.486000
18873.210745	830.260000
18901.324484	831.612000
18983.893054	835.709000
19018.164731	837.345000
19080.822574	840.422000
19102.459204	841.453000
19189.890490	845.705000
19217.550256	847.005000
19306.773115	851.273000
19325.404167	852.137000
19398.730776	855.657000
19425.556309	856.878000
19521.642489	861.510000
19531.427414	861.959000
19625.049914	866.446000
19646.470069	867.425000
19732.453524	871.471000
19744.631884	872.022000
19846.330722	876.717000
19853.721298	877.046000
19965.660869	882.148000
19974.792113	882.547000
20066.314261	886.678000
20081.072381	887.323000
20186.575076	892.037000
20188.946494	892.142000
20304.247686	897.169000
20309.404525	897.393000
20417.863835	902.187000
20421.865757	902.359000
20531.955219	907.125000
20536.942137	907.335000
20652.191621	912.205000
20655.940771	912.361000
20774.586668	917.323000
20778.148743	917.470000
20892.964027	922.229000
20897.363295	922.408000
21014.879267	927.215000
21024.374205	927.604000
21136.878652	932.097000
21149.934548	932.622000
21270.361023	937.407000
21273.106637	937.516000
21391.016421	942.196000
21402.846545	942.662000
21515.271873	947.085000
21531.063550	947.704000
21646.353526	952.164000
21664.987718	952.884000
21781.662481	957.385000
21782.922052	957.434000
21898.495063	961.932000
21925.561503	962.959000
22043.644381	967.435000
22056.689178	967.924000
22170.979474	972.128000
22179.702233	972.451000
22304.960624	977.004000
22333.969801	978.083000
22449.316652	982.195000
22464.991976	982.771000
22575.281922	986.758000
22607.773522	987.924000
22695.506079	991.076000
22744.595381	992.804000
22809.164228	995.084000
22889.157691	997.855000
22899.368094	998.206000
22975.478669	1000.847000
22994.234389	1001.484000
23014.993526	1002.187000
23015.319233	1002.198000
23016.625287	1002.242000
23019.564608	1002.341000
23020.842770	1002.384000
23022.001357	1002.423000
23022.774730	1002.449000
23023.815883	1002.484000
23028.636506	1002.646000
23029.262299	1002.667000
23031.564312	1002.746000
23034.904420	1002.858000
23036.874273	1002.924000
23037.680221	1002.951000
23076.072675	1004.241000
23136.688855	1006.265000
23194.942281	1008.185000
23198.833938	1008.312000
23282.710338	1011.069000
23336.339355	1012.790000
23364.361454	1013.694000
23452.368298	1016.486000
23508.981435	1018.260000
23535.145411	1019.081000
23633.161484	1022.122000
23662.111733	1023.017000
23728.088922	1025.063000
23825.654528	1028.037000
23841.429196	1028.514000
23999.259286	1033.223000
24002.541289	1033.317000
24157.212830	1037.998000
24170.215403	1038.358000
24330.347643	1042.983000
24347.520855	1043.457000
24517.308129	1047.998000
24544.582139	1048.705000
24721.217080	1053.322000
24730.757623	1053.565000
24911.575797	1058.135000
24916.306889	1058.251000
25137.270013	1063.635000
25140.450316	1063.709000
25346.360223	1068.466000
25360.016120	1068.775000
25566.689760	1073.364000
25589.346939	1073.837000
25816.943491	1078.574000
25827.480795	1078.790000
26088.238119	1083.945000
26116.683757	1084.508000
26320.101361	1088.725000
26327.784887	1088.878000
26588.839826	1093.785000
26619.138522	1094.324000
26882.788751	1099.230000
26909.001063	1099.661000
27178.309660	1103.978000
27213.927225	1104.507000
27526.793815	1109.196000
27564.444047	1109.708000
27930.620360	1114.501000
27983.968890	1115.229000
28285.048856	1119.011000
28363.676497	1119.935000
28785.474811	1124.719000
28866.968436	1125.319000
29390.801985	1129.518000
29989.486719	1124.719000
30639.262557	1119.935000
30720.730291	1119.011000
31042.559012	1115.229000
31100.514119	1114.501000
31451.749701	1109.708000
31490.865552	1109.196000
31835.674026	1104.507000
31870.970768	1103.978000
32161.634345	1099.661000
32188.521537	1099.230000
32486.891852	1094.324000
32515.857908	1093.785000
32791.694095	1088.878000
32799.833774	1088.725000
33011.607845	1084.508000
33038.765566	1083.945000
33299.222522	1078.790000
33310.148532	1078.574000
33541.237460	1073.837000
33563.963483	1073.364000
33783.781236	1068.775000
33797.697591	1068.466000
34007.927684	1063.709000
34011.130824	1063.635000
34242.519289	1058.251000
34247.280010	1058.135000
34433.668737	1053.565000
34443.283358	1053.322000
34624.553676	1048.705000
34651.601738	1047.998000
34826.780348	1043.457000
34844.503134	1042.983000
35012.068758	1038.358000
35024.533105	1037.998000
35193.602675	1033.317000
35196.708662	1033.223000
35361.123052	1028.514000
35377.110513	1028.037000
35475.462424	1025.063000
35542.583887	1023.017000
35571.444877	1022.122000
35669.811030	1019.081000
35696.273113	1018.260000
35752.807697	1016.486000
35841.907968	1013.694000
35870.403021	1012.790000
35923.750401	1011.069000
36009.662778	1008.312000
36013.526508	1008.185000
36072.361016	1006.265000
36133.769836	1004.241000
36172.403666	1002.951000
36173.207229	1002.924000
36175.177324	1002.858000
36178.520106	1002.746000
36180.876075	1002.667000
36181.488002	1002.646000
36186.315544	1002.484000
36187.357037	1002.449000
36188.130465	1002.423000
36189.290524	1002.384000
36190.567940	1002.341000
36193.510686	1002.242000
36194.817051	1002.198000
36195.143565	1002.187000
36215.959199	1001.484000
36234.769398	1000.847000
36312.530556	998.206000
36322.645972	997.855000
36403.252885	995.084000
36469.072119	992.804000
36518.008508	991.076000
36607.551032	987.924000
36640.005398	986.758000
36751.106606	982.771000
36767.040142	982.195000
36878.944534	978.083000
36909.211862	977.004000
37031.620374	972.451000
37040.506485	972.128000
37154.037375	967.924000
37167.331370	967.435000
37286.735279	962.959000
37313.828915	961.932000
37432.373068	957.434000
37433.632089	957.385000
37549.332722	952.884000
37567.996537	952.164000
37683.424999	947.704000
37699.426007	947.085000
37812.263793	942.662000
37824.108741	942.196000
37942.917718	937.516000
37945.663907	937.407000
38066.193848	932.622000
38079.406785	932.097000
38191.140387	927.604000
38200.880923	927.215000
38318.212972	922.408000
38322.588957	922.229000
38439.550506	917.470000
38443.097017	917.323000
38563.335230	912.361000
38567.065331	912.205000
38684.106130	907.335000
38689.075820	907.125000
38802.255108	902.359000
38806.228123	902.187000
38917.770075	897.393000
38922.837845	897.169000
39038.567428	892.142000
39040.975748	892.037000
39147.441144	887.323000
39161.876706	886.678000
39256.397317	882.547000
39265.237147	882.148000
39381.998068	877.046000
39389.216437	876.717000
39494.683777	872.022000
39506.619040	871.471000
39596.044895	867.425000
39616.850086	866.446000
39715.023972	861.959000
39724.392481	861.510000
39825.336297	856.878000
39850.664713	855.657000
39927.999584	852.137000
39945.997933	851.273000
40038.031879	847.005000
40065.208477	845.705000
40155.677186	841.453000
40176.877012	840.422000
40241.451123	837.345000
40274.765465	835.709000
40360.591298	831.612000
40387.838725	830.260000
40466.315981	826.486000
40500.263365	824.789000
40554.368550	822.142000
40586.410198	820.512000
40668.595902	816.435000
40710.151407	814.309000
40765.155389	811.571000
40797.938004	809.887000
40862.971538	806.688000
40907.936244	804.383000
40962.466465	801.682000
41004.395233	799.545000
41069.747624	796.300000
41115.818742	793.950000
41160.989647	791.687000
41210.201659	789.177000
41259.951212	786.666000
41313.078354	783.938000
41364.345938	781.338000
41417.519929	778.612000
41455.890411	776.646000
41515.154553	773.590000
41555.152251	771.533000
41611.717657	768.581000
41648.457388	766.695000
41717.213617	763.056000
41748.771763	761.437000
41808.249888	758.249000
41840.664454	756.568000
41909.378046	752.874000
41930.315638	751.774000
42002.784562	747.857000
42031.472002	746.330000
42098.079450	742.696000
42113.134518	741.883000
42197.401878	737.234000
42210.727584	736.508000
42281.435266	732.597000
42301.013267	731.529000
42382.740622	726.956000
42384.522435	726.860000
42470.139036	722.031000
42480.536907	721.468000
42564.956854	716.712000
42566.028368	716.654000
42652.835627	711.800000
42656.097997	711.622000
42747.618904	706.510000
42753.139453	706.200000
42836.057006	701.679000
42838.537970	701.538000
42931.002860	696.486000
42940.297081	695.965000
43025.848844	691.321000
43032.475277	690.946000
43111.905566	686.579000
43126.970918	685.713000
43203.734755	681.456000
43216.347142	680.725000
43297.026069	676.219000
43313.540558	675.264000
43384.508159	671.262000
43401.943439	670.252000
43470.073944	666.365000
43490.710823	665.158000
43560.328114	661.171000
43580.909580	659.955000
43651.042527	655.922000
43675.261105	654.497000
43730.289884	651.291000
43756.660117	649.733000
43822.633496	645.863000
43840.368032	644.808000
43912.254654	640.576000
43931.359655	639.443000
43992.658023	635.831000
44005.695889	635.066000
44084.325384	630.487000
44096.796330	629.762000
44174.019829	625.251000
44183.277797	624.711000
44260.142173	620.156000
44260.673156	620.125000
44349.151408	615.047000
44351.013827	614.938000
44436.620335	609.946000
44440.050042	609.742000
44515.489479	605.275000
44530.638599	604.365000
44600.097328	600.215000
44609.076512	599.676000
44687.415106	594.976000
44704.139900	593.970000
44764.827879	590.322000
44784.554038	589.133000
44847.178067	585.387000
44870.059350	584.004000
44935.984059	580.041000
44962.854890	578.414000
45009.648564	575.583000
45040.656957	573.708000
45094.446545	570.435000
45136.252732	567.944000
45180.936306	565.259000
45212.354860	563.398000
45260.267747	560.510000
45315.116545	557.222000
45346.736309	555.319000
45390.070531	552.740000
45428.832269	550.396000
45483.686568	547.207000
45516.551912	545.240000
45575.210202	541.860000
45601.735274	540.271000
45664.174217	536.643000
45683.714089	535.482000
45750.156386	531.621000
45775.004822	530.132000
45842.324891	526.200000
45855.425549	525.407000
45926.712096	521.262000
45942.250916	520.310000
46017.122366	515.951000
46032.561882	515.009000
46103.174558	510.905000
46107.739006	510.628000
46189.689095	505.892000
46204.359913	504.993000
46276.194911	500.816000
46285.195355	500.264000
46359.920155	495.899000
46365.768683	495.543000
46446.616038	490.828000
46459.930276	490.016000
46530.182034	485.881000
46543.062548	485.093000
46612.887789	481.018000
46619.172097	480.636000
46702.292809	475.799000
46717.469346	474.886000
46783.941515	471.035000
46796.636752	470.271000
46872.234949	465.863000
46880.178520	465.384000
46955.810113	460.935000
46967.735603	460.219000
47042.013438	455.775000
47052.867068	455.120000
47122.269110	450.952000
47130.302286	450.473000
47207.776656	445.844000
47221.199943	445.054000
47292.971349	440.736000
47300.345539	440.307000
47378.898443	435.603000
47381.804667	435.436000
47459.045362	430.860000
47470.504869	430.208000
47549.980803	425.527000
47555.477548	425.214000
47633.869586	420.606000
47636.331114	420.465000
47722.745797	415.453000
47727.765866	415.167000
47809.717435	410.461000
47810.847535	410.396000
47899.893173	405.327000
47903.402725	405.127000
47984.500928	400.448000
47984.692795	400.437000
48074.697044	395.342000
48082.272838	394.906000
48163.713026	390.217000
48166.152888	390.076000
48243.384237	385.599000
48254.476020	384.951000
48338.061162	380.081000
48339.984128	379.967000
48419.450745	375.273000
48427.695808	374.776000
48503.880136	370.228000
48514.835050	369.562000
48588.679833	365.127000
48597.635401	364.580000
48672.037237	360.144000
48682.423760	359.503000
48759.167463	355.093000
48771.684225	354.326000
48849.193728	349.919000
48860.925904	349.213000
48937.797431	344.932000
48952.165358	344.079000
49028.607320	339.886000
49044.593087	338.969000
49126.888616	334.400000
49139.459615	333.681000
49208.945240	329.779000
49228.484507	328.662000
49305.219202	324.327000
49322.033176	323.373000
49395.957748	319.214000
49412.946478	318.264000
49487.934656	314.026000
49507.314498	312.979000
49578.363630	309.113000
49599.923538	307.959000
49674.657130	303.864000
49700.943071	302.446000
49769.984127	298.680000
49785.876254	297.810000
49859.149343	293.920000
49893.415096	292.052000
49954.283572	288.916000
49986.533536	287.172000
50056.992643	283.681000
50087.986222	282.056000
50153.397388	278.949000
50196.569997	276.755000
50256.535637	274.037000
50307.708478	271.601000
50375.126146	268.793000
50421.947735	266.612000
50488.181797	263.996000
50549.210475	261.292000
50608.605023	259.101000
50676.243188	256.228000
50747.495737	253.907000
50825.294115	250.909000
50880.473243	249.006000
50967.146666	245.758000
51009.965299	244.176000
51109.406112	240.610000
51167.870605	238.619000
51255.116389	235.224000
51293.542534	233.968000
51397.481366	230.037000
51434.488085	228.921000
51544.971633	224.914000
51581.317083	223.869000
51709.446877	219.529000
51742.227195	218.704000
51893.849079	214.047000
51901.176698	213.900000
52131.933682	209.540000
52189.800444	208.688000
52665.298047	203.901000
53225.425682	209.540000
53521.551363	213.900000
53529.331473	214.047000
53761.472434	218.704000
53788.332656	219.529000
53960.776994	223.869000
53991.628523	224.914000
54130.993325	228.921000
54161.764385	230.037000
54292.116907	233.968000
54325.326567	235.224000
54429.193414	238.619000
54480.358762	240.610000
54585.072163	244.176000
54629.187521	245.758000
54717.098343	249.006000
54767.880216	250.909000
54854.809813	253.907000
54915.039979	256.228000
55003.238416	259.101000
55054.820463	261.292000
55128.121629	263.996000
55187.164167	266.612000
55242.384538	268.793000
55302.666529	271.601000
55361.152796	274.037000
55418.249586	276.755000
55466.654522	278.949000
55527.792762	282.056000
55562.003622	283.681000
55628.587366	287.172000
55663.786645	288.916000
55721.777406	292.052000
55758.034521	293.920000
55829.390934	297.810000
55845.778488	298.680000
55914.571305	302.446000
55940.567114	303.864000
56016.477500	307.959000
56037.537956	309.113000
56109.765515	312.979000
56129.007222	314.026000
56207.452085	318.264000
56224.261610	319.214000
56298.636484	323.373000
56315.593454	324.327000
56391.996577	328.662000
56411.768816	329.779000
56480.025054	333.681000
56492.828787	334.400000
56572.713200	338.969000
56589.229943	339.886000
56662.325166	344.079000
56677.876083	344.932000
56749.985218	349.213000
56762.662466	349.919000
56835.897167	354.326000
56849.387022	355.093000
56921.354321	359.503000
56932.509132	360.144000
57004.388406	364.580000
57013.562844	365.127000
57086.173344	369.562000
57097.262549	370.228000
57172.071781	374.776000
57180.397113	375.273000
57258.268993	379.967000
57260.198945	380.081000
57342.346714	384.951000
57353.468515	385.599000
57430.101101	390.076000
57432.533449	390.217000
57513.671853	394.906000
57521.244453	395.342000
57609.773509	400.437000
57609.967826	400.448000
57691.581407	405.127000
57695.047883	405.327000
57783.997484	410.396000
57785.139320	410.461000
57866.958570	415.167000
57871.939052	415.453000
57959.913133	420.465000
57962.344193	420.606000
58042.789044	425.214000
58048.113850	425.527000
58130.319176	430.208000
58141.389099	430.860000
58221.816558	435.436000
58224.635439	435.603000
58306.496974	440.307000
58313.660919	440.736000
58387.884114	445.054000
58401.015056	445.844000
58479.668723	450.473000
58487.685621	450.952000
58557.585989	455.120000
58568.492500	455.775000
58642.131480	460.219000
58654.098836	460.935000
58728.200104	465.384000
58736.342952	465.863000
58809.443704	470.271000
58822.546477	471.035000
58886.537781	474.886000
58902.297088	475.799000
58982.701150	480.636000
58989.265573	481.018000
59056.303680	485.093000
59069.806082	485.881000
59137.396087	490.016000
59151.191596	490.828000
59228.502717	495.543000
59234.606993	495.899000
59306.317176	500.264000
59315.766910	500.816000
59383.873532	504.993000
59399.334308	505.892000
59476.621286	510.628000
59481.414398	510.905000
59549.040732	515.009000
59565.248612	515.951000
59636.693253	520.310000
59653.045082	521.262000
59720.700976	525.407000
59734.339150	526.200000
59799.297271	530.132000
59824.790552	531.621000
59889.222930	535.482000
59909.202082	536.643000
59970.262077	540.271000
59997.609233	541.860000
60054.031349	545.240000
60088.167697	547.207000
60141.450658	550.396000
60181.770030	552.740000
60224.417863	555.319000
60256.393445	557.222000
60311.026017	560.510000
60359.202211	563.398000
60390.076825	565.259000
60435.406657	567.944000
60476.861697	570.435000
60531.792106	573.708000
60562.606490	575.583000
60609.425029	578.414000
60636.317755	580.041000
60701.768955	584.004000
60724.775231	585.387000
60786.751577	589.133000
60806.628772	590.322000
60867.151083	593.970000
60883.886858	594.976000
60962.024561	599.676000
60971.008497	600.215000
61040.143219	604.365000
61055.373928	605.275000
61129.737792	609.742000
61133.182978	609.946000
61217.109928	614.938000
61218.979140	615.047000
61305.743973	620.125000
61306.284112	620.156000
61384.304475	624.711000
61393.416827	625.251000
61470.755146	629.762000
61483.166372	630.487000
61561.931149	635.066000
61575.067546	635.831000
61636.626728	639.443000
61655.854593	640.576000
61727.215903	644.808000
61745.136599	645.863000
61810.191247	649.733000
61836.751073	651.291000
61891.014852	654.497000
61915.473994	655.922000
61984.016818	659.955000
62005.162779	661.171000
62072.644940	665.158000
62093.720453	666.365000
62160.179068	670.252000
62177.882132	671.262000
62246.967271	675.264000
62263.902318	676.219000
62341.823035	680.725000
62354.911427	681.456000
62428.360033	685.713000
62443.976074	686.579000
62519.946504	690.946000
62526.767286	691.321000
62608.829040	695.965000
62618.426902	696.486000
62708.550513	701.538000
62711.131183	701.679000
62790.680387	706.200000
62796.365953	706.510000
62887.401591	711.622000
62890.588352	711.800000
62979.552092	716.654000
62980.589344	716.712000
63068.453459	721.468000
63078.446821	722.031000
63167.632111	726.860000
63169.334160	726.956000
63254.211564	731.529000
63273.298556	732.597000
63344.992904	736.508000
63358.118390	737.234000
63443.450631	741.883000
63458.186996	742.696000
63525.481113	746.330000
63553.469438	747.857000
63627.057324	751.774000
63647.408567	752.874000
63717.720808	756.568000
63748.989771	758.249000
63810.463677	761.437000
63840.669161	763.056000
63911.601893	766.695000
63947.236477	768.581000
64004.742142	771.533000
64044.157806	773.590000
64103.580735	776.646000
64141.706816	778.612000
64194.910242	781.338000
64245.626447	783.938000
64299.417973	786.666000
64348.319093	789.177000
64398.048833	791.687000
64442.418069	793.950000
64489.325549	796.300000
64552.942902	799.545000
64595.980825	801.682000
64648.975491	804.383000
64695.510907	806.688000
64757.915287	809.887000
64792.149883	811.571000
64845.450832	814.309000
64888.160279	816.435000
64967.850681	820.512000
65000.708836	822.142000
65052.742113	824.789000
65087.429117	826.486000
65162.925538	830.260000
65191.039277	831.612000
65273.607847	835.709000
65307.879524	837.345000
65370.537367	840.422000
65392.173997	841.453000
65479.605283	845.705000
65507.265049	847.005000
65596.487908	851.273000
65615.118960	852.137000
65688.445569	855.657000
65715.271102	856.878000
65811.357282	861.510000
65821.142207	861.959000
65914.764707	866.446000
65936.184862	867.425000
66022.168317	871.471000
66034.346677	872.022000
66136.045515	876.717000
66143.436091	877.046000
66255.375662	882.148000
66264.506906	882.547000
66356.029054	886.678000
66370.787174	887.323000
66476.289869	892.037000
66478.661287	892.142000
66593.962479	897.169000
66599.119318	897.393000
66707.578628	902.187000
66711.580550	902.359000
66821.670012	907.125000
66826.656930	907.335000
66941.906414	912.205000
66945.655564	912.361000
67064.301461	917.323000
67067.863536	917.470000
67182.678820	922.229000
67187.078088	922.408000
67304.594060	927.215000
67314.088998	927.604000
67426.593445	932.097000
67439.649341	932.622000
67560.075816	937.407000
67562.821430	937.516000
67680.731214	942.196000
67692.561338	942.662000
67804.986666	947.085000
67820.778343	947.704000
67936.068319	952.164000
67954.702511	952.884000
68071.377274	957.385000
68072.636845	957.434000
68188.209856	961.932000
68215.276296	962.959000
68333.359174	967.435000
68346.403971	967.924000
68460.694267	972.128000
68469.417026	972.451000
68594.675417	977.004000
68623.684594	978.083000
68739.031445	982.195000
68754.706769	982.771000
68864.996715	986.758000
68897.488315	987.924000
68985.220872	991.076000
69034.310174	992.804000
69098.879021	995.084000
69178.872484	997.855000
69189.082887	998.206000
69265.193462	1000.847000
69283.949182	1001.484000
69304.708319	1002.187000
69305.034026	1002.198000
69306.340080	1002.242000
69309.279401	1002.341000
69310.557563	1002.384000
69311.716150	1002.423000
69312.489523	1002.449000
69313.530676	1002.484000
69318.351299	1002.646000
69318.977092	1002.667000
69321.279105	1002.746000
69324.619213	1002.858000
69326.589066	1002.924000
69327.395014	1002.951000
69365.787468	1004.241000
69426.403648	1006.265000
69484.657074	1008.185000
69488.548731	1008.312000
69572.425131	1011.069000
69626.054148	1012.790000
69654.076247	1013.694000
69742.083091	1016.486000
69798.696228	1018.260000
69824.860204	1019.081000
69922.876277	1022.122000
69951.826526	1023.017000
70017.803715	1025.063000
70115.369321	1028.037000
70131.143989	1028.514000
70288.974079	1033.223000
70292.256082	1033.317000
70446.927623	1037.998000
70459.930196	1038.358000
70620.062436	1042.983000
70637.235648	1043.457000
70807.022922	1047.998000
70834.296932	1048.705000
71010.931873	1053.322000
71020.472416	1053.565000
71201.290590	1058.135000
71206.021682	1058.251000
71426.984806	1063.635000
71430.165109	1063.709000
71636.075016	1068.466000
71649.730913	1068.775000
71856.404553	1073.364000
71879.061732	1073.837000
72106.658284	1078.574000
72117.195588	1078.790000
72377.952912	1083.945000
72406.398550	1084.508000
72609.816154	1088.725000
72617.499680	1088.878000
72878.554619	1093.785000
72908.853315	1094.324000
73172.503544	1099.230000
73198.715856	1099.661000
73468.024453	1103.978000
73503.642018	1104.507000
73816.508608	1109.196000
73854.158840	1109.708000
74220.335153	1114.501000
74273.683683	1115.229000
74574.763649	1119.011000
74653.391290	1119.935000
75075.189604	1124.719000
75156.683229	1125.319000
75680.516778	1129.518000
76279.201512	1124.719000
76928.977350	1119.935000
77010.445084	1119.011000
77332.273805	1115.229000
77390.228912	1114.501000
77741.464494	1109.708000
77780.580345	1109.196000
78125.388819	1104.507000
78160.685561	1103.978000
78451.349138	1099.661000
78478.236330	1099.230000
78776.606645	1094.324000
78805.572701	1093.785000
79081.408888	1088.878000
79089.548567	1088.725000
79301.322638	1084.508000
79328.480359	1083.945000
79588.937315	1078.790000
79599.863325	1078.574000
79830.952253	1073.837000
79853.678276	1073.364000
80073.496029	1068.775000
80087.412384	1068.466000
80297.642477	1063.709000
80300.845617	1063.635000
80532.234082	1058.251000
80536.994803	1058.135000
80723.383530	1053.565000
80732.998151	1053.322000
80914.268469	1048.705000
80941.316531	1047.998000
81116.495141	1043.457000
81134.217927	1042.983000
81301.783551	1038.358000
81314.247898	1037.998000
81483.317468	1033.317000
81486.423455	1033.223000
81650.837845	1028.514000
81666.825306	1028.037000
81765.177217	1025.063000
81832.298680	1023.017000
81861.159670	1022.122000
81959.525823	1019.081000
81985.987906	1018.260000
82042.522490	1016.486000
82131.622761	1013.694000
82160.117814	1012.790000
82213.465194	1011.069000
82299.377571	1008.312000
82303.241301	1008.185000
82362.075809	1006.265000
82423.484629	1004.241000
82462.118459	1002.951000
82462.922022	1002.924000
82464.892117	1002.858000
82468.234899	1002.746000
82470.590868	1002.667000
82471.202795	1002.646000
82476.030337	1002.484000
82477.071830	1002.449000
82477.845258	1002.423000
82479.005317	1002.384000
82480.282733	1002.341000
82483.225479	1002.242000
82484.531844	1002.198000
82484.858358	1002.187000
82505.673992	1001.484000
82524.484191	1000.847000
82602.245349	998.206000
82612.360765	997.855000
82692.967678	995.084000
82758.786912	992.804000
82807.723301	991.076000
82897.265825	987.924000
82929.720191	986.758000
83040.821399	982.771000
83056.754935	982.195000
83168.659327	978.083000
83198.926655	977.004000
83321.335167	972.451000
83330.221278	972.128000
83443.752168	967.924000
83457.046163	967.435000
83576.450072	962.959000
83603.543708	961.932000
83722.087861	957.434000
83723.346882	957.385000
83839.047515	952.884000
83857.711330	952.164000
83973.139792	947.704000
83989.140800	947.085000
84101.978586	942.662000
84113.823534	942.196000
84232.632511	937.516000
84235.378700	937.407000
84355.908641	932.622000
84369.121578	932.097000
84480.855180	927.604000
84490.595716	927.215000
84607.927765	922.408000
84612.303750	922.229000
84729.265299	917.470000
84732.811810	917.323000
84853.050023	912.361000
84856.780124	912.205000
84973.820923	907.335000
84978.790613	907.125000
85091.969901	902.359000
85095.942916	902.187000
85207.484868	897.393000
85212.552638	897.169000
85328.282221	892.142000
85330.690541	892.037000
85437.155937	887.323000
85451.591499	886.678000
85546.112110	882.547000
85554.951939	882.148000
85671.712861	877.046000
85678.931230	876.717000
85784.398570	872.022000
85796.333833	871.471000
85885.759688	867.425000
85906.564879	866.446000
86004.738765	861.959000
86014.107274	861.510000
86115.051090	856.878000
86140.379506	855.657000
86217.714377	852.137000
86235.712726	851.273000
86327.746672	847.005000
86354.923270	845.705000
86445.391979	841.453000
86466.591805	840.422000
86531.165916	837.345000
86564.480258	835.709000
86650.306091	831.612000
86677.553518	830.260000
86756.030774	826.486000
86789.978158	824.789000
86844.083343	822.142000
86876.124991	820.512000
86958.310695	816.435000
86999.866200	814.309000
87054.870182	811.571000
87087.652797	809.887000
87152.686331	806.688000
87197.651037	804.383000
87252.181258	801.682000
87294.110026	799.545000
87359.462417	796.300000
87405.533535	793.950000
87450.704440	791.687000
87499.916452	789.177000
87549.666005	786.666000
87602.793147	783.938000
87654.060731	781.338000
87707.234722	778.612000
87745.605204	776.646000
87804.869346	773.590000
87844.867044	771.533000
87901.432450	768.581000
87938.172181	766.695000
88006.928410	763.056000
88038.486556	761.437000
88097.964681	758.249000
88130.379247	756.568000
88199.092839	752.874000
88220.030431	751.774000
88292.499355	747.857000
88321.186795	746.330000
88387.794243	742.696000
88402.849311	741.883000
88487.116671	737.234000
88500.442377	736.508000
88571.150059	732.597000
88590.728060	731.529000
88672.455415	726.956000
88674.237228	726.860000
88759.853829	722.031000
88770.251700	721.468000
88854.671647	716.712000
88855.743161	716.654000
88942.550420	711.800000
88945.812790	711.622000
89037.333697	706.510000
89042.854246	706.200000
89125.771799	701.679000
89128.252763	701.538000
89220.717653	696.486000
89230.011874	695.965000
89315.563637	691.321000
89322.190070	690.946000
89401.620359	686.579000
89416.685711	685.713000
89493.449548	681.456000
89506.061935	680.725000
89586.740862	676.219000
89603.255351	675.264000
89674.222952	671.262000
89691.658232	670.252000
89759.788737	666.365000
89780.425616	665.158000
89850.042907	661.171000
89870.624373	659.955000
89940.757320	655.922000
89964.975898	654.497000
90020.004677	651.291000
90046.374910	649.733000
90112.348289	645.863000
90130.082825	644.808000
90201.969447	640.576000
90221.074448	639.443000
90282.372816	635.831000
90295.410682	635.066000
90374.040177	630.487000
90386.511123	629.762000
90463.734622	625.251000
90472.992590	624.711000
90549.856966	620.156000
90550.387949	620.125000
90638.866201	615.047000
90640.728620	614.938000
90726.335128	609.946000
90729.764835	609.742000
90805.204272	605.275000
90820.353392	604.365000
90889.812121	600.215000
90898.791305	599.676000
90977.129899	594.976000
90993.854693	593.970000
91054.542672	590.322000
91074.268831	589.133000
91136.892860	585.387000
91159.774143	584.004000
91225.698852	580.041000
91252.569683	578.414000
91299.363357	575.583000
91330.371750	573.708000
91384.161338	570.435000
91425.967525	567.944000
91470.651099	565.259000
91502.069653	563.398000
91549.982540	560.510000
91604.831338	557.222000
91636.451102	555.319000
91679.785324	552.740000
91718.547062	550.396000
91773.401361	547.207000
91806.266705	545.240000
91864.924995	541.860000
91891.450067	540.271000
91953.889010	536.643000
91973.428882	535.482000
92039.871179	531.621000
92064.719615	530.132000
92132.039684	526.200000
92145.140342	525.407000
92216.426889	521.262000
92231.965709	520.310000
92306.837159	515.951000
92322.276675	515.009000
92392.889351	510.905000
92397.453799	510.628000
92479.403888	505.892000
92494.074706	504.993000
92565.909704	500.816000
92574.910148	500.264000
92649.634948	495.899000
92655.483476	495.543000
92736.330831	490.828000
92749.645069	490.016000
92819.896827	485.881000
92832.777341	485.093000
92902.602582	481.018000
92908.886890	480.636000
92992.007602	475.799000
93007.184139	474.886000
93073.656308	471.035000
93086.351545	470.271000
93161.949742	465.863000
93169.893313	465.384000
93245.524906	460.935000
93257.450396	460.219000
93331.728231	455.775000
93342.581861	455.120000
93411.983903	450.952000
93420.017079	450.473000
93497.491449	445.844000
93510.914736	445.054000
93582.686142	440.736000
93590.060332	440.307000
93668.613236	435.603000
93671.519460	435.436000
93748.760155	430.860000
93760.219662	430.208000
93839.695596	425.527000
93845.192341	425.214000
93923.584379	420.606000
93926.045907	420.465000
94012.460590	415.453000
94017.480659	415.167000
94099.432228	410.461000
94100.562328	410.396000
94189.607966	405.327000
94193.117518	405.127000
94274.215721	400.448000
94274.407588	400.437000
94364.411837	395.342000
94371.987631	394.906000
94453.427819	390.217000
94455.867681	390.076000
94533.099030	385.599000
94544.190813	384.951000
94627.775955	380.081000
94629.698921	379.967000
94709.165538	375.273000
94717.410601	374.776000
94793.594929	370.228000
94804.549843	369.562000
94878.394626	365.127000
94887.350194	364.580000
94961.752030	360.144000
94972.138553	359.503000
95048.882256	355.093000
95061.399018	354.326000
95138.908521	349.919000
95150.640697	349.213000
95227.512224	344.932000
95241.880151	344.079000
95318.322113	339.886000
95334.307880	338.969000
95416.603409	334.400000
95429.174408	333.681000
95498.660033	329.779000
95518.199300	328.662000
95594.933995	324.327000
95611.747969	323.373000
95685.672541	319.214000
95702.661271	318.264000
95777.649449	314.026000
95797.029291	312.979000
95868.078423	309.113000
95889.638331	307.959000
95964.371923	303.864000
95990.657864	302.446000
96059.698920	298.680000
96075.591047	297.810000
96148.864136	293.920000
96183.129889	292.052000
96243.998365	288.916000
96276.248329	287.172000
96346.707436	283.681000
96377.701015	282.056000
96443.112181	278.949000
96486.284790	276.755000
96546.250430	274.037000
96597.423271	271.601000
96664.840939	268.793000
96711.662528	266.612000
96777.896590	263.996000
96838.925268	261.292000
96898.319816	259.101000
96965.957981	256.228000
97037.210530	253.907000
97115.008908	250.909000
97170.188036	249.006000
97256.861459	245.758000
97299.680092	244.176000
97399.120905	240.610000
97457.585398	238.619000
97544.831182	235.224000
97583.257327	233.968000
97687.196159	230.037000
97724.202878	228.921000
97834.686426	224.914000
97871.031876	223.869000
97999.161670	219.529000
98031.941988	218.704000
98183.563872	214.047000
98190.891491	213.900000
98421.648475	209.540000
98479.515237	208.688000
98955.012840	203.901000
99515.140475	209.540000
99811.266156	213.900000
99819.046266	214.047000
100051.187227	218.704000
100078.047449	219.529000
100250.491787	223.869000
100281.343316	224.914000
100420.708118	228.921000
100451.479178	230.037000
100581.831700	233.968000
100615.041360	235.224000
100718.908207	238.619000
100770.073555	240.610000
100874.786956	244.176000
100918.902314	245.758000
101006.813136	249.006000
101057.595009	250.909000
101144.524606	253.907000
101204.754772	256.228000
101292.953209	259.101000
101344.535256	261.292000
101417.836422	263.996000
101476.878960	266.612000
101532.099331	268.793000
101592.381322	271.601000
101650.867589	274.037000
101707.964379	276.755000
101756.369315	278.949000
101817.507555	282.056000
101851.718415	283.681000
101918.302159	287.172000
101953.501438	288.916000
102011.492199	292.052000
102047.749314	293.920000
102119.105727	297.810000
102135.493281	298.680000
102204.286098	302.446000
102230.281907	303.864000
102306.192293	307.959000
102327.252749	309.113000
102399.480308	312.979000
102418.722015	314.026000
102497.166878	318.264000
102513.976403	319.214000
102588.351277	323.373000
102605.308247	324.327000
102681.711370	328.662000
102701.483609	329.779000
102769.739847	333.681000
102782.543580	334.400000
102862.427993	338.969000
102878.944736	339.886000
102952.039959	344.079000
102967.590876	344.932000
103039.700011	349.213000
103052.377259	349.919000
103125.611960	354.326000
103139.101815	355.093000
103211.069114	359.503000
103222.223925	360.144000
103294.103199	364.580000
103303.277637	365.127000
103375.888137	369.562000
103386.977342	370.228000
103461.786574	374.776000
103470.111906	375.273000
103547.983786	379.967000
103549.913738	380.081000
103632.061507	384.951000
103643.183308	385.599000
103719.815894	390.076000
103722.248242	390.217000
103803.386646	394.906000
103810.959246	395.342000
103899.488302	400.437000
103899.682619	400.448000
103981.296200	405.127000
103984.762676	405.327000
104073.712277	410.396000
104074.854113	410.461000
104156.673363	415.167000
104161.653845	415.453000
104249.627926	420.465000
104252.058986	420.606000
104332.503837	425.214000
104337.828643	425.527000
104420.033969	430.208000
104431.103892	430.860000
104511.531351	435.436000
104514.350232	435.603000
104596.211767	440.307000
104603.375712	440.736000
104677.598906	445.054000
104690.729849	445.844000
104769.383516	450.473000
104777.400414	450.952000
104847.300782	455.120000
104858.207293	455.775000
104931.846273	460.219000
104943.813629	460.935000
105017.914897	465.384000
105026.057745	465.863000
105099.158497	470.271000
105112.261270	471.035000
105176.252574	474.886000
105192.011881	475.799000
105272.415943	480.636000
105278.980366	481.018000
105346.018473	485.093000
105359.520875	485.881000
105427.110880	490.016000
105440.906389	490.828000
105518.217510	495.543000
105524.321786	495.899000
105596.031969	500.264000
105605.481703	500.816000
105673.588325	504.993000
105689.049101	505.892000
105766.336079	510.628000
105771.129190	510.905000
105838.755525	515.009000
105854.963405	515.951000
105926.408046	520.310000
105942.759875	521.262000
106010.415769	525.407000
106024.053943	526.200000
106089.012064	530.132000
106114.505345	531.621000
106178.937723	535.482000
106198.916875	536.643000
106259.976870	540.271000
106287.324026	541.860000
106343.746142	545.240000
106377.882490	547.207000
106431.165451	550.396000
106471.484823	552.740000
106514.132656	555.319000
106546.108238	557.222000
106600.740810	560.510000
106648.917004	563.398000
106679.791618	565.259000
106725.121450	567.944000
106766.576490	570.435000
106821.506899	573.708000
106852.321283	575.583000
106899.139822	578.414000
106926.032548	580.041000
106991.483748	584.004000
107014.490024	585.387000
107076.466370	589.133000
107096.343565	590.322000
107156.865876	593.970000
107173.601651	594.976000
107251.739354	599.676000
107260.723290	600.215000
107329.858012	604.365000
107345.088721	605.275000
107419.452585	609.742000
107422.897771	609.946000
107506.824721	614.938000
107508.693933	615.047000
107595.458766	620.125000
107595.998905	620.156000
107674.019268	624.711000
107683.131620	625.251000
107760.469939	629.762000
107772.881165	630.487000
107851.645942	635.066000
107864.782339	635.831000
107926.341521	639.443000
107945.569386	640.576000
108016.930696	644.808000
108034.851392	645.863000
108099.906040	649.733000
108126.465866	651.291000
108180.729645	654.497000
108205.188787	655.922000
108273.731611	659.955000
108294.877572	661.171000
108362.359733	665.158000
108383.435246	666.365000
108449.893861	670.252000
108467.596925	671.262000
108536.682064	675.264000
108553.617111	676.219000
108631.537828	680.725000
108644.626220	681.456000
108718.074826	685.713000
108733.690867	686.579000
108809.661297	690.946000
108816.482079	691.321000
108898.543833	695.965000
108908.141695	696.486000
108998.265306	701.538000
109000.845976	701.679000
109080.395180	706.200000
109086.080746	706.510000
109177.116384	711.622000
109180.303145	711.800000
109269.266885	716.654000
109270.304137	716.712000
109358.168252	721.468000
109368.161614	722.031000
109457.346904	726.860000
109459.048953	726.956000
109543.926357	731.529000
109563.013349	732.597000
109634.707697	736.508000
109647.833183	737.234000
109733.165424	741.883000
109747.901789	742.696000
109815.195906	746.330000
109843.184231	747.857000
109916.772117	751.774000
109937.123360	752.874000
110007.435601	756.568000
110038.704564	758.249000
110100.178470	761.437000
110130.383954	763.056000
110201.316686	766.695000
110236.951270	768.581000
110294.456935	771.533000
110333.872599	773.590000
110393.295528	776.646000
110431.421609	778.612000
110484.625035	781.338000
110535.341240	783.938000
110589.132766	786.666000
110638.033886	789.177000
110687.763626	791.687000
110732.132862	793.950000
110779.040342	796.300000
110842.657695	799.545000
110885.695618	801.682000
110938.690284	804.383000
110985.225700	806.688000
111047.630080	809.887000
111081.864676	811.571000
111135.165625	814.309000
111177.875072	816.435000
111257.565474	820.512000
111290.423629	822.142000
111342.456906	824.789000
111377.143910	826.486000
111452.640331	830.260000
111480.754070	831.612000
111563.322640	835.709000
111597.594317	837.345000
111660.252160	840.422000
111681.888790	841.453000
111769.320076	845.705000
111796.979842	847.005000
111886.202701	851.273000
111904.833753	852.137000
111978.160362	855.657000
112004.985895	856.878000
112101.072075	861.510000
112110.857000	861.959000
112204.479500	866.446000
112225.899655	867.425000
112311.883110	871.471000
112324.061470	872.022000
112425.760308	876.717000
112433.150884	877.046000
112545.090455	882.148000
112554.221699	882.547000
112645.743847	886.678000
112660.501967	887.323000
112766.004662	892.037000
112768.376080	892.142000
112883.677272	897.169000
112888.834111	897.393000
112997.293421	902.187000
113001.295343	902.359000
113111.384805	907.125000
113116.371723	907.335000
113231.621207	912.205000
113235.370357	912.361000
113354.016254	917.323000
113357.578329	917.470000
113472.393613	922.229000
113476.792881	922.408000
113594.308853	927.215000
113603.803791	927.604000
113716.308238	932.097000
113729.364134	932.622000
113849.790609	937.407000
113852.536223	937.516000
113970.446007	942.196000
113982.276131	942.662000
114094.701459	947.085000
114110.493136	947.704000
114225.783112	952.164000
114244.417304	952.884000
114361.092067	957.385000
114362.351638	957.434000
114477.924649	961.932000
114504.991089	962.959000
114623.073967	967.435000
114636.118764	967.924000
114750.409060	972.128000
114759.131819	972.451000
114884.390210	977.004000
114913.399387	978.083000
115028.746238	982.195000
115044.421562	982.771000
115154.711508	986.758000
115187.203108	987.924000
115274.935665	991.076000
115324.024967	992.804000
115388.593814	995.084000
115468.587277	997.855000
115478.797680	998.206000
115554.908255	1000.847000
115573.663975	1001.484000
115594.423112	1002.187000
115594.748819	1002.198000
115596.054873	1002.242000
115598.994194	1002.341000
115600.272356	1002.384000
115601.430943	1002.423000
115602.204316	1002.449000
115603.245469	1002.484000
115608.066092	1002.646000
115608.691885	1002.667000
115610.993898	1002.746000
115614.334006	1002.858000
115616.303859	1002.924000
115617.109807	1002.951000
115655.502261	1004.241000
115716.118441	1006.265000
115774.371867	1008.185000
115778.263524	1008.312000
115862.139924	1011.069000
115915.768941	1012.790000
115943.791040	1013.694000
116031.797884	1016.486000
116088.411021	1018.260000
116114.574997	1019.081000
116212.591070	1022.122000
116241.541319	1023.017000
116307.518508	1025.063000
116405.084114	1028.037000
116420.858782	1028.514000
116578.688872	1033.223000
116581.970875	1033.317000
116736.642416	1037.998000
116749.644989	1038.358000
116909.777229	1042.983000
116926.950441	1043.457000
117096.737715	1047.998000
117124.011725	1048.705000
117300.646666	1053.322000
117310.187209	1053.565000
117491.005383	1058.135000
117495.736475	1058.251000
117716.699599	1063.635000
117719.879902	1063.709000
117925.789809	1068.466000
117939.445706	1068.775000
118146.119346	1073.364000
118168.776525	1073.837000
118396.373077	1078.574000
118406.910381	1078.790000
118667.667705	1083.945000
118696.113343	1084.508000
118899.530947	1088.725000
118907.214473	1088.878000
119168.269411	1093.785000
119198.568108	1094.324000
119462.218337	1099.230000
119488.430649	1099.661000
119757.739246	1103.978000
119793.356811	1104.507000
120106.223401	1109.196000
120143.873633	1109.708000
120510.049946	1114.501000
120563.398476	1115.229000
120864.478442	1119.011000
120943.106083	1119.935000
121364.904397	1124.719000
121446.398022	1125.319000
121970.231571	1129.518000
122568.916305	1124.719000
123218.692143	1119.935000
123300.159877	1119.011000
123621.988598	1115.229000
123679.943705	1114.501000
124031.179287	1109.708000
124070.295138	1109.196000
124415.103612	1104.507000
124450.400354	1103.978000
124741.063931	1099.661000
124767.951123	1099.230000
125066.321438	1094.324000
125095.287494	1093.785000
125371.123681	1088.878000
125379.263360	1088.725000
125591.037431	1084.508000
125618.195152	1083.945000
125878.652108	1078.790000
125889.578118	1078.574000
126120.667046	1073.837000
126143.393069	1073.364000
126363.210822	1068.775000
126377.127177	1068.466000
126587.357270	1063.709000
126590.560410	1063.635000
126821.948875	1058.251000
126826.709596	1058.135000
127013.098323	1053.565000
127022.712944	1053.322000
127203.983262	1048.705000
127231.031324	1047.998000
127406.209934	1043.457000
127423.932720	1042.983000
127591.498344	1038.358000
127603.962691	1037.998000
127773.032261	1033.317000
127776.138248	1033.223000
127940.552638	1028.514000
127956.540099	1028.037000
128054.892010	1025.063000
128122.013473	1023.017000
128150.874463	1022.122000
128249.240616	1019.081000
128275.702699	1018.260000
128332.237283	1016.486000
128421.337554	1013.694000
128449.832607	1012.790000
128503.179987	1011.069000
128589.092364	1008.312000
128592.956094	1008.185000
128651.790602	1006.265000
128713.199422	1004.241000
128751.833252	1002.951000
128752.636815	1002.924000
128754.606910	1002.858000
128757.949692	1002.746000
128760.305661	1002.667000
128760.917588	1002.646000
128765.745130	1002.484000
128766.786623	1002.449000
128767.560051	1002.423000
128768.720110	1002.384000
128769.997526	1002.341000
128772.940272	1002.242000
128774.246637	1002.198000
128774.573151	1002.187000
128795.388785	1001.484000
128814.198984	1000.847000
128891.960142	998.206000
128902.075558	997.855000
128982.682471	995.084000
129048.501705	992.804000
129097.438094	991.076000
129186.980618	987.924000
129219.434984	986.758000
129330.536192	982.771000
129346.469728	982.195000
129458.374120	978.083000
129488.641448	977.004000
129611.049960	972.451000
129619.936071	972.128000
129733.466961	967.924000
129746.760956	967.435000
129866.164865	962.959000
129893.258501	961.932000
130011.802654	957.434000
130013.061675	957.385000
130128.762308	952.884000
130147.426123	952.164000
130262.854585	947.704000
130278.855593	947.085000
130391.693379	942.662000
130403.538327	942.196000
130522.347304	937.516000
130525.093493	937.407000
130645.623434	932.622000
130658.836371	932.097000
130770.569973	927.604000
130780.310509	927.215000
130897.642558	922.408000
130902.018543	922.229000
131018.980092	917.470000
131022.526603	917.323000
131142.764816	912.361000
131146.494917	912.205000
131263.535716	907.335000
131268.505406	907.125000
131381.684694	902.359000
131385.657709	902.187000
131497.199661	897.393000
131502.267431	897.169000
131617.997014	892.142000
131620.405334	892.037000
131726.870730	887.323000
131741.306292	886.678000
131835.826903	882.547000
131844.666732	882.148000
131961.427654	877.046000
131968.646023	876.717000
132074.113363	872.022000
132086.048626	871.471000
132175.474481	867.425000
132196.279672	866.446000
132294.453558	861.959000
132303.822067	861.510000
132404.765883	856.878000
132430.094299	855.657000
132507.429170	852.137000
132525.427519	851.273000
132617.461465	847.005000
132644.638063	845.705000
132735.106772	841.453000
132756.306598	840.422000
132820.880709	837.345000
132854.195051	835.709000
132940.020884	831.612000
132967.268311	830.260000
133045.745567	826.486000
133079.692951	824.789000
133133.798136	822.142000
133165.839784	820.512000
133248.025488	816.435000
133289.580993	814.309000
133344.584975	811.571000
133377.367590	809.887000
133442.401124	806.688000
133487.365830	804.383000
133541.896051	801.682000
133583.824819	799.545000
133649.177210	796.300000
133695.248328	793.950000
133740.419233	791.687000
133789.631245	789.177000
133839.380798	786.666000
133892.507940	783.938000
133943.775524	781.338000
133996.949515	778.612000
134035.319997	776.646000
134094.584139	773.590000
134134.581837	771.533000
134191.147243	768.581000
134227.886974	766.695000
134296.643203	763.056000
134328.201349	761.437000
134387.679474	758.249000
134420.094040	756.568000
134488.807632	752.874000
134509.745224	751.774000
134582.214148	747.857000
134610.901588	746.330000
134677.509036	742.696000
134692.564104	741.883000
134776.831464	737.234000
134790.157170	736.508000
134860.864852	732.597000
134880.442853	731.529000
134962.170208	726.956000
134963.952021	726.860000
135049.568622	722.031000
135059.966493	721.468000
135144.386440	716.712000
135145.457954	716.654000
135232.265213	711.800000
135235.527583	711.622000
135327.048490	706.510000
135332.569039	706.200000
135415.486592	701.679000
135417.967556	701.538000
135510.432446	696.486000
135519.726667	695.965000
135605.278430	691.321000
135611.904863	690.946000
135691.335152	686.579000
135706.400504	685.713000
135783.164341	681.456000
135795.776728	680.725000
135876.455655	676.219000
135892.970144	675.264000
135963.937745	671.262000
135981.373025	670.252000
136049.503530	666.365000
136070.140409	665.158000
136139.757700	661.171000
136160.339166	659.955000
136230.472113	655.922000
136254.690691	654.497000
136309.719470	651.291000
136336.089703	649.733000
136402.063082	645.863000
136419.797618	644.808000
136491.684240	640.576000
136510.789241	639.443000
136572.087609	635.831000
136585.125475	635.066000
136663.754970	630.487000
136676.225916	629.762000
136753.449415	625.251000
136762.707383	624.711000
136839.571758	620.156000
136840.102742	620.125000
136928.580994	615.047000
136930.443413	614.938000
137016.049921	609.946000
137019.479628	609.742000
137094.919065	605.275000
137110.068185	604.365000
137179.526914	600.215000
137188.506098	599.676000
137266.844692	594.976000
137283.569486	593.970000
137344.257465	590.322000
137363.983624	589.133000
137426.607653	585.387000
137449.488936	584.004000
137515.413645	580.041000
137542.284476	578.414000
137589.078150	575.583000
137620.086543	573.708000
137673.876131	570.435000
137715.682318	567.944000
137760.365892	565.259000
137791.784446	563.398000
137839.697333	560.510000
137894.546131	557.222000
137926.165895	555.319000
137969.500117	552.740000
138008.261855	550.396000
138063.116154	547.207000
138095.981498	545.240000
138154.639788	541.860000
138181.164860	540.271000
138243.603803	536.643000
138263.143675	535.482000
138329.585972	531.621000
138354.434408	530.132000
138421.754477	526.200000
138434.855135	525.407000
138506.141682	521.262000
138521.680502	520.310000
138596.551952	515.951000
138611.991468	515.009000
138682.604144	510.905000
138687.168591	510.628000
138769.118681	505.892000
138783.789499	504.993000
138855.624497	500.816000
138864.624941	500.264000
138939.349741	495.899000
138945.198269	495.543000
139026.045624	490.828000
139039.359862	490.016000
139109.611620	485.881000
139122.492134	485.093000
139192.317375	481.018000
139198.601683	480.636000
139281.722395	475.799000
139296.898932	474.886000
139363.371101	471.035000
139376.066338	470.271000
139451.664535	465.863000
139459.608106	465.384000
139535.239699	460.935000
139547.165189	460.219000
139621.443024	455.775000
139632.296654	455.120000
139701.698696	450.952000
139709.731872	450.473000
139787.206242	445.844000
139800.629529	445.054000
139872.400935	440.736000
139879.775125	440.307000
139958.328029	435.603000
139961.234253	435.436000
140038.474948	430.860000
140049.934455	430.208000
140129.410389	425.527000
140134.907134	425.214000
140213.299172	420.606000
140215.760700	420.465000
140302.175383	415.453000
140307.195452	415.167000
140389.147021	410.461000
140390.277121	410.396000
140479.322759	405.327000
140482.832311	405.127000
140563.930514	400.448000
140564.122381	400.437000
140654.126630	395.342000
140661.702424	394.906000
140743.142612	390.217000
140745.582474	390.076000
140822.813823	385.599000
140833.905606	384.951000
140917.490748	380.081000
140919.413714	379.967000
140998.880331	375.273000
141007.125394	374.776000
141083.309722	370.228000
141094.264636	369.562000
141168.109419	365.127000
141177.064987	364.580000
141251.466823	360.144000
141261.853346	359.503000
141338.597049	355.093000
141351.113811	354.326000
141428.623314	349.919000
141440.355490	349.213000
141517.227017	344.932000
141531.594944	344.079000
141608.036906	339.886000
141624.022673	338.969000
141706.318202	334.400000
141718.889201	333.681000
141788.374826	329.779000
141807.914093	328.662000
141884.648788	324.327000
141901.462762	323.373000
141975.387334	319.214000
141992.376064	318.264000
142067.364242	314.026000
142086.744084	312.979000
142157.793216	309.113000
142179.353124	307.959000
142254.086716	303.864000
142280.372657	302.446000
142349.413713	298.680000
142365.305840	297.810000
142438.578929	293.920000
142472.844682	292.052000
142533.713158	288.916000
142565.963122	287.172000
142636.422229	283.681000
142667.415808	282.056000
142732.826974	278.949000
142775.999583	276.755000
142835.965223	274.037000
142887.138064	271.601000
142954.555732	268.793000
143001.377321	266.612000
143067.611383	263.996000
143128.640061	261.292000
143188.034609	259.101000
143255.672774	256.228000
143326.925323	253.907000
143404.723701	250.909000
143459.902829	249.006000
143546.576252	245.758000
143589.394885	244.176000
143688.835698	240.610000
143747.300191	238.619000
143834.545975	235.224000
143872.972119	233.968000
143976.910952	230.037000
144013.917671	228.921000
144124.401219	224.914000
144160.746669	223.869000
144288.876463	219.529000
144321.656781	218.704000
144473.278665	214.047000
144480.606284	213.900000
144711.363268	209.540000
144769.230030	208.688000
145244.727633	203.901000
145804.855268	209.540000
146100.980949	213.900000
146108.761059	214.047000
146340.902020	218.704000
146367.762242	219.529000
146540.206580	223.869000
146571.058109	224.914000
146710.422911	228.921000
146741.193971	230.037000
146871.546493	233.968000
146904.756153	235.224000
147008.623000	238.619000
147059.788348	240.610000
147164.501749	244.176000
147208.617107	245.758000
147296.527929	249.006000
147347.309802	250.909000
147434.239399	253.907000
147494.469565	256.228000
147582.668002	259.101000
147634.250049	261.292000
147707.551215	263.996000
147766.593753	266.612000
147821.814124	268.793000
147882.096115	271.601000
147940.582382	274.037000
147997.679172	276.755000
148046.084108	278.949000
148107.222348	282.056000
148141.433208	283.681000
148208.016952	287.172000
148243.216231	288.916000
148301.206992	292.052000
148337.464107	293.920000
148408.820520	297.810000
148425.208074	298.680000
148494.000891	302.446000
148519.996700	303.864000
148595.907086	307.959000
148616.967542	309.113000
148689.195101	312.979000
148708.436808	314.026000
148786.881671	318.264000
148803.691196	319.214000
148878.066070	323.373000
148895.023040	324.327000
148971.426163	328.662000
148991.198402	329.779000
149059.454640	333.681000
149072.258373	334.400000
149152.142786	338.969000
149168.659529	339.886000
149241.754752	344.079000
149257.305669	344.932000
149329.414804	349.213000
149342.092052	349.919000
149415.326753	354.326000
149428.816608	355.093000
149500.783907	359.503000
149511.938718	360.144000
149583.817992	364.580000
149592.992430	365.127000
149665.602930	369.562000
149676.692135	370.228000
149751.501367	374.776000
149759.826699	375.273000
149837.698579	379.967000
149839.628531	380.081000
149921.776300	384.951000
149932.898101	385.599000
150009.530687	390.076000
150011.963035	390.217000
150093.101439	394.906000
150100.674039	395.342000
150189.203095	400.437000
150189.397412	400.448000
150271.010993	405.127000
150274.477469	405.327000
150363.427070	410.396000
150364.568906	410.461000
150446.388156	415.167000
150451.368638	415.453000
150539.342719	420.465000
150541.773779	420.606000
150622.218630	425.214000
150627.543436	425.527000
150709.748762	430.208000
150720.818685	430.860000
150801.246144	435.436000
150804.065025	435.603000
150885.926560	440.307000
150893.090505	440.736000
150967.313699	445.054000
150980.444642	445.844000
151059.098309	450.473000
151067.115207	450.952000
151137.015575	455.120000
151147.922086	455.775000
151221.561066	460.219000
151233.528422	460.935000
151307.629690	465.384000
151315.772538	465.863000
151388.873290	470.271000
151401.976063	471.035000
151465.967367	474.886000
151481.726674	475.799000
151562.130736	480.636000
151568.695159	481.018000
151635.733266	485.093000
151649.235668	485.881000
151716.825673	490.016000
151730.621182	490.828000
151807.932303	495.543000
151814.036579	495.899000
151885.746762	500.264000
151895.196496	500.816000
151963.303118	504.993000
151978.763894	505.892000
152056.050872	510.628000
152060.843983	510.905000
152128.470318	515.009000
152144.678198	515.951000
152216.122839	520.310000
152232.474668	521.262000
152300.130562	525.407000
152313.768736	526.200000
152378.726857	530.132000
152404.220138	531.621000
152468.652516	535.482000
152488.631668	536.643000
152549.691663	540.271000
152577.038819	541.860000
152633.460935	545.240000
152667.597283	547.207000
152720.880244	550.396000
152761.199616	552.740000
152803.847449	555.319000
152835.823031	557.222000
152890.455603	560.510000
152938.631797	563.398000
152969.506411	565.259000
153014.836243	567.944000
153056.291283	570.435000
153111.221692	573.708000
153142.036076	575.583000
153188.854615	578.414000
153215.747341	580.041000
153281.198541	584.004000
153304.204817	585.387000
153366.181163	589.133000
153386.058358	590.322000
153446.580669	593.970000
153463.316444	594.976000
153541.454147	599.676000
153550.438083	600.215000
153619.572805	604.365000
153634.803514	605.275000
153709.167378	609.742000
153712.612564	609.946000
153796.539514	614.938000
153798.408726	615.047000
153885.173559	620.125000
153885.713698	620.156000
153963.734061	624.711000
153972.846413	625.251000
154050.184732	629.762000
154062.595958	630.487000
154141.360735	635.066000
154154.497132	635.831000
154216.056314	639.443000
154235.284179	640.576000
154306.645489	644.808000
154324.566185	645.863000
154389.620833	649.733000
154416.180659	651.291000
154470.444438	654.497000
154494.903580	655.922000
154563.446404	659.955000
154584.592365	661.171000
154652.074526	665.158000
154673.150039	666.365000
154739.608654	670.252000
154757.311718	671.262000
154826.396857	675.264000
154843.331904	676.219000
154921.252621	680.725000
154934.341013	681.456000
155007.789619	685.713000
155023.405660	686.579000
155099.376090	690.946000
155106.196872	691.321000
155188.258626	695.965000
155197.856488	696.486000
155287.980099	701.538000
155290.560769	701.679000
155370.109973	706.200000
155375.795539	706.510000
155466.831177	711.622000
155470.017938	711.800000
155558.981678	716.654000
155560.018930	716.712000
155647.883045	721.468000
155657.876407	722.031000
155747.061697	726.860000
155748.763746	726.956000
155833.641150	731.529000
155852.728142	732.597000
155924.422490	736.508000
155937.547976	737.234000
156022.880217	741.883000
156037.616582	742.696000
156104.910699	746.330000
156132.899024	747.857000
156206.486910	751.774000
156226.838153	752.874000
156297.150394	756.568000
156328.419357	758.249000
156389.893263	761.437000
156420.098747	763.056000
156491.031479	766.695000
156526.666063	768.581000
156584.171728	771.533000
156623.587392	773.590000
156683.010321	776.646000
156721.136402	778.612000
156774.339828	781.338000
156825.056033	783.938000
156878.847559	786.666000
156927.748679	789.177000
156977.478419	791.687000
157021.847655	793.950000
157068.755135	796.300000
157132.372488	799.545000
157175.410411	801.682000
157228.405077	804.383000
157274.940493	806.688000
157337.344873	809.887000
157371.579469	811.571000
157424.880418	814.309000
157467.589865	816.435000
157547.280267	820.512000
157580.138422	822.142000
157632.171699	824.789000
157666.858703	826.486000
157742.355124	830.260000
157770.468863	831.612000
157853.037433	835.709000
157887.309110	837.345000
157949.966953	840.422000
157971.603583	841.453000
158059.034869	845.705000
158086.694635	847.005000
158175.917494	851.273000
158194.548546	852.137000
158267.875155	855.657000
158294.700688	856.878000
158390.786868	861.510000
158400.571793	861.959000
158494.194293	866.446000
158515.614448	867.425000
158601.597903	871.471000
158613.776263	872.022000
158715.475101	876.717000
158722.865677	877.046000
158834.805248	882.148000
158843.936492	882.547000
158935.458640	886.678000
158950.216760	887.323000
159055.719455	892.037000
159058.090873	892.142000
159173.392065	897.169000
159178.548904	897.393000
159287.008214	902.187000
159291.010136	902.359000
159401.099598	907.125000
159406.086516	907.335000
159521.336000	912.205000
159525.085150	912.361000
159643.731047	917.323000
159647.293122	917.470000
159762.108406	922.229000
159766.507674	922.408000
159884.023646	927.215000
159893.518584	927.604000
160006.023031	932.097000
160019.078927	932.622000
160139.505402	937.407000
160142.251016	937.516000
160260.160800	942.196000
160271.990924	942.662000
160384.416252	947.085000
160400.207929	947.704000
160515.497905	952.164000
160534.132097	952.884000
160650.806860	957.385000
160652.066431	957.434000
160767.639442	961.932000
160794.705882	962.959000
160912.788760	967.435000
160925.833557	967.924000
161040.123853	972.128000
161048.846612	972.451000
161174.105003	977.004000
161203.114180	978.083000
161318.461031	982.195000
161334.136355	982.771000
161444.426301	986.758000
161476.917901	987.924000
161564.650458	991.076000
161613.739760	992.804000
161678.308607	995.084000
161758.302070	997.855000
161768.512473	998.206000
161844.623048	1000.847000
161863.378768	1001.484000
161884.137905	1002.187000
161884.463612	1002.198000
161885.769666	1002.242000
161888.708987	1002.341000
161889.987149	1002.384000
161891.145736	1002.423000
161891.919109	1002.449000
161892.960262	1002.484000
161897.780885	1002.646000
161898.406678	1002.667000
161900.708691	1002.746000
161904.048799	1002.858000
161906.018652	1002.924000
161906.824600	1002.951000
161945.217054	1004.241000
162005.833234	1006.265000
162064.086660	1008.185000
162067.978317	1008.312000
162151.854717	1011.069000
162205.483734	1012.790000
162233.505833	1013.694000
162321.512677	1016.486000
162378.125814	1018.260000
162404.289790	1019.081000
162502.305863	1022.122000
162531.256112	1023.017000
162597.233301	1025.063000
162694.798907	1028.037000
162710.573575	1028.514000
162868.403665	1033.223000
162871.685668	1033.317000
163026.357209	1037.998000
163039.359782	1038.358000
163199.492022	1042.983000
163216.665234	1043.457000
163386.452508	1047.998000
163413.726518	1048.705000
163590.361459	1053.322000
163599.902002	1053.565000
163780.720176	1058.135000
163785.451268	1058.251000
164006.414392	1063.635000
164009.594695	1063.709000
164215.504602	1068.466000
164229.160499	1068.775000
164435.834139	1073.364000
164458.491318	1073.837000
164686.087870	1078.574000
164696.625174	1078.790000
164957.382498	1083.945000
164985.828136	1084.508000
165189.245740	1088.725000
165196.929266	1088.878000
165457.984204	1093.785000
165488.282901	1094.324000
165751.933130	1099.230000
165778.145442	1099.661000
166047.454039	1103.978000
166083.071604	1104.507000
166395.938194	1109.196000
166433.588426	1109.708000
166799.764739	1114.501000
166853.113269	1115.229000
167154.193235	1119.011000
167232.820876	1119.935000
167654.619190	1124.719000
167736.112815	1125.319000
168259.946364	1129.518000
168858.631098	1124.719000
169508.406936	1119.935000
169589.874670	1119.011000
169911.703391	1115.229000
169969.658498	1114.501000
170320.894080	1109.708000
170360.009931	1109.196000
170704.818405	1104.507000
170740.115147	1103.978000
171030.778724	1099.661000
171057.665916	1099.230000
171356.036231	1094.324000
171385.002287	1093.785000
171660.838474	1088.878000
171668.978153	1088.725000
171880.752224	1084.508000
171907.909945	1083.945000
172168.366901	1078.790000
172179.292911	1078.574000
172410.381839	1073.837000
172433.107862	1073.364000
172652.925615	1068.775000
172666.841970	1068.466000
172877.072063	1063.709000
172880.275203	1063.635000
173111.663668	1058.251000
173116.424389	1058.135000
173302.813116	1053.565000
173312.427737	1053.322000
173493.698055	1048.705000
173520.746117	1047.998000
173695.924727	1043.457000
173713.647513	1042.983000
173881.213137	1038.358000
173893.677484	1037.998000
174062.747054	1033.317000
174065.853041	1033.223000
174230.267431	1028.514000
174246.254892	1028.037000
174344.606803	1025.063000
174411.728266	1023.017000
174440.589256	1022.122000
174538.955409	1019.081000
174565.417492	1018.260000
174621.952076	1016.486000
174711.052347	1013.694000
174739.547400	1012.790000
174792.894780	1011.069000
174878.807157	1008.312000
174882.670887	1008.185000
174941.505395	1006.265000
175002.914215	1004.241000
175041.548045	1002.951000
175042.351608	1002.924000
175044.321703	1002.858000
175047.664485	1002.746000
175050.020454	1002.667000
175050.632381	1002.646000
175055.459923	1002.484000
175056.501416	1002.449000
175057.274844	1002.423000
175058.434903	1002.384000
175059.712319	1002.341000
175062.655065	1002.242000
175063.961430	1002.198000
175064.287944	1002.187000
175085.103578	1001.484000
175103.913777	1000.847000
175181.674935	998.206000
175191.790351	997.855000
175272.397264	995.084000
175338.216498	992.804000
175387.152887	991.076000
175476.695411	987.924000
175509.149777	986.758000
175620.250985	982.771000
175636.184521	982.195000
175748.088913	978.083000
175778.356241	977.004000
175900.764753	972.451000
175909.650864	972.128000
176023.181754	967.924000
176036.475749	967.435000
176155.879658	962.959000
176182.973294	961.932000
176301.517447	957.434000
176302.776468	957.385000
176418.477101	952.884000
176437.140916	952.164000
176552.569378	947.704000
176568.570386	947.085000
176681.408172	942.662000
176693.253120	942.196000
176812.062097	937.516000
176814.808286	937.407000
176935.338227	932.622000
176948.551164	932.097000
177060.284766	927.604000
177070.025302	927.215000
177187.357351	922.408000
177191.733336	922.229000
177308.694885	917.470000
177312.241396	917.323000
177432.479609	912.361000
177436.209710	912.205000
177553.250509	907.335000
177558.220199	907.125000
177671.399487	902.359000
177675.372502	902.187000
177786.914454	897.393000
177791.982224	897.169000
177907.711807	892.142000
177910.120127	892.037000
178016.585523	887.323000
178031.021085	886.678000
178125.541696	882.547000
178134.381525	882.148000
178251.142447	877.046000
178258.360816	876.717000
178363.828156	872.022000
178375.763419	871.471000
178465.189274	867.425000
178485.994465	866.446000
178584.168351	861.959000
178593.536860	861.510000
178694.480676	856.878000
178719.809092	855.657000
178797.143963	852.137000
178815.142312	851.273000
178907.176258	847.005000
178934.352856	845.705000
179024.821565	841.453000
179046.021391	840.422000
179110.595502	837.345000
179143.909844	835.709000
179229.735677	831.612000
179256.983104	830.260000
179335.460360	826.486000
179369.407744	824.789000
179423.512929	822.142000
179455.554577	820.512000
179537.740281	816.435000
179579.295786	814.309000
179634.299768	811.571000
179667.082383	809.887000
179732.115917	806.688000
179777.080623	804.383000
179831.610844	801.682000
179873.539612	799.545000
179938.892003	796.300000
179984.963121	793.950000
180030.134026	791.687000
180079.346038	789.177000
180129.095591	786.666000
180182.222733	783.938000
180233.490317	781.338000
180286.664308	778.612000
180325.034790	776.646000
180384.298932	773.590000
180424.296630	771.533000
180480.862036	768.581000
180517.601767	766.695000
180586.357996	763.056000
180617.916142	761.437000
180677.394267	758.249000
180709.808833	756.568000
180778.522425	752.874000
180799.460017	751.774000
180871.928941	747.857000
180900.616381	746.330000
180967.223829	742.696000
180982.278897	741.883000
181066.546257	737.234000
181079.871963	736.508000
181150.579645	732.597000
181170.157646	731.529000
181251.885001	726.956000
181253.666814	726.860000
181339.283415	722.031000
181349.681286	721.468000
181434.101233	716.712000
181435.172747	716.654000
181521.980006	711.800000
181525.242376	711.622000
181616.763283	706.510000
181622.283832	706.200000
181705.201385	701.679000
181707.682349	701.538000
181800.147239	696.486000
181809.441460	695.965000
181894.993223	691.321000
181901.619656	690.946000
181981.049945	686.579000
181996.115297	685.713000
182072.879134	681.456000
182085.491521	680.725000
182166.170448	676.219000
182182.684937	675.264000
182253.652538	671.262000
182271.087818	670.252000
182339.218323	666.365000
182359.855202	665.158000
182429.472493	661.171000
182450.053959	659.955000
182520.186906	655.922000
182544.405484	654.497000
182599.434263	651.291000
182625.804496	649.733000
182691.777875	645.863000
182709.512411	644.808000
182781.399033	640.576000
182800.504034	639.443000
182861.802402	635.831000
182874.840268	635.066000
182953.469763	630.487000
182965.940709	629.762000
183043.164208	625.251000
183052.422176	624.711000
183129.286551	620.156000
183129.817535	620.125000
183218.295787	615.047000
183220.158206	614.938000
183305.764714	609.946000
183309.194421	609.742000
183384.633858	605.275000
183399.782978	604.365000
183469.241707	600.215000
183478.220891	599.676000
183556.559485	594.976000
183573.284279	593.970000
183633.972258	590.322000
183653.698417	589.133000
183716.322446	585.387000
183739.203729	584.004000
183805.128438	580.041000
183831.999269	578.414000
183878.792943	575.583000
183909.801336	573.708000
183963.590924	570.435000
184005.397111	567.944000
184050.080685	565.259000
184081.499239	563.398000
184129.412126	560.510000
184184.260924	557.222000
184215.880688	555.319000
184259.214910	552.740000
184297.976648	550.396000
184352.830947	547.207000
184385.696291	545.240000
184444.354581	541.860000
184470.879653	540.271000
184533.318596	536.643000
184552.858468	535.482000
184619.300765	531.621000
184644.149201	530.132000
184711.469270	526.200000
184724.569928	525.407000
184795.856475	521.262000
184811.395295	520.310000
184886.266745	515.951000
184901.706261	515.009000
184972.318936	510.905000
184976.883384	510.628000
185058.833474	505.892000
185073.504292	504.993000
185145.339290	500.816000
185154.339734	500.264000
185229.064534	495.899000
185234.913062	495.543000
185315.760417	490.828000
185329.074655	490.016000
185399.326413	485.881000
185412.206927	485.093000
185482.032168	481.018000
185488.316476	480.636000
185571.437188	475.799000
185586.613725	474.886000
185653.085894	471.035000
185665.781131	470.271000
185741.379328	465.863000
185749.322899	465.384000
185824.954492	460.935000
185836.879982	460.219000
185911.157817	455.775000
185922.011447	455.120000
185991.413489	450.952000
185999.446665	450.473000
186076.921035	445.844000
186090.344322	445.054000
186162.115728	440.736000
186169.489918	440.307000
186248.042822	435.603000
186250.949046	435.436000
186328.189741	430.860000
186339.649248	430.208000
186419.125182	425.527000
186424.621927	425.214000
186503.013965	420.606000
186505.475493	420.465000
186591.890176	415.453000
186596.910245	415.167000
186678.861814	410.461000
186679.991914	410.396000
186769.037552	405.327000
186772.547104	405.127000
186853.645307	400.448000
186853.837174	400.437000
186943.841423	395.342000
186951.417217	394.906000
187032.857405	390.217000
187035.297267	390.076000
187112.528616	385.599000
187123.620399	384.951000
187207.205541	380.081000
187209.128507	379.967000
187288.595124	375.273000
187296.840187	374.776000
187373.024515	370.228000
187383.979429	369.562000
187457.824212	365.127000
187466.779780	364.580000
187541.181616	360.144000
187551.568139	359.503000
187628.311842	355.093000
187640.828604	354.326000
187718.338107	349.919000
187730.070283	349.213000
187806.941810	344.932000
187821.309737	344.079000
187897.751699	339.886000
187913.737466	338.969000
187996.032995	334.400000
188008.603994	333.681000
188078.089619	329.779000
188097.628886	328.662000
188174.363581	324.327000
188191.177555	323.373000
188265.102127	319.214000
188282.090857	318.264000
188357.079035	314.026000
188376.458877	312.979000
188447.508009	309.113000
188469.067917	307.959000
188543.801509	303.864000
188570.087450	302.446000
188639.128506	298.680000
188655.020633	297.810000
188728.293722	293.920000
188762.559475	292.052000
188823.427951	288.916000
188855.677915	287.172000
188926.137022	283.681000
188957.130601	282.056000
189022.541767	278.949000
189065.714376	276.755000
189125.680016	274.037000
189176.852857	271.601000
189244.270525	268.793000
189291.092114	266.612000
189357.326176	263.996000
189418.354854	261.292000
189477.749402	259.101000
189545.387567	256.228000
189616.640116	253.907000
189694.438494	250.909000
189749.617621	249.006000
189836.291045	245.758000
189879.109678	244.176000
189978.550491	240.610000
190037.014984	238.619000
190124.260768	235.224000
190162.686912	233.968000
190266.625745	230.037000
190303.632464	228.921000
190414.116012	224.914000
190450.461462	223.869000
190578.591256	219.529000
190611.371574	218.704000
190762.993458	214.047000
190770.321077	213.900000
191001.078061	209.540000
191058.944823	208.688000
191534.442426	203.901000
192094.570061	209.540000
192390.695742	213.900000
192398.475852	214.047000
192630.616813	218.704000
192657.477035	219.529000
192829.921373	223.869000
192860.772902	224.914000
193000.137704	228.921000
193030.908764	230.037000
193161.261286	233.968000
193194.470946	235.224000
193298.337793	238.619000
193349.503141	240.610000
193454.216542	244.176000
193498.331900	245.758000
193586.242722	249.006000
193637.024595	250.909000
193723.954192	253.907000
193784.184358	256.228000
193872.382795	259.101000
193923.964842	261.292000
193997.266008	263.996000
194056.308546	266.612000
194111.528917	268.793000
194171.810908	271.601000
194230.297175	274.037000
194287.393965	276.755000
194335.798901	278.949000
194396.937141	282.056000
194431.148001	283.681000
194497.731745	287.172000
194532.931024	288.916000
194590.921785	292.052000
194627.178900	293.920000
194698.535313	297.810000
194714.922867	298.680000
194783.715684	302.446000
194809.711493	303.864000
194885.621879	307.959000
194906.682335	309.113000
194978.909894	312.979000
194998.151601	314.026000
195076.596463	318.264000
195093.405989	319.214000
195167.780863	323.373000
195184.737833	324.327000
195261.140956	328.662000
195280.913195	329.779000
195349.169433	333.681000
195361.973166	334.400000
195441.857579	338.969000
195458.374322	339.886000
195531.469545	344.079000
195547.020462	344.932000
195619.129597	349.213000
195631.806845	349.919000
195705.041546	354.326000
195718.531401	355.093000
195790.498700	359.503000
195801.653511	360.144000
195873.532785	364.580000
195882.707223	365.127000
195955.317723	369.562000
195966.406928	370.228000
196041.216160	374.776000
196049.541492	375.273000
196127.413372	379.967000
196129.343324	380.081000
196211.491093	384.951000
196222.612894	385.599000
196299.245480	390.076000
196301.677828	390.217000
196382.816232	394.906000
196390.388832	395.342000
196478.917888	400.437000
196479.112205	400.448000
196560.725786	405.127000
196564.192262	405.327000
196653.141863	410.396000
196654.283699	410.461000
196736.102949	415.167000
196741.083431	415.453000
196829.057512	420.465000
196831.488572	420.606000
196911.933423	425.214000
196917.258229	425.527000
196999.463555	430.208000
197010.533478	430.860000
197090.960937	435.436000
197093.779818	435.603000
197175.641353	440.307000
197182.805298	440.736000
197257.028492	445.054000
197270.159435	445.844000
197348.813102	450.473000
197356.830000	450.952000
197426.730368	455.120000
197437.636879	455.775000
197511.275859	460.219000
197523.243215	460.935000
197597.344483	465.384000
197605.487331	465.863000
197678.588083	470.271000
197691.690856	471.035000
197755.682160	474.886000
197771.441467	475.799000
197851.845529	480.636000
197858.409952	481.018000
197925.448059	485.093000
197938.950461	485.881000
198006.540466	490.016000
198020.335975	490.828000
198097.647096	495.543000
198103.751372	495.899000
198175.461555	500.264000
198184.911289	500.816000
198253.017911	504.993000
198268.478687	505.892000
198345.765665	510.628000
198350.558776	510.905000
198418.185111	515.009000
198434.392991	515.951000
198505.837632	520.310000
198522.189461	521.262000
198589.845355	525.407000
198603.483529	526.200000
198668.441650	530.132000
198693.934931	531.621000
198758.367309	535.482000
198778.346461	536.643000
198839.406456	540.271000
198866.753612	541.860000
198923.175728	545.240000
198957.312076	547.207000
199010.595037	550.396000
199050.914409	552.740000
199093.562242	555.319000
199125.537824	557.222000
199180.170396	560.510000
199228.346590	563.398000
199259.221204	565.259000
199304.551036	567.944000
199346.006076	570.435000
199400.936485	573.708000
199431.750869	575.583000
199478.569408	578.414000
199505.462134	580.041000
199570.913334	584.004000
199593.919610	585.387000
199655.895956	589.133000
199675.773151	590.322000
199736.295462	593.970000
199753.031237	594.976000
199831.168940	599.676000
199840.152876	600.215000
199909.287598	604.365000
199924.518307	605.275000
