0.000000	500.000000
67.042723	495.899000
72.647262	495.543000
149.841580	490.828000
162.602371	490.016000
229.733832	485.881000
242.082040	485.093000
308.756313	481.018000
314.777778	480.636000
394.127436	475.799000
408.656779	474.886000
472.088152	471.035000
484.242368	470.271000
556.423453	465.863000
564.029760	465.384000
636.298370	460.935000
647.713419	460.219000
718.791110	455.775000
729.184609	455.120000
795.617580	450.952000
803.302472	450.473000
877.430572	445.844000
890.257523	445.054000
958.968718	440.736000
966.008175	440.307000
1041.182421	435.603000
1043.953666	435.436000
1117.804917	430.860000
1128.722310	430.208000
1204.672552	425.527000
1209.909660	425.214000
1284.811204	420.606000
1287.157735	420.465000
1369.627622	415.453000
1374.410789	415.167000
1452.551384	410.461000
1453.629089	410.396000
1538.466352	405.327000
1541.810371	405.127000
1619.170153	400.448000
1619.353072	400.437000
1705.059319	395.342000
1712.284266	394.906000
1789.955784	390.217000
1792.283517	390.076000
1865.985813	385.599000
1876.578045	384.951000
1956.379710	380.081000
1958.218399	379.967000
2034.178668	375.273000
2042.073429	374.776000
2114.961912	370.228000
2125.458749	369.562000
2196.144647	365.127000
2204.728998	364.580000
2275.904531	360.144000
2285.868779	359.503000
2359.048280	355.093000
2371.049349	354.326000
2444.887519	349.919000
2456.119659	349.213000
2529.207507	344.932000
2542.947417	344.079000
2615.519950	339.886000
2630.760875	338.969000
2708.982671	334.400000
2720.964732	333.681000
2787.082448	329.779000
2805.705482	328.662000
2878.761998	324.327000
2894.776457	323.373000
2965.130286	319.214000
2981.289142	318.264000
3052.685476	314.026000
3071.056474	312.979000
3138.455464	309.113000
3158.873679	307.959000
3229.816999	303.864000
3254.730851	302.446000
3320.241000	298.680000
3335.325751	297.810000
3404.659918	293.920000
3437.171340	292.052000
3494.582939	288.916000
3525.157080	287.172000
3591.319306	283.681000
3620.608157	282.056000
3681.713793	278.949000
3722.372352	276.755000
3778.044720	274.037000
3825.862471	271.601000
3887.673630	268.793000
3931.303089	266.612000
3991.494701	263.996000
4047.973275	261.292000
4101.275411	259.101000
4163.479461	256.228000
4225.737144	253.907000
4296.129802	250.909000
4344.969691	249.006000
4422.987830	245.758000
4461.425975	244.176000
4550.166314	240.610000
4601.771550	238.619000
4680.850664	235.224000
4714.453046	233.968000
4808.174466	230.037000
4839.890645	228.921000
4938.710144	224.914000
4969.454097	223.869000
5082.416361	219.529000
5109.015152	218.704000
5239.585761	214.047000
5245.022803	213.900000
5411.546643	209.540000
5448.033650	208.688000
5678.939241	203.901000
5710.063760	203.459000
6104.288528	198.715000
6535.243343	203.901000
6872.331746	208.688000
6913.428793	209.540000
7100.146338	213.900000
7105.760788	214.047000
7278.007778	218.704000
7301.138711	219.529000
7441.064473	223.869000
7468.263912	224.914000
7586.150056	228.921000
7613.672532	230.037000
7725.389647	233.968000
7755.334725	235.224000
7846.162820	238.619000
7892.538819	240.610000
7984.966881	244.176000
8024.335141	245.758000
8103.252394	249.006000
8148.963145	250.909000
8225.905860	253.907000
8280.402644	256.228000
8357.466981	259.101000
8404.904876	261.292000
8470.687155	263.996000
8525.327670	266.612000
8575.510355	268.793000
8631.682534	271.601000
8685.305035	274.037000
8738.658338	276.755000
8783.597697	278.949000
8841.175701	282.056000
8873.134715	283.681000
8936.056179	287.172000
8969.108864	288.916000
9024.086218	292.052000
9058.284199	293.920000
9125.987320	297.810000
9141.493933	298.680000
9206.791831	302.446000
9231.458159	303.864000
9303.406130	307.959000
9323.398460	309.113000
9391.801248	312.979000
9410.054415	314.026000
9484.415724	318.264000
9500.420094	319.214000
9571.161867	323.373000
9587.299773	324.327000
9660.069881	328.662000
9678.894362	329.779000
9743.949939	333.681000
9756.133085	334.400000
9832.274996	338.969000
9847.974140	339.886000
9917.663560	344.079000
9932.427303	344.932000
10001.384578	349.213000
10013.437841	349.919000
10083.551213	354.326000
10096.402104	355.093000
10165.404339	359.503000
10176.041087	360.144000
10244.998033	364.580000
10253.774637	365.127000
10323.375358	369.562000
10333.990196	370.228000
10405.671302	374.776000
10413.636469	375.273000
10488.199869	379.967000
10490.044664	380.081000
10568.592194	384.951000
10579.210568	385.599000
10652.391779	390.076000
10654.712981	390.217000
10732.122485	394.906000
10739.344661	395.342000
10823.773799	400.437000
10823.958837	400.448000
10901.765724	405.127000
10905.072404	405.327000
10989.826573	410.396000
10990.914445	410.461000
11068.940273	415.167000
11073.689148	415.453000
11157.511648	420.465000
11159.831730	420.606000
11236.518359	425.214000
11241.606072	425.527000
11319.928442	430.208000
11330.507284	430.860000
11407.129970	435.436000
11409.825153	435.603000
11487.884663	440.307000
11494.740477	440.736000
11565.594498	445.054000
11578.165560	445.844000
11653.324999	450.473000
11660.995632	450.952000
11727.865421	455.120000
11738.305343	455.775000
11808.822456	460.219000
11820.274217	460.935000
11891.203760	465.384000
11898.984534	465.863000
11968.981614	470.271000
11981.492129	471.035000
12042.756376	474.886000
12057.794767	475.799000
12134.770048	480.636000
12141.036653	481.018000
12205.270864	485.093000
12218.163951	485.881000
12282.960701	490.016000
12296.143469	490.828000
12370.240922	495.543000
12376.069379	495.899000
12444.787960	500.264000
12453.811999	500.816000
12519.117108	504.993000
12533.875436	505.892000
12607.978205	510.628000
12612.551046	510.905000
12677.340172	515.009000
12692.811017	515.951000
12761.288116	520.310000
12776.898736	521.262000
12841.766181	525.407000
12854.784686	526.200000
12917.004475	530.132000
12941.349077	531.621000
13003.013596	535.482000
13022.083949	536.643000
13080.479108	540.271000
13106.582082	541.860000
13160.579105	545.240000
13193.138118	547.207000
13244.126959	550.396000
13282.613789	552.740000
13323.460494	555.319000
13354.044814	557.222000
13406.349438	560.510000
13452.457602	563.398000
13482.020372	565.259000
13525.360379	567.944000
13565.043778	570.435000
13617.589416	573.708000
13647.117425	575.583000
13691.958420	578.414000
13717.716366	580.041000
13780.409950	584.004000
13802.433777	585.387000
13861.790307	589.133000
13880.810800	590.322000
13938.761493	593.970000
13954.782520	594.976000
14029.587217	599.676000
14038.186097	600.215000
14104.360596	604.365000
14118.933438	605.275000
14190.117309	609.742000
14193.411170	609.946000
14273.682571	614.938000
14275.467307	615.047000
14358.337389	620.125000
14358.852385	620.156000
14433.354454	624.711000
14442.067153	625.251000
14515.911920	629.762000
14527.764049	630.487000
14602.948836	635.066000
14615.490068	635.831000
14674.299012	639.443000
14692.674611	640.576000
14760.910422	644.808000
14778.035424	645.863000
14840.257255	649.733000
14865.629911	651.291000
14917.500358	654.497000
14940.852234	655.922000
15006.348677	659.955000
15026.513861	661.171000
15091.019733	665.158000
15111.110282	666.365000
15174.582010	670.252000
15191.451846	671.262000
15257.376100	675.264000
15273.496681	676.219000
15347.840730	680.725000
15360.288325	681.456000
15430.379674	685.713000
15445.221061	686.579000
15517.665355	690.946000
15524.142345	691.321000
15602.283208	695.965000
15611.385800	696.486000
15697.126885	701.538000
15699.575974	701.679000
15775.354183	706.200000
15780.748748	706.510000
15867.371725	711.622000
15870.402491	711.800000
15954.818633	716.654000
15955.805213	716.712000
16039.111586	721.468000
16048.623470	722.031000
16133.185107	726.860000
16134.805327	726.956000
16215.242030	731.529000
16233.397728	732.597000
16301.425941	736.508000
16313.897195	737.234000
16394.855598	741.883000
16408.853928	742.696000
16472.642156	746.330000
16499.199641	747.857000
16568.850746	751.774000
16588.143499	752.874000
16654.602793	756.568000
16684.229163	758.249000
16742.253371	761.437000
16770.863413	763.056000
16837.736242	766.695000
16871.444385	768.581000
16925.662399	771.533000
16962.891578	773.590000
17018.928569	776.646000
17054.892812	778.612000
17105.044047	781.338000
17152.853690	783.938000
17203.500966	786.666000
17249.607801	789.177000
17296.405314	791.687000
17338.207848	793.950000
17382.311779	796.300000
17442.249515	799.545000
17482.673117	801.682000
17532.598113	804.383000
17576.294123	806.688000
17635.121674	809.887000
17667.240963	811.571000
17717.498400	814.309000
17757.625243	816.435000
17832.731400	820.512000
17863.590183	822.142000
17912.599081	824.789000
17945.121585	826.486000
18016.087766	830.260000
18042.391818	831.612000
18119.938452	835.709000
18151.974413	837.345000
18210.748978	840.422000
18230.969566	841.453000
18312.885836	845.705000
18338.689943	847.005000
18422.114076	851.273000
18439.464736	852.137000
18508.056014	855.657000
18532.975294	856.878000
18622.903339	861.510000
18632.002953	861.959000
18719.561685	866.446000
18739.470898	867.425000
18819.698155	871.471000
18831.001782	872.022000
18925.654800	876.717000
18932.498955	877.046000
19036.503259	882.148000
19044.936713	882.547000
19129.857114	886.678000
19143.487844	887.323000
19241.241494	892.037000
19243.435896	892.142000
19349.891135	897.169000
19354.649731	897.393000
19454.988108	902.187000
19458.675126	902.359000
19560.212190	907.125000
19564.792306	907.335000
19670.697516	912.205000
19674.134340	912.361000
19782.984297	917.323000
19786.245316	917.470000
19891.430880	922.229000
19895.449031	922.408000
20002.878238	927.215000
20011.560424	927.604000
20113.996515	932.097000
20125.897881	932.622000
20235.451566	937.407000
20237.948921	937.516000
20345.193394	942.196000
20355.939270	942.662000
20458.038294	947.085000
20472.370285	947.704000
20576.758622	952.164000
20593.627146	952.884000
20699.216213	957.385000
20700.357825	957.434000
20805.115496	961.932000
20829.536045	962.959000
20936.055805	967.435000
20947.798661	967.924000
21050.308451	972.128000
21058.142246	972.451000
21170.226622	977.004000
21196.301761	978.083000
21299.112188	982.195000
21313.168943	982.771000
21411.751098	986.758000
21440.750609	987.924000
21519.072189	991.076000
21562.711684	992.804000
21620.149643	995.084000
21691.020519	997.855000
21700.051589	998.206000
21767.507087	1000.847000
21784.052435	1001.484000
21802.353305	1002.187000
21802.640268	1002.198000
21803.790326	1002.242000
21806.378434	1002.341000
21807.503578	1002.384000
21808.523595	1002.423000
21809.204276	1002.449000
21810.120628	1002.484000
21814.363102	1002.646000
21814.913663	1002.667000
21816.949026	1002.746000
21819.887090	1002.858000
21821.619521	1002.924000
21822.328310	1002.951000
21856.115066	1004.241000
21909.383878	1006.265000
21960.423742	1008.185000
21963.825588	1008.312000
22037.268985	1011.069000
22083.960758	1012.790000
22108.388975	1013.694000
22184.797558	1016.486000
22233.799310	1018.260000
22256.453527	1019.081000
22341.079139	1022.122000
22366.051637	1023.017000
22423.008438	1025.063000
22506.862385	1028.037000
22520.391563	1028.514000
22655.271819	1033.223000
22658.044951	1033.317000
22790.729184	1037.998000
22801.607258	1038.358000
22937.234106	1042.983000
22951.587997	1043.457000
23092.131839	1047.998000
23114.482622	1048.705000
23259.626772	1053.322000
23267.399625	1053.565000
23414.331131	1058.135000
23418.135394	1058.251000
23595.418523	1063.635000
23597.927365	1063.709000
23759.923233	1068.466000
23770.581049	1068.775000
23930.680703	1073.364000
23947.789062	1073.837000
24119.422189	1078.574000
24127.316040	1078.790000
24319.516725	1083.945000
24340.494648	1084.508000
24493.631463	1088.725000
24499.313530	1088.878000
24687.233911	1093.785000
24708.457366	1094.324000
24897.320491	1099.230000
24914.932783	1099.661000
25093.350137	1103.978000
25115.925913	1104.507000
25315.304929	1109.196000
25337.901553	1109.708000
25552.295309	1114.501000
25584.384657	1115.229000
25755.895798	1119.011000
25798.673936	1119.935000
26022.438451	1124.719000
26053.111773	1125.319000
26265.008866	1129.518000
26328.860041	1130.659000
26532.887835	1134.322000
26598.055330	1135.328000
26916.010477	1140.196000
26985.487027	1140.987000
27249.202234	1144.203000
27443.158252	1146.099000
27827.334080	1150.121000
28096.152657	1150.883000
28511.684129	1154.994000
29004.237004	1150.121000
30423.119310	1146.099000
30604.222584	1144.203000
30933.211273	1140.987000
30998.074061	1140.196000
31425.649089	1135.328000
31491.356335	1134.322000
31728.641162	1130.659000
31792.194455	1129.518000
32027.173493	1125.319000
32057.451716	1124.719000
32302.020338	1119.935000
32345.239069	1119.011000
32520.333139	1115.229000
32553.347446	1114.501000
32764.617012	1109.708000
32787.519078	1109.196000
32994.463547	1104.507000
33016.956936	1103.978000
33201.190631	1099.661000
33219.003436	1099.230000
33419.481174	1094.324000
33440.230710	1093.785000
33633.446843	1088.878000
33639.306191	1088.725000
33795.915817	1084.508000
33816.360690	1083.945000
34008.440956	1078.790000
34016.494370	1078.574000
34189.610918	1073.837000
34206.748868	1073.364000
34372.732502	1068.775000
34383.512801	1068.466000
34547.587991	1063.709000
34550.108003	1063.635000
34732.643204	1058.251000
34736.462826	1058.135000
34886.337686	1053.565000
34894.150455	1053.322000
35041.834661	1048.705000
35064.060547	1047.998000
35207.617695	1043.457000
35222.287984	1042.983000
35362.344410	1038.358000
35372.901310	1037.998000
35514.346491	1033.317000
35517.010947	1033.223000
35655.933059	1028.514000
35669.595807	1028.037000
35753.947539	1025.063000
35811.635896	1023.017000
35836.551017	1022.122000
35921.401706	1019.081000
35944.248673	1018.260000
35993.199443	1016.486000
36070.320577	1013.694000
36095.060319	1012.790000
36141.565806	1011.069000
36216.364888	1008.312000
36219.748026	1008.185000
36271.177505	1006.265000
36324.982029	1004.241000
36358.933001	1002.951000
36359.640165	1002.924000
36361.372761	1002.858000
36364.312644	1002.746000
36366.385028	1002.667000
36366.926074	1002.646000
36371.173262	1002.484000
36372.089846	1002.449000
36372.770565	1002.423000
36373.791587	1002.384000
36374.916221	1002.341000
36377.506667	1002.242000
36378.656938	1002.198000
36378.944452	1002.187000
36397.284009	1001.484000
36413.866731	1000.847000
36482.463692	998.206000
36491.428812	997.855000
36562.725373	995.084000
36621.038472	992.804000
36664.570399	991.076000
36744.172071	987.924000
36773.145092	986.758000
36872.305514	982.771000
36886.547631	982.195000
36986.897241	978.083000
37013.874978	977.004000
37123.902879	972.451000
37131.854396	972.128000
37233.814988	967.924000
37245.738700	967.435000
37353.225462	962.959000
37377.665987	961.932000
37484.621812	957.434000
37485.763014	957.385000
37590.628200	952.884000
37607.518697	952.164000
37712.009833	947.704000
37726.497811	947.085000
37828.905563	942.662000
37839.662548	942.196000
37947.582502	937.516000
37950.080290	937.407000
38059.711879	932.622000
38071.731876	932.097000
38173.584898	927.604000
38182.453725	927.215000
38289.742321	922.408000
38293.742702	922.229000
38400.571634	917.470000
38403.820695	917.323000
38513.896716	912.361000
38517.318843	912.205000
38624.609445	907.335000
38629.176199	907.125000
38733.123019	902.359000
38736.787386	902.187000
38839.552304	897.393000
38844.240622	897.169000
38951.032859	892.142000
38953.256412	892.037000
39051.774603	887.323000
39065.149890	886.678000
39152.449964	882.547000
39160.652152	882.148000
39268.490450	877.046000
39275.197117	876.717000
39372.866750	872.022000
39383.975124	871.471000
39466.977802	867.425000
39486.390181	866.446000
39577.639046	861.959000
39586.400774	861.510000
39680.274746	856.878000
39703.979871	855.657000
39775.819237	852.137000
39792.655278	851.273000
39878.364329	847.005000
39903.774679	845.705000
39988.173958	841.453000
40008.036535	840.422000
40068.384494	837.345000
40099.634150	835.709000
40179.861125	831.612000
40205.451325	830.260000
40278.876982	826.486000
40310.787319	824.789000
40361.516292	822.142000
40391.695553	820.512000
40468.880375	816.435000
40508.045372	814.309000
40559.723310	811.571000
40590.634020	809.887000
40651.649224	806.688000
40694.036691	804.383000
40745.239694	801.682000
40784.739774	799.545000
40846.122361	796.300000
40889.528734	793.950000
40931.999881	791.687000
40978.365042	789.177000
41025.181200	786.666000
41075.272576	783.938000
41123.543441	781.338000
41173.670012	778.612000
41209.839245	776.646000
41265.742971	773.590000
41303.461587	771.533000
41356.889169	768.581000
41391.528456	766.695000
41456.567656	763.056000
41486.319541	761.437000
41542.656054	758.249000
41573.251629	756.568000
41638.355621	752.874000
41658.145882	751.774000
41726.845621	747.857000
41753.998349	746.330000
41817.200640	742.696000
41831.471370	741.883000
41911.518398	737.234000
41924.161074	736.508000
41991.344372	732.597000
42009.921240	731.529000
42087.660944	726.956000
42089.349535	726.860000
42170.849975	722.031000
42180.708786	721.468000
42261.061398	716.712000
42262.077330	716.654000
42344.643843	711.800000
42347.739449	711.622000
42434.780316	706.510000
42440.033274	706.200000
42518.706917	701.679000
42521.070272	701.538000
42608.820616	696.486000
42617.662877	695.965000
42698.799993	691.321000
42705.109817	690.946000
42780.536527	686.579000
42794.902627	685.713000
42867.858496	681.456000
42879.894384	680.725000
42956.623333	676.219000
42972.379784	675.264000
43039.934303	671.262000
43056.571858	670.252000
43121.495675	666.365000
43141.205059	665.158000
43207.568785	661.171000
43227.242510	659.955000
43294.122596	655.922000
43317.264781	654.497000
43369.802405	651.291000
43395.009565	649.733000
43458.034072	645.863000
43474.996354	644.808000
43543.691150	640.576000
43561.959386	639.443000
43620.540733	635.831000
43632.996115	635.066000
43708.063175	630.487000
43719.967296	629.762000
43793.712058	625.251000
43802.551822	624.711000
43876.045053	620.156000
43876.552092	620.125000
43960.911664	615.047000
43962.690482	614.938000
44044.428116	609.946000
44047.708438	609.742000
44119.834313	605.275000
44134.335616	604.365000
44200.794185	600.215000
44209.388897	599.676000
44284.369860	594.976000
44300.381249	593.970000
44358.477375	590.322000
44377.365362	589.133000
44437.290312	585.387000
44459.204375	584.004000
44522.313869	580.041000
44548.052567	578.414000
44592.871708	575.583000
44622.570354	573.708000
44674.114448	570.435000
44714.105643	567.944000
44756.879600	565.259000
44786.918987	563.398000
44832.796084	560.510000
44885.290421	557.222000
44915.562836	555.319000
44957.011581	552.740000
44994.136310	550.396000
45046.497446	547.207000
45077.947760	545.240000
45133.895631	541.860000
45159.280622	540.271000
45218.878853	536.643000
45237.565948	535.482000
45300.985960	531.621000
45324.766967	530.132000
45389.053718	526.200000
45401.602114	525.407000
45469.649656	521.262000
45484.548041	520.310000
45556.025656	515.951000
45570.823873	515.009000
45638.225519	510.905000
45642.598470	510.628000
45720.782494	505.892000
45734.848876	504.993000
45803.420109	500.816000
45812.050327	500.264000
45883.408894	495.899000
45889.013434	495.543000
45966.207752	490.828000
45978.968543	490.016000
46046.100004	485.881000
46058.448211	485.093000
46125.122485	481.018000
46131.143949	480.636000
46210.493607	475.799000
46225.022950	474.886000
46288.454324	471.035000
46300.608539	470.271000
46372.789624	465.863000
46380.395931	465.384000
46452.664541	460.935000
46464.079590	460.219000
46535.157281	455.775000
46545.550780	455.120000
46611.983752	450.952000
46619.668644	450.473000
46693.796743	445.844000
46706.623694	445.054000
46775.334889	440.736000
46782.374346	440.307000
46857.548592	435.603000
46860.319838	435.436000
46934.171088	430.860000
46945.088482	430.208000
47021.038723	425.527000
47026.275831	425.214000
47101.177376	420.606000
47103.523907	420.465000
47185.993794	415.453000
47190.776961	415.167000
47268.917556	410.461000
47269.995261	410.396000
47354.832523	405.327000
47358.176543	405.127000
47435.536325	400.448000
47435.719243	400.437000
47521.425490	395.342000
47528.650437	394.906000
47606.321956	390.217000
47608.649689	390.076000
47682.351984	385.599000
47692.944217	384.951000
47772.745881	380.081000
47774.584571	379.967000
47850.544839	375.273000
47858.439601	374.776000
47931.328083	370.228000
47941.824921	369.562000
48012.510819	365.127000
48021.095169	364.580000
48092.270703	360.144000
48102.234950	359.503000
48175.414452	355.093000
48187.415521	354.326000
48261.253690	349.919000
48272.485830	349.213000
48345.573678	344.932000
48359.313589	344.079000
48431.886122	339.886000
48447.127047	338.969000
48525.348843	334.400000
48537.330903	333.681000
48603.448620	329.779000
48622.071654	328.662000
48695.128169	324.327000
48711.142629	323.373000
48781.496457	319.214000
48797.655314	318.264000
48869.051647	314.026000
48887.422646	312.979000
48954.821636	309.113000
48975.239851	307.959000
49046.183170	303.864000
49071.097022	302.446000
49136.607172	298.680000
49151.691922	297.810000
49221.026090	293.920000
49253.537512	292.052000
49310.949110	288.916000
49341.523251	287.172000
49407.685478	283.681000
49436.974329	282.056000
49498.079965	278.949000
49538.738523	276.755000
49594.410892	274.037000
49642.228643	271.601000
49704.039801	268.793000
49747.669261	266.612000
49807.860872	263.996000
49864.339447	261.292000
49917.641582	259.101000
49979.845632	256.228000
50042.103315	253.907000
50112.495974	250.909000
50161.335862	249.006000
50239.354001	245.758000
50277.792146	244.176000
50366.532485	240.610000
50418.137721	238.619000
50497.216835	235.224000
50530.819217	233.968000
50624.540638	230.037000
50656.256817	228.921000
50755.076315	224.914000
50785.820268	223.869000
50898.782532	219.529000
50925.381323	218.704000
51055.951932	214.047000
51061.388975	213.900000
51227.912815	209.540000
51264.399821	208.688000
51495.305412	203.901000
51526.429932	203.459000
51920.654699	198.715000
52351.609515	203.901000
52688.697917	208.688000
52729.794964	209.540000
52916.512509	213.900000
52922.126960	214.047000
53094.373950	218.704000
53117.504882	219.529000
53257.430644	223.869000
53284.630084	224.914000
53402.516227	228.921000
53430.038703	230.037000
53541.755818	233.968000
53571.700897	235.224000
53662.528992	238.619000
53708.904991	240.610000
53801.333052	244.176000
53840.701313	245.758000
53919.618566	249.006000
53965.329317	250.909000
54042.272031	253.907000
54096.768816	256.228000
54173.833152	259.101000
54221.271047	261.292000
54287.053327	263.996000
54341.693841	266.612000
54391.876526	268.793000
54448.048705	271.601000
54501.671206	274.037000
54555.024510	276.755000
54599.963868	278.949000
54657.541872	282.056000
54689.500887	283.681000
54752.422350	287.172000
54785.475035	288.916000
54840.452390	292.052000
54874.650370	293.920000
54942.353491	297.810000
54957.860105	298.680000
55023.158003	302.446000
55047.824331	303.864000
55119.772301	307.959000
55139.764631	309.113000
55208.167420	312.979000
55226.420587	314.026000
55300.781896	318.264000
55316.786265	319.214000
55387.528038	323.373000
55403.665944	324.327000
55476.436052	328.662000
55495.260534	329.779000
55560.316110	333.681000
55572.499257	334.400000
55648.641168	338.969000
55664.340311	339.886000
55734.029732	344.079000
55748.793474	344.932000
55817.750749	349.213000
55829.804013	349.919000
55899.917385	354.326000
55912.768276	355.093000
55981.770511	359.503000
55992.407259	360.144000
56061.364204	364.580000
56070.140809	365.127000
56139.741530	369.562000
56150.356368	370.228000
56222.037474	374.776000
56230.002640	375.273000
56304.566040	379.967000
56306.410836	380.081000
56384.958366	384.951000
56395.576739	385.599000
56468.757950	390.076000
56471.079153	390.217000
56548.488657	394.906000
56555.710833	395.342000
56640.139971	400.437000
56640.325009	400.448000
56718.131895	405.127000
56721.438575	405.327000
56806.192745	410.396000
56807.280617	410.461000
56885.306444	415.167000
56890.055320	415.453000
56973.877819	420.465000
56976.197902	420.606000
57052.884530	425.214000
57057.972244	425.527000
57136.294614	430.208000
57146.873456	430.860000
57223.496141	435.436000
57226.191324	435.603000
57304.250834	440.307000
57311.106649	440.736000
57381.960670	445.054000
57394.531732	445.844000
57469.691170	450.473000
57477.361803	450.952000
57544.231592	455.120000
57554.671515	455.775000
57625.188627	460.219000
57636.640388	460.935000
57707.569932	465.384000
57715.350706	465.863000
57785.347786	470.271000
57797.858301	471.035000
57859.122547	474.886000
57874.160938	475.799000
57951.136219	480.636000
57957.402825	481.018000
58021.637036	485.093000
58034.530122	485.881000
58099.326873	490.016000
58112.509641	490.828000
58186.607093	495.543000
58192.435551	495.899000
58261.154132	500.264000
58270.178171	500.816000
58335.483279	504.993000
58350.241608	505.892000
58424.344377	510.628000
58428.917217	510.905000
58493.706343	515.009000
58509.177189	515.951000
58577.654288	520.310000
58593.264907	521.262000
58658.132353	525.407000
58671.150857	526.200000
58733.370647	530.132000
58757.715248	531.621000
58819.379768	535.482000
58838.450121	536.643000
58896.845280	540.271000
58922.948254	541.860000
58976.945277	545.240000
59009.504289	547.207000
59060.493130	550.396000
59098.979961	552.740000
59139.826665	555.319000
59170.410986	557.222000
59222.715609	560.510000
59268.823774	563.398000
59298.386543	565.259000
59341.726550	567.944000
59381.409949	570.435000
59433.955587	573.708000
59463.483597	575.583000
59508.324592	578.414000
59534.082537	580.041000
59596.776121	584.004000
59618.799949	585.387000
59678.156479	589.133000
59697.176972	590.322000
59755.127665	593.970000
59771.148691	594.976000
59845.953388	599.676000
59854.552269	600.215000
59920.726767	604.365000
59935.299610	605.275000
60006.483480	609.742000
60009.777342	609.946000
60090.048743	614.938000
60091.833479	615.047000
60174.703561	620.125000
60175.218556	620.156000
60249.720626	624.711000
60258.433325	625.251000
60332.278092	629.762000
60344.130221	630.487000
60419.315008	635.066000
60431.856239	635.831000
60490.665183	639.443000
60509.040783	640.576000
60577.276593	644.808000
60594.401595	645.863000
60656.623426	649.733000
60681.996083	651.291000
60733.866529	654.497000
60757.218405	655.922000
60822.714849	659.955000
60842.880032	661.171000
60907.385904	665.158000
60927.476453	666.365000
60990.948181	670.252000
61007.818018	671.262000
61073.742271	675.264000
61089.862852	676.219000
61164.206902	680.725000
61176.654496	681.456000
61246.745846	685.713000
61261.587233	686.579000
61334.031527	690.946000
61340.508517	691.321000
61418.649380	695.965000
61427.751972	696.486000
61513.493056	701.538000
61515.942145	701.679000
61591.720354	706.200000
61597.114920	706.510000
61683.737896	711.622000
61686.768662	711.800000
61771.184805	716.654000
61772.171384	716.712000
61855.477757	721.468000
61864.989642	722.031000
61949.551278	726.860000
61951.171498	726.956000
62031.608202	731.529000
62049.763899	732.597000
62117.792112	736.508000
62130.263366	737.234000
62211.221769	741.883000
62225.220099	742.696000
62289.008328	746.330000
62315.565812	747.857000
62385.216918	751.774000
62404.509670	752.874000
62470.968964	756.568000
62500.595334	758.249000
62558.619543	761.437000
62587.229585	763.056000
62654.102414	766.695000
62687.810556	768.581000
62742.028571	771.533000
62779.257750	773.590000
62835.294740	776.646000
62871.258983	778.612000
62921.410219	781.338000
62969.219861	783.938000
63019.867138	786.666000
63065.973973	789.177000
63112.771485	791.687000
63154.574019	793.950000
63198.677950	796.300000
63258.615687	799.545000
63299.039289	801.682000
63348.964285	804.383000
63392.660295	806.688000
63451.487846	809.887000
63483.607134	811.571000
63533.864571	814.309000
63573.991414	816.435000
63649.097571	820.512000
63679.956355	822.142000
63728.965253	824.789000
63761.487757	826.486000
63832.453938	830.260000
63858.757989	831.612000
63936.304624	835.709000
63968.340585	837.345000
64027.115150	840.422000
64047.335737	841.453000
64129.252008	845.705000
64155.056115	847.005000
64238.480247	851.273000
64255.830908	852.137000
64324.422185	855.657000
64349.341465	856.878000
64439.269510	861.510000
64448.369125	861.959000
64535.927856	866.446000
64555.837069	867.425000
64636.064326	871.471000
64647.367954	872.022000
64742.020971	876.717000
64748.865127	877.046000
64852.869431	882.148000
64861.302884	882.547000
64946.223285	886.678000
64959.854016	887.323000
65057.607666	892.037000
65059.802067	892.142000
65166.257306	897.169000
65171.015902	897.393000
65271.354279	902.187000
65275.041297	902.359000
65376.578361	907.125000
65381.158477	907.335000
65487.063687	912.205000
65490.500512	912.361000
65599.350468	917.323000
65602.611487	917.470000
65707.797051	922.229000
65711.815202	922.408000
65819.244410	927.215000
65827.926595	927.604000
65930.362687	932.097000
65942.264052	932.622000
66051.817738	937.407000
66054.315093	937.516000
66161.559566	942.196000
66172.305441	942.662000
66274.404465	947.085000
66288.736457	947.704000
66393.124794	952.164000
66409.993318	952.884000
66515.582385	957.385000
66516.723996	957.434000
66621.481667	961.932000
66645.902217	962.959000
66752.421976	967.435000
66764.164833	967.924000
66866.674623	972.128000
66874.508417	972.451000
66986.592794	977.004000
67012.667932	978.083000
67115.478359	982.195000
67129.535114	982.771000
67228.117270	986.758000
67257.116781	987.924000
67335.438360	991.076000
67379.077856	992.804000
67436.515814	995.084000
67507.386691	997.855000
67516.417760	998.206000
67583.873259	1000.847000
67600.418607	1001.484000
67618.719476	1002.187000
67619.006439	1002.198000
67620.156497	1002.242000
67622.744606	1002.341000
67623.869749	1002.384000
67624.889766	1002.423000
67625.570447	1002.449000
67626.486800	1002.484000
67630.729273	1002.646000
67631.279835	1002.667000
67633.315198	1002.746000
67636.253261	1002.858000
67637.985692	1002.924000
67638.694481	1002.951000
67672.481237	1004.241000
67725.750049	1006.265000
67776.789914	1008.185000
67780.191759	1008.312000
67853.635156	1011.069000
67900.326930	1012.790000
67924.755146	1013.694000
68001.163729	1016.486000
68050.165481	1018.260000
68072.819699	1019.081000
68157.445310	1022.122000
68182.417809	1023.017000
68239.374610	1025.063000
68323.228556	1028.037000
68336.757734	1028.514000
68471.637990	1033.223000
68474.411122	1033.317000
68607.095355	1037.998000
68617.973429	1038.358000
68753.600277	1042.983000
68767.954168	1043.457000
68908.498011	1047.998000
68930.848793	1048.705000
69075.992944	1053.322000
69083.765797	1053.565000
69230.697302	1058.135000
69234.501566	1058.251000
69411.784694	1063.635000
69414.293536	1063.709000
69576.289404	1068.466000
69586.947221	1068.775000
69747.046875	1073.364000
69764.155234	1073.837000
69935.788360	1078.574000
69943.682212	1078.790000
70135.882897	1083.945000
70156.860819	1084.508000
70309.997635	1088.725000
70315.679701	1088.878000
70503.600082	1093.785000
70524.823538	1094.324000
70713.686663	1099.230000
70731.298955	1099.661000
70909.716308	1103.978000
70932.292085	1104.507000
71131.671101	1109.196000
71154.267724	1109.708000
71368.661480	1114.501000
71400.750828	1115.229000
71572.261969	1119.011000
71615.040108	1119.935000
71838.804622	1124.719000
71869.477944	1125.319000
72081.375038	1129.518000
72145.226213	1130.659000
72349.254007	1134.322000
72414.421502	1135.328000
72732.376648	1140.196000
72801.853199	1140.987000
73065.568406	1144.203000
73259.524424	1146.099000
73643.700251	1150.121000
73912.518828	1150.883000
74328.050301	1154.994000
74820.603175	1150.121000
76239.485482	1146.099000
76420.588756	1144.203000
76749.577444	1140.987000
76814.440233	1140.196000
77242.015260	1135.328000
77307.722507	1134.322000
77545.007333	1130.659000
77608.560627	1129.518000
77843.539665	1125.319000
77873.817887	1124.719000
78118.386509	1119.935000
78161.605241	1119.011000
78336.699310	1115.229000
78369.713618	1114.501000
78580.983184	1109.708000
78603.885250	1109.196000
78810.829718	1104.507000
78833.323107	1103.978000
79017.556803	1099.661000
79035.369608	1099.230000
79235.847345	1094.324000
79256.596881	1093.785000
79449.813015	1088.878000
79455.672362	1088.725000
79612.281989	1084.508000
79632.726861	1083.945000
79824.807127	1078.790000
79832.860541	1078.574000
80005.977089	1073.837000
80023.115039	1073.364000
80189.098674	1068.775000
80199.878973	1068.466000
80363.954163	1063.709000
80366.474174	1063.635000
80549.009376	1058.251000
80552.828997	1058.135000
80702.703857	1053.565000
80710.516627	1053.322000
80858.200832	1048.705000
80880.426718	1047.998000
81023.983867	1043.457000
81038.654155	1042.983000
81178.710581	1038.358000
81189.267482	1037.998000
81330.712663	1033.317000
81333.377119	1033.223000
81472.299230	1028.514000
81485.961978	1028.037000
81570.313711	1025.063000
81628.002068	1023.017000
81652.917189	1022.122000
81737.767878	1019.081000
81760.614845	1018.260000
81809.565615	1016.486000
81886.686749	1013.694000
81911.426490	1012.790000
81957.931978	1011.069000
82032.731060	1008.312000
82036.114198	1008.185000
82087.543676	1006.265000
82141.348200	1004.241000
82175.299172	1002.951000
82176.006337	1002.924000
82177.738932	1002.858000
82180.678816	1002.746000
82182.751200	1002.667000
82183.292245	1002.646000
82187.539434	1002.484000
82188.456018	1002.449000
82189.136736	1002.423000
82190.157758	1002.384000
82191.282392	1002.341000
82193.872839	1002.242000
82195.023109	1002.198000
82195.310624	1002.187000
82213.650181	1001.484000
82230.232903	1000.847000
82298.829864	998.206000
82307.794983	997.855000
82379.091544	995.084000
82437.404644	992.804000
82480.936570	991.076000
82560.538243	987.924000
82589.511264	986.758000
82688.671686	982.771000
82702.913803	982.195000
82803.263413	978.083000
82830.241149	977.004000
82940.269051	972.451000
82948.220567	972.128000
83050.181159	967.924000
83062.104872	967.435000
83169.591633	962.959000
83194.032159	961.932000
83300.987984	957.434000
83302.129186	957.385000
83406.994372	952.884000
83423.884869	952.164000
83528.376004	947.704000
83542.863982	947.085000
83645.271735	942.662000
83656.028720	942.196000
83763.948674	937.516000
83766.446462	937.407000
83876.078051	932.622000
83888.098048	932.097000
83989.951070	927.604000
83998.819897	927.215000
84106.108493	922.408000
84110.108873	922.229000
84216.937806	917.470000
84220.186866	917.323000
84330.262888	912.361000
84333.685015	912.205000
84440.975616	907.335000
84445.542371	907.125000
84549.489190	902.359000
84553.153558	902.187000
84655.918476	897.393000
84660.606794	897.169000
84767.399030	892.142000
84769.622583	892.037000
84868.140775	887.323000
84881.516062	886.678000
84968.816135	882.547000
84977.018324	882.148000
85084.856622	877.046000
85091.563289	876.717000
85189.232922	872.022000
85200.341295	871.471000
85283.343974	867.425000
85302.756353	866.446000
85394.005218	861.959000
85402.766945	861.510000
85496.640917	856.878000
85520.346043	855.657000
85592.185409	852.137000
85609.021449	851.273000
85694.730501	847.005000
85720.140850	845.705000
85804.540130	841.453000
85824.402706	840.422000
85884.750666	837.345000
85916.000321	835.709000
85996.227296	831.612000
86021.817496	830.260000
86095.243154	826.486000
86127.153490	824.789000
86177.882464	822.142000
86208.061725	820.512000
86285.246547	816.435000
86324.411543	814.309000
86376.089482	811.571000
86407.000191	809.887000
86468.015396	806.688000
86510.402862	804.383000
86561.605866	801.682000
86601.105945	799.545000
86662.488532	796.300000
86705.894906	793.950000
86748.366053	791.687000
86794.731214	789.177000
86841.547371	786.666000
86891.638747	783.938000
86939.909612	781.338000
86990.036183	778.612000
87026.205416	776.646000
87082.109143	773.590000
87119.827759	771.533000
87173.255341	768.581000
87207.894628	766.695000
87272.933827	763.056000
87302.685712	761.437000
87359.022225	758.249000
87389.617801	756.568000
87454.721793	752.874000
87474.512054	751.774000
87543.211792	747.857000
87570.364521	746.330000
87633.566812	742.696000
87647.837541	741.883000
87727.884570	737.234000
87740.527246	736.508000
87807.710543	732.597000
87826.287411	731.529000
87904.027116	726.956000
87905.715706	726.860000
87987.216146	722.031000
87997.074958	721.468000
88077.427570	716.712000
88078.443501	716.654000
88161.010014	711.800000
88164.105620	711.622000
88251.146487	706.510000
88256.399446	706.200000
88335.073088	701.679000
88337.436443	701.538000
88425.186787	696.486000
88434.029049	695.965000
88515.166164	691.321000
88521.475988	690.946000
88596.902698	686.579000
88611.268798	685.713000
88684.224667	681.456000
88696.260556	680.725000
88772.989505	676.219000
88788.745956	675.264000
88856.300474	671.262000
88872.938029	670.252000
88937.861846	666.365000
88957.571230	665.158000
89023.934957	661.171000
89043.608682	659.955000
89110.488768	655.922000
89133.630953	654.497000
89186.168577	651.291000
89211.375737	649.733000
89274.400244	645.863000
89291.362526	644.808000
89360.057322	640.576000
89378.325557	639.443000
89436.906904	635.831000
89449.362287	635.066000
89524.429347	630.487000
89536.333468	629.762000
89610.078230	625.251000
89618.917993	624.711000
89692.411224	620.156000
89692.918264	620.125000
89777.277835	615.047000
89779.056654	614.938000
89860.794288	609.946000
89864.074610	609.742000
89936.200485	605.275000
89950.701788	604.365000
90017.160356	600.215000
90025.755068	599.676000
90100.736032	594.976000
90116.747420	593.970000
90174.843547	590.322000
90193.731533	589.133000
90253.656484	585.387000
90275.570547	584.004000
90338.680040	580.041000
90364.418738	578.414000
90409.237880	575.583000
90438.936526	573.708000
90490.480619	570.435000
90530.471815	567.944000
90573.245772	565.259000
90603.285158	563.398000
90649.162256	560.510000
90701.656593	557.222000
90731.929007	555.319000
90773.377753	552.740000
90810.502481	550.396000
90862.863617	547.207000
90894.313931	545.240000
90950.261802	541.860000
90975.646793	540.271000
91035.245025	536.643000
91053.932119	535.482000
91117.352131	531.621000
91141.133139	530.132000
91205.419890	526.200000
91217.968286	525.407000
91286.015827	521.262000
91300.914213	520.310000
91372.391828	515.951000
91387.190045	515.009000
91454.591691	510.905000
91458.964641	510.628000
91537.148665	505.892000
91551.215048	504.993000
91619.786281	500.816000
91628.416498	500.264000
91699.775066	495.899000
91705.379605	495.543000
91782.573923	490.828000
91795.334714	490.016000
91862.466175	485.881000
91874.814383	485.093000
91941.488656	481.018000
91947.510121	480.636000
92026.859779	475.799000
92041.389122	474.886000
92104.820495	471.035000
92116.974711	470.271000
92189.155796	465.863000
92196.762103	465.384000
92269.030713	460.935000
92280.445762	460.219000
92351.523453	455.775000
92361.916952	455.120000
92428.349924	450.952000
92436.034815	450.473000
92510.162915	445.844000
92522.989866	445.054000
92591.701061	440.736000
92598.740518	440.307000
92673.914764	435.603000
92676.686009	435.436000
92750.537260	430.860000
92761.454653	430.208000
92837.404895	425.527000
92842.642003	425.214000
92917.543547	420.606000
92919.890078	420.465000
93002.359965	415.453000
93007.143133	415.167000
93085.283727	410.461000
93086.361432	410.396000
93171.198695	405.327000
93174.542714	405.127000
93251.902496	400.448000
93252.085415	400.437000
93337.791662	395.342000
93345.016609	394.906000
93422.688127	390.217000
93425.015860	390.076000
93498.718156	385.599000
93509.310388	384.951000
93589.112053	380.081000
93590.950742	379.967000
93666.911011	375.273000
93674.805772	374.776000
93747.694255	370.228000
93758.191092	369.562000
93828.876990	365.127000
93837.461341	364.580000
93908.636874	360.144000
93918.601122	359.503000
93991.780623	355.093000
94003.781692	354.326000
94077.619862	349.919000
94088.852002	349.213000
94161.939850	344.932000
94175.679760	344.079000
94248.252293	339.886000
94263.493219	338.969000
94341.715014	334.400000
94353.697075	333.681000
94419.814792	329.779000
94438.437826	328.662000
94511.494341	324.327000
94527.508800	323.373000
94597.862629	319.214000
94614.021485	318.264000
94685.417819	314.026000
94703.788817	312.979000
94771.187807	309.113000
94791.606022	307.959000
94862.549342	303.864000
94887.463194	302.446000
94952.973343	298.680000
94968.058094	297.810000
95037.392261	293.920000
95069.903683	292.052000
95127.315282	288.916000
95157.889423	287.172000
95224.051650	283.681000
95253.340500	282.056000
95314.446136	278.949000
95355.104695	276.755000
95410.777063	274.037000
95458.594814	271.601000
95520.405973	268.793000
95564.035432	266.612000
95624.227044	263.996000
95680.705618	261.292000
95734.007754	259.101000
95796.211804	256.228000
95858.469487	253.907000
95928.862146	250.909000
95977.702034	249.006000
96055.720173	245.758000
96094.158318	244.176000
96182.898657	240.610000
96234.503893	238.619000
96313.583007	235.224000
96347.185389	233.968000
96440.906809	230.037000
96472.622988	228.921000
96571.442487	224.914000
96602.186440	223.869000
96715.148704	219.529000
96741.747495	218.704000
96872.318104	214.047000
96877.755146	213.900000
97044.278986	209.540000
97080.765993	208.688000
97311.671584	203.901000
97342.796103	203.459000
97737.020871	198.715000
98167.975686	203.901000
98505.064089	208.688000
98546.161136	209.540000
98732.878681	213.900000
98738.493131	214.047000
98910.740122	218.704000
98933.871054	219.529000
99073.796816	223.869000
99100.996255	224.914000
99218.882399	228.921000
99246.404875	230.037000
99358.121990	233.968000
99388.067068	235.224000
99478.895163	238.619000
99525.271162	240.610000
99617.699224	244.176000
99657.067484	245.758000
99735.984737	249.006000
99781.695488	250.909000
99858.638203	253.907000
99913.134987	256.228000
99990.199324	259.101000
100037.637219	261.292000
100103.419498	263.996000
100158.060013	266.612000
100208.242698	268.793000
100264.414877	271.601000
100318.037378	274.037000
100371.390681	276.755000
100416.330040	278.949000
100473.908044	282.056000
100505.867058	283.681000
100568.788522	287.172000
100601.841207	288.916000
100656.818561	292.052000
100691.016542	293.920000
100758.719663	297.810000
100774.226276	298.680000
100839.524174	302.446000
100864.190502	303.864000
100936.138473	307.959000
100956.130803	309.113000
101024.533591	312.979000
101042.786758	314.026000
101117.148067	318.264000
101133.152437	319.214000
101203.894210	323.373000
101220.032116	324.327000
101292.802224	328.662000
101311.626705	329.779000
101376.682282	333.681000
101388.865428	334.400000
101465.007339	338.969000
101480.706483	339.886000
101550.395904	344.079000
101565.159646	344.932000
101634.116921	349.213000
101646.170184	349.919000
101716.283556	354.326000
101729.134447	355.093000
101798.136682	359.503000
101808.773430	360.144000
101877.730376	364.580000
101886.506980	365.127000
101956.107701	369.562000
101966.722539	370.228000
102038.403645	374.776000
102046.368812	375.273000
102120.932212	379.967000
102122.777007	380.081000
102201.324537	384.951000
102211.942911	385.599000
102285.124122	390.076000
102287.445324	390.217000
102364.854829	394.906000
102372.077004	395.342000
102456.506142	400.437000
102456.691180	400.448000
102534.498067	405.127000
102537.804747	405.327000
102622.558916	410.396000
102623.646788	410.461000
102701.672616	415.167000
102706.421492	415.453000
102790.243991	420.465000
102792.564073	420.606000
102869.250702	425.214000
102874.338415	425.527000
102952.660786	430.208000
102963.239627	430.860000
103039.862313	435.436000
103042.557496	435.603000
103120.617006	440.307000
103127.472820	440.736000
103198.326841	445.054000
103210.897903	445.844000
103286.057342	450.473000
103293.727975	450.952000
103360.597764	455.120000
103371.037686	455.775000
103441.554799	460.219000
103453.006560	460.935000
103523.936103	465.384000
103531.716877	465.863000
103601.713957	470.271000
103614.224472	471.035000
103675.488719	474.886000
103690.527110	475.799000
103767.502391	480.636000
103773.768996	481.018000
103838.003207	485.093000
103850.896294	485.881000
103915.693044	490.016000
103928.875813	490.828000
104002.973265	495.543000
104008.801722	495.899000
104077.520303	500.264000
104086.544342	500.816000
104151.849451	504.993000
104166.607779	505.892000
104240.710548	510.628000
104245.283389	510.905000
104310.072515	515.009000
104325.543361	515.951000
104394.020460	520.310000
104409.631079	521.262000
104474.498524	525.407000
104487.517029	526.200000
104549.736818	530.132000
104574.081420	531.621000
104635.745939	535.482000
104654.816292	536.643000
104713.211451	540.271000
104739.314425	541.860000
104793.311448	545.240000
104825.870461	547.207000
104876.859302	550.396000
104915.346132	552.740000
104956.192837	555.319000
104986.777157	557.222000
105039.081781	560.510000
105085.189945	563.398000
105114.752715	565.259000
105158.092722	567.944000
105197.776121	570.435000
105250.321759	573.708000
105279.849768	575.583000
105324.690763	578.414000
105350.448709	580.041000
105413.142293	584.004000
105435.166120	585.387000
105494.522650	589.133000
105513.543143	590.322000
105571.493836	593.970000
105587.514863	594.976000
105662.319560	599.676000
105670.918440	600.215000
105737.092939	604.365000
105751.665782	605.275000
105822.849652	609.742000
105826.143513	609.946000
105906.414914	614.938000
105908.199650	615.047000
105991.069733	620.125000
105991.584728	620.156000
106066.086797	624.711000
106074.799496	625.251000
106148.644264	629.762000
106160.496392	630.487000
106235.681179	635.066000
106248.222411	635.831000
106307.031355	639.443000
106325.406955	640.576000
106393.642765	644.808000
106410.767767	645.863000
106472.989598	649.733000
106498.362254	651.291000
106550.232701	654.497000
106573.584577	655.922000
106639.081020	659.955000
106659.246204	661.171000
106723.752076	665.158000
106743.842625	666.365000
106807.314353	670.252000
106824.184190	671.262000
106890.108443	675.264000
106906.229024	676.219000
106980.573073	680.725000
106993.020668	681.456000
107063.112017	685.713000
107077.953404	686.579000
107150.397698	690.946000
107156.874689	691.321000
107235.015551	695.965000
107244.118143	696.486000
107329.859228	701.538000
107332.308317	701.679000
107408.086526	706.200000
107413.481091	706.510000
107500.104068	711.622000
107503.134834	711.800000
107587.550976	716.654000
107588.537556	716.712000
107671.843929	721.468000
107681.355813	722.031000
107765.917450	726.860000
107767.537670	726.956000
107847.974373	731.529000
107866.130071	732.597000
107934.158284	736.508000
107946.629538	737.234000
108027.587941	741.883000
108041.586271	742.696000
108105.374499	746.330000
108131.931984	747.857000
108201.583089	751.774000
108220.875842	752.874000
108287.335136	756.568000
108316.961506	758.249000
108374.985714	761.437000
108403.595757	763.056000
108470.468585	766.695000
108504.176728	768.581000
108558.394742	771.533000
108595.623921	773.590000
108651.660912	776.646000
108687.625155	778.612000
108737.776390	781.338000
108785.586033	783.938000
108836.233309	786.666000
108882.340144	789.177000
108929.137657	791.687000
108970.940191	793.950000
109015.044122	796.300000
109074.981858	799.545000
109115.405460	801.682000
109165.330456	804.383000
109209.026466	806.688000
109267.854017	809.887000
109299.973306	811.571000
109350.230743	814.309000
109390.357586	816.435000
109465.463743	820.512000
109496.322526	822.142000
109545.331424	824.789000
109577.853928	826.486000
109648.820110	830.260000
109675.124161	831.612000
109752.670795	835.709000
109784.706756	837.345000
109843.481321	840.422000
109863.701909	841.453000
109945.618179	845.705000
109971.422286	847.005000
110054.846419	851.273000
110072.197079	852.137000
110140.788357	855.657000
110165.707637	856.878000
110255.635682	861.510000
110264.735296	861.959000
110352.294028	866.446000
110372.203241	867.425000
110452.430498	871.471000
110463.734125	872.022000
110558.387143	876.717000
110565.231298	877.046000
110669.235602	882.148000
110677.669056	882.547000
110762.589457	886.678000
110776.220187	887.323000
110873.973837	892.037000
110876.168239	892.142000
110982.623478	897.169000
110987.382074	897.393000
111087.720451	902.187000
111091.407469	902.359000
111192.944533	907.125000
111197.524649	907.335000
111303.429859	912.205000
111306.866683	912.361000
111415.716640	917.323000
111418.977659	917.470000
111524.163223	922.229000
111528.181374	922.408000
111635.610581	927.215000
111644.292767	927.604000
111746.728858	932.097000
111758.630224	932.622000
111868.183909	937.407000
111870.681264	937.516000
111977.925737	942.196000
111988.671613	942.662000
112090.770637	947.085000
112105.102628	947.704000
112209.490965	952.164000
112226.359489	952.884000
112331.948556	957.385000
112333.090168	957.434000
112437.847839	961.932000
112462.268388	962.959000
112568.788148	967.435000
112580.531005	967.924000
112683.040794	972.128000
112690.874589	972.451000
112802.958965	977.004000
112829.034104	978.083000
112931.844531	982.195000
112945.901286	982.771000
113044.483441	986.758000
113073.482952	987.924000
113151.804532	991.076000
113195.444027	992.804000
113252.881986	995.084000
113323.752862	997.855000
113332.783932	998.206000
113400.239430	1000.847000
113416.784778	1001.484000
113435.085648	1002.187000
113435.372611	1002.198000
113436.522669	1002.242000
113439.110777	1002.341000
113440.235921	1002.384000
113441.255938	1002.423000
113441.936619	1002.449000
113442.852971	1002.484000
113447.095445	1002.646000
113447.646006	1002.667000
113449.681369	1002.746000
113452.619433	1002.858000
113454.351864	1002.924000
113455.060653	1002.951000
113488.847409	1004.241000
113542.116221	1006.265000
113593.156085	1008.185000
113596.557931	1008.312000
113670.001328	1011.069000
113716.693101	1012.790000
113741.121318	1013.694000
113817.529901	1016.486000
113866.531653	1018.260000
113889.185870	1019.081000
113973.811482	1022.122000
113998.783980	1023.017000
114055.740781	1025.063000
114139.594728	1028.037000
114153.123906	1028.514000
114288.004162	1033.223000
114290.777294	1033.317000
114423.461527	1037.998000
114434.339601	1038.358000
114569.966449	1042.983000
114584.320340	1043.457000
114724.864182	1047.998000
114747.214965	1048.705000
114892.359115	1053.322000
114900.131968	1053.565000
115047.063474	1058.135000
115050.867737	1058.251000
115228.150866	1063.635000
115230.659708	1063.709000
115392.655576	1068.466000
115403.313392	1068.775000
115563.413046	1073.364000
115580.521405	1073.837000
115752.154532	1078.574000
115760.048383	1078.790000
115952.249069	1083.945000
115973.226991	1084.508000
116126.363807	1088.725000
116132.045873	1088.878000
116319.966254	1093.785000
116341.189709	1094.324000
116530.052834	1099.230000
116547.665126	1099.661000
116726.082480	1103.978000
116748.658256	1104.507000
116948.037272	1109.196000
116970.633896	1109.708000
117185.027652	1114.501000
117217.117000	1115.229000
117388.628141	1119.011000
117431.406279	1119.935000
117655.170794	1124.719000
117685.844116	1125.319000
117897.741209	1129.518000
117961.592384	1130.659000
118165.620178	1134.322000
118230.787674	1135.328000
118548.742820	1140.196000
118618.219370	1140.987000
118881.934577	1144.203000
119075.890595	1146.099000
119460.066423	1150.121000
119728.885000	1150.883000
120144.416473	1154.994000
120636.969347	1150.121000
122055.851653	1146.099000
122236.954927	1144.203000
122565.943616	1140.987000
122630.806404	1140.196000
123058.381432	1135.328000
123124.088678	1134.322000
123361.373505	1130.659000
123424.926798	1129.518000
123659.905836	1125.319000
123690.184059	1124.719000
123934.752681	1119.935000
123977.971412	1119.011000
124153.065482	1115.229000
124186.079789	1114.501000
124397.349355	1109.708000
124420.251421	1109.196000
124627.195890	1104.507000
124649.689279	1103.978000
124833.922974	1099.661000
124851.735780	1099.230000
125052.213517	1094.324000
125072.963053	1093.785000
125266.179186	1088.878000
125272.038534	1088.725000
125428.648160	1084.508000
125449.093033	1083.945000
125641.173299	1078.790000
125649.226713	1078.574000
125822.343261	1073.837000
125839.481211	1073.364000
126005.464845	1068.775000
126016.245144	1068.466000
126180.320334	1063.709000
126182.840346	1063.635000
126365.375547	1058.251000
126369.195169	1058.135000
126519.070029	1053.565000
126526.882798	1053.322000
126674.567004	1048.705000
126696.792890	1047.998000
126840.350038	1043.457000
126855.020327	1042.983000
126995.076753	1038.358000
127005.633653	1037.998000
127147.078834	1033.317000
127149.743290	1033.223000
127288.665402	1028.514000
127302.328150	1028.037000
127386.679882	1025.063000
127444.368239	1023.017000
127469.283360	1022.122000
127554.134049	1019.081000
127576.981016	1018.260000
127625.931786	1016.486000
127703.052920	1013.694000
127727.792662	1012.790000
127774.298149	1011.069000
127849.097231	1008.312000
127852.480369	1008.185000
127903.909848	1006.265000
127957.714372	1004.241000
127991.665344	1002.951000
127992.372509	1002.924000
127994.105104	1002.858000
127997.044987	1002.746000
127999.117371	1002.667000
127999.658417	1002.646000
128003.905605	1002.484000
128004.822189	1002.449000
128005.502908	1002.423000
128006.523930	1002.384000
128007.648564	1002.341000
128010.239010	1002.242000
128011.389281	1002.198000
128011.676795	1002.187000
128030.016352	1001.484000
128046.599074	1000.847000
128115.196035	998.206000
128124.161155	997.855000
128195.457716	995.084000
128253.770815	992.804000
128297.302742	991.076000
128376.904415	987.924000
128405.877435	986.758000
128505.037857	982.771000
128519.279974	982.195000
128619.629585	978.083000
128646.607321	977.004000
128756.635222	972.451000
128764.586739	972.128000
128866.547331	967.924000
128878.471043	967.435000
128985.957805	962.959000
129010.398330	961.932000
129117.354156	957.434000
129118.495357	957.385000
129223.360543	952.884000
129240.251040	952.164000
129344.742176	947.704000
129359.230154	947.085000
129461.637906	942.662000
129472.394891	942.196000
129580.314845	937.516000
129582.812633	937.407000
129692.444222	932.622000
129704.464219	932.097000
129806.317241	927.604000
129815.186068	927.215000
129922.474664	922.408000
129926.475045	922.229000
130033.303977	917.470000
130036.553038	917.323000
130146.629059	912.361000
130150.051186	912.205000
130257.341788	907.335000
130261.908542	907.125000
130365.855362	902.359000
130369.519729	902.187000
130472.284647	897.393000
130476.972965	897.169000
130583.765202	892.142000
130585.988755	892.037000
130684.506946	887.323000
130697.882233	886.678000
130785.182307	882.547000
130793.384495	882.148000
130901.222793	877.046000
130907.929461	876.717000
131005.599093	872.022000
131016.707467	871.471000
131099.710145	867.425000
131119.122524	866.446000
131210.371389	861.959000
131219.133117	861.510000
131313.007089	856.878000
131336.712214	855.657000
131408.551580	852.137000
131425.387621	851.273000
131511.096672	847.005000
131536.507022	845.705000
131620.906301	841.453000
131640.768878	840.422000
131701.116838	837.345000
131732.366493	835.709000
131812.593468	831.612000
131838.183668	830.260000
131911.609325	826.486000
131943.519662	824.789000
131994.248635	822.142000
132024.427896	820.512000
132101.612718	816.435000
132140.777715	814.309000
132192.455653	811.571000
132223.366363	809.887000
132284.381567	806.688000
132326.769034	804.383000
132377.972037	801.682000
132417.472117	799.545000
132478.854704	796.300000
132522.261077	793.950000
132564.732224	791.687000
132611.097385	789.177000
132657.913543	786.666000
132708.004919	783.938000
132756.275784	781.338000
132806.402355	778.612000
132842.571588	776.646000
132898.475314	773.590000
132936.193930	771.533000
132989.621512	768.581000
133024.260799	766.695000
133089.299999	763.056000
133119.051884	761.437000
133175.388397	758.249000
133205.983972	756.568000
133271.087964	752.874000
133290.878225	751.774000
133359.577964	747.857000
133386.730692	746.330000
133449.932983	742.696000
133464.203713	741.883000
133544.250741	737.234000
133556.893417	736.508000
133624.076715	732.597000
133642.653583	731.529000
133720.393287	726.956000
133722.081878	726.860000
133803.582318	722.031000
133813.441129	721.468000
133893.793741	716.712000
133894.809673	716.654000
133977.376186	711.800000
133980.471792	711.622000
134067.512659	706.510000
134072.765617	706.200000
134151.439260	701.679000
134153.802615	701.538000
134241.552959	696.486000
134250.395220	695.965000
134331.532336	691.321000
134337.842160	690.946000
134413.268870	686.579000
134427.634970	685.713000
134500.590839	681.456000
134512.626727	680.725000
134589.355676	676.219000
134605.112127	675.264000
134672.666646	671.262000
134689.304201	670.252000
134754.228018	666.365000
134773.937402	665.158000
134840.301128	661.171000
134859.974853	659.955000
134926.854939	655.922000
134949.997124	654.497000
135002.534748	651.291000
135027.741908	649.733000
135090.766415	645.863000
135107.728697	644.808000
135176.423493	640.576000
135194.691729	639.443000
135253.273076	635.831000
135265.728459	635.066000
135340.795518	630.487000
135352.699639	629.762000
135426.444401	625.251000
135435.284165	624.711000
135508.777396	620.156000
135509.284435	620.125000
135593.644007	615.047000
135595.422825	614.938000
135677.160459	609.946000
135680.440781	609.742000
135752.566656	605.275000
135767.067959	604.365000
135833.526528	600.215000
135842.121240	599.676000
135917.102203	594.976000
135933.113592	593.970000
135991.209719	590.322000
136010.097705	589.133000
136070.022655	585.387000
136091.936718	584.004000
136155.046212	580.041000
136180.784910	578.414000
136225.604052	575.583000
136255.302697	573.708000
136306.846791	570.435000
136346.837986	567.944000
136389.611943	565.259000
136419.651330	563.398000
136465.528427	560.510000
136518.022764	557.222000
136548.295179	555.319000
136589.743924	552.740000
136626.868653	550.396000
136679.229789	547.207000
136710.680103	545.240000
136766.627974	541.860000
136792.012965	540.271000
136851.611196	536.643000
136870.298291	535.482000
136933.718303	531.621000
136957.499310	530.132000
137021.786061	526.200000
137034.334457	525.407000
137102.381999	521.262000
137117.280384	520.310000
137188.757999	515.951000
137203.556216	515.009000
137270.957862	510.905000
137275.330813	510.628000
137353.514837	505.892000
137367.581219	504.993000
137436.152452	500.816000
137444.782670	500.264000
137516.141237	495.899000
137521.745777	495.543000
137598.940095	490.828000
137611.700886	490.016000
137678.832347	485.881000
137691.180555	485.093000
137757.854828	481.018000
137763.876292	480.636000
137843.225951	475.799000
137857.755293	474.886000
137921.186667	471.035000
137933.340882	470.271000
138005.521967	465.863000
138013.128274	465.384000
138085.396884	460.935000
138096.811933	460.219000
138167.889624	455.775000
138178.283123	455.120000
138244.716095	450.952000
138252.400987	450.473000
138326.529086	445.844000
138339.356037	445.054000
138408.067232	440.736000
138415.106689	440.307000
138490.280935	435.603000
138493.052181	435.436000
138566.903432	430.860000
138577.820825	430.208000
138653.771066	425.527000
138659.008174	425.214000
138733.909719	420.606000
138736.256250	420.465000
138818.726137	415.453000
138823.509304	415.167000
138901.649899	410.461000
138902.727604	410.396000
138987.564866	405.327000
138990.908886	405.127000
139068.268668	400.448000
139068.451586	400.437000
139154.157833	395.342000
139161.382780	394.906000
139239.054299	390.217000
139241.382032	390.076000
139315.084328	385.599000
139325.676560	384.951000
139405.478224	380.081000
139407.316914	379.967000
139483.277183	375.273000
139491.171944	374.776000
139564.060427	370.228000
139574.557264	369.562000
139645.243162	365.127000
139653.827512	364.580000
139725.003046	360.144000
139734.967293	359.503000
139808.146795	355.093000
139820.147864	354.326000
139893.986033	349.919000
139905.218173	349.213000
139978.306021	344.932000
139992.045932	344.079000
140064.618465	339.886000
140079.859390	338.969000
140158.081186	334.400000
140170.063246	333.681000
140236.180963	329.779000
140254.803997	328.662000
140327.860512	324.327000
140343.874972	323.373000
140414.228800	319.214000
140430.387657	318.264000
140501.783990	314.026000
140520.154989	312.979000
140587.553979	309.113000
140607.972194	307.959000
140678.915513	303.864000
140703.829365	302.446000
140769.339515	298.680000
140784.424265	297.810000
140853.758433	293.920000
140886.269855	292.052000
140943.681453	288.916000
140974.255594	287.172000
141040.417821	283.681000
141069.706672	282.056000
141130.812308	278.949000
141171.470866	276.755000
141227.143235	274.037000
141274.960986	271.601000
141336.772144	268.793000
141380.401604	266.612000
141440.593215	263.996000
141497.071790	261.292000
141550.373925	259.101000
141612.577975	256.228000
141674.835659	253.907000
141745.228317	250.909000
141794.068205	249.006000
141872.086344	245.758000
141910.524489	244.176000
141999.264828	240.610000
142050.870064	238.619000
142129.949178	235.224000
142163.551561	233.968000
142257.272981	230.037000
142288.989160	228.921000
142387.808658	224.914000
142418.552611	223.869000
142531.514875	219.529000
142558.113666	218.704000
142688.684275	214.047000
142694.121318	213.900000
142860.645158	209.540000
142897.132164	208.688000
143128.037755	203.901000
143159.162275	203.459000
143553.387042	198.715000
143984.341858	203.901000
144321.430260	208.688000
144362.527307	209.540000
144549.244852	213.900000
144554.859303	214.047000
144727.106293	218.704000
144750.237225	219.529000
144890.162987	223.869000
144917.362427	224.914000
145035.248570	228.921000
145062.771046	230.037000
145174.488161	233.968000
145204.433240	235.224000
145295.261335	238.619000
145341.637334	240.610000
145434.065395	244.176000
145473.433656	245.758000
145552.350909	249.006000
145598.061660	250.909000
145675.004374	253.907000
145729.501159	256.228000
145806.565495	259.101000
145854.003391	261.292000
145919.785670	263.996000
145974.426184	266.612000
146024.608869	268.793000
146080.781048	271.601000
146134.403549	274.037000
146187.756853	276.755000
146232.696211	278.949000
146290.274215	282.056000
146322.233230	283.681000
146385.154693	287.172000
146418.207378	288.916000
146473.184733	292.052000
146507.382713	293.920000
146575.085834	297.810000
146590.592448	298.680000
146655.890346	302.446000
146680.556674	303.864000
146752.504644	307.959000
146772.496974	309.113000
146840.899763	312.979000
146859.152930	314.026000
146933.514239	318.264000
146949.518608	319.214000
147020.260381	323.373000
147036.398287	324.327000
147109.168395	328.662000
147127.992877	329.779000
147193.048453	333.681000
147205.231600	334.400000
147281.373511	338.969000
147297.072654	339.886000
147366.762075	344.079000
147381.525817	344.932000
147450.483092	349.213000
147462.536356	349.919000
147532.649728	354.326000
147545.500619	355.093000
147614.502854	359.503000
147625.139602	360.144000
147694.096547	364.580000
147702.873152	365.127000
147772.473873	369.562000
147783.088711	370.228000
147854.769817	374.776000
147862.734983	375.273000
147937.298383	379.967000
147939.143179	380.081000
148017.690709	384.951000
148028.309082	385.599000
148101.490293	390.076000
148103.811496	390.217000
148181.221000	394.906000
148188.443176	395.342000
148272.872314	400.437000
148273.057352	400.448000
148350.864238	405.127000
148354.170918	405.327000
148438.925088	410.396000
148440.012960	410.461000
148518.038787	415.167000
148522.787663	415.453000
148606.610162	420.465000
148608.930245	420.606000
148685.616873	425.214000
148690.704587	425.527000
148769.026957	430.208000
148779.605799	430.860000
148856.228484	435.436000
148858.923667	435.603000
148936.983177	440.307000
148943.838992	440.736000
149014.693013	445.054000
149027.264075	445.844000
149102.423514	450.473000
149110.094146	450.952000
149176.963935	455.120000
149187.403858	455.775000
149257.920970	460.219000
149269.372731	460.935000
149340.302275	465.384000
149348.083049	465.863000
149418.080129	470.271000
149430.590644	471.035000
149491.854890	474.886000
149506.893281	475.799000
149583.868562	480.636000
149590.135168	481.018000
149654.369379	485.093000
149667.262465	485.881000
149732.059216	490.016000
149745.241984	490.828000
149819.339436	495.543000
149825.167894	495.899000
149893.886475	500.264000
149902.910514	500.816000
149968.215622	504.993000
149982.973951	505.892000
150057.076720	510.628000
150061.649561	510.905000
150126.438686	515.009000
150141.909532	515.951000
150210.386631	520.310000
150225.997250	521.262000
150290.864696	525.407000
150303.883200	526.200000
150366.102990	530.132000
150390.447591	531.621000
150452.112111	535.482000
150471.182464	536.643000
150529.577623	540.271000
150555.680597	541.860000
150609.677620	545.240000
150642.236632	547.207000
150693.225473	550.396000
150731.712304	552.740000
150772.559008	555.319000
150803.143329	557.222000
150855.447952	560.510000
150901.556117	563.398000
150931.118886	565.259000
150974.458893	567.944000
151014.142292	570.435000
151066.687930	573.708000
151096.215940	575.583000
151141.056935	578.414000
151166.814880	580.041000
151229.508464	584.004000
151251.532292	585.387000
151310.888822	589.133000
151329.909315	590.322000
151387.860008	593.970000
151403.881034	594.976000
151478.685731	599.676000
151487.284612	600.215000
151553.459110	604.365000
151568.031953	605.275000
151639.215823	609.742000
151642.509685	609.946000
151722.781086	614.938000
151724.565822	615.047000
151807.435904	620.125000
151807.950899	620.156000
151882.452969	624.711000
151891.165668	625.251000
151965.010435	629.762000
151976.862564	630.487000
152052.047351	635.066000
152064.588583	635.831000
152123.397526	639.443000
152141.773126	640.576000
152210.008936	644.808000
152227.133938	645.863000
152289.355769	649.733000
152314.728426	651.291000
152366.598872	654.497000
152389.950748	655.922000
152455.447192	659.955000
152475.612375	661.171000
152540.118248	665.158000
152560.208796	666.365000
152623.680524	670.252000
152640.550361	671.262000
152706.474614	675.264000
152722.595195	676.219000
152796.939245	680.725000
152809.386839	681.456000
152879.478189	685.713000
152894.319576	686.579000
152966.763870	690.946000
152973.240860	691.321000
153051.381723	695.965000
153060.484315	696.486000
153146.225399	701.538000
153148.674488	701.679000
153224.452697	706.200000
153229.847263	706.510000
153316.470239	711.622000
153319.501005	711.800000
153403.917148	716.654000
153404.903727	716.712000
153488.210101	721.468000
153497.721985	722.031000
153582.283621	726.860000
153583.903841	726.956000
153664.340545	731.529000
153682.496242	732.597000
153750.524455	736.508000
153762.995709	737.234000
153843.954113	741.883000
153857.952442	742.696000
153921.740671	746.330000
153948.298155	747.857000
154017.949261	751.774000
154037.242013	752.874000
154103.701307	756.568000
154133.327677	758.249000
154191.351886	761.437000
154219.961928	763.056000
154286.834757	766.695000
154320.542899	768.581000
154374.760914	771.533000
154411.990093	773.590000
154468.027083	776.646000
154503.991326	778.612000
154554.142562	781.338000
154601.952204	783.938000
154652.599481	786.666000
154698.706316	789.177000
154745.503828	791.687000
154787.306362	793.950000
154831.410293	796.300000
154891.348030	799.545000
154931.771632	801.682000
154981.696628	804.383000
155025.392638	806.688000
155084.220189	809.887000
155116.339477	811.571000
155166.596914	814.309000
155206.723757	816.435000
155281.829914	820.512000
155312.688698	822.142000
155361.697596	824.789000
155394.220100	826.486000
155465.186281	830.260000
155491.490332	831.612000
155569.036967	835.709000
155601.072928	837.345000
155659.847493	840.422000
155680.068080	841.453000
155761.984351	845.705000
155787.788458	847.005000
155871.212590	851.273000
155888.563251	852.137000
155957.154528	855.657000
155982.073808	856.878000
156072.001853	861.510000
156081.101468	861.959000
156168.660199	866.446000
156188.569412	867.425000
156268.796669	871.471000
156280.100297	872.022000
156374.753314	876.717000
156381.597470	877.046000
156485.601774	882.148000
156494.035227	882.547000
156578.955628	886.678000
156592.586359	887.323000
156690.340009	892.037000
156692.534410	892.142000
156798.989649	897.169000
156803.748245	897.393000
156904.086622	902.187000
156907.773641	902.359000
157009.310704	907.125000
157013.890820	907.335000
157119.796030	912.205000
157123.232855	912.361000
157232.082811	917.323000
157235.343830	917.470000
157340.529394	922.229000
157344.547545	922.408000
157451.976753	927.215000
157460.658938	927.604000
157563.095030	932.097000
157574.996395	932.622000
157684.550081	937.407000
157687.047436	937.516000
157794.291909	942.196000
157805.037784	942.662000
157907.136808	947.085000
157921.468800	947.704000
158025.857137	952.164000
158042.725661	952.884000
158148.314728	957.385000
158149.456339	957.434000
158254.214010	961.932000
158278.634560	962.959000
158385.154319	967.435000
158396.897176	967.924000
158499.406966	972.128000
158507.240760	972.451000
158619.325137	977.004000
158645.400275	978.083000
158748.210702	982.195000
158762.267457	982.771000
158860.849613	986.758000
158889.849124	987.924000
158968.170703	991.076000
159011.810199	992.804000
159069.248157	995.084000
159140.119034	997.855000
159149.150103	998.206000
159216.605602	1000.847000
159233.150950	1001.484000
159251.451819	1002.187000
159251.738782	1002.198000
159252.888840	1002.242000
159255.476949	1002.341000
159256.602092	1002.384000
159257.622109	1002.423000
159258.302790	1002.449000
159259.219143	1002.484000
159263.461616	1002.646000
159264.012178	1002.667000
159266.047541	1002.746000
159268.985604	1002.858000
159270.718035	1002.924000
159271.426824	1002.951000
159305.213580	1004.241000
159358.482392	1006.265000
159409.522257	1008.185000
159412.924103	1008.312000
159486.367499	1011.069000
159533.059273	1012.790000
159557.487489	1013.694000
159633.896072	1016.486000
159682.897824	1018.260000
159705.552042	1019.081000
159790.177654	1022.122000
159815.150152	1023.017000
159872.106953	1025.063000
159955.960899	1028.037000
159969.490077	1028.514000
160104.370333	1033.223000
160107.143465	1033.317000
160239.827698	1037.998000
160250.705772	1038.358000
160386.332620	1042.983000
160400.686511	1043.457000
160541.230354	1047.998000
160563.581136	1048.705000
160708.725287	1053.322000
160716.498140	1053.565000
160863.429645	1058.135000
160867.233909	1058.251000
161044.517037	1063.635000
161047.025879	1063.709000
161209.021747	1068.466000
161219.679564	1068.775000
161379.779218	1073.364000
161396.887577	1073.837000
161568.520703	1078.574000
161576.414555	1078.790000
161768.615240	1083.945000
161789.593162	1084.508000
161942.729978	1088.725000
161948.412044	1088.878000
162136.332426	1093.785000
162157.555881	1094.324000
162346.419006	1099.230000
162364.031298	1099.661000
162542.448652	1103.978000
162565.024428	1104.507000
162764.403444	1109.196000
162787.000067	1109.708000
163001.393823	1114.501000
163033.483171	1115.229000
163204.994312	1119.011000
163247.772451	1119.935000
163471.536965	1124.719000
163502.210287	1125.319000
163714.107381	1129.518000
163777.958556	1130.659000
163981.986350	1134.322000
164047.153845	1135.328000
164365.108991	1140.196000
164434.585542	1140.987000
164698.300749	1144.203000
164892.256767	1146.099000
165276.432594	1150.121000
165545.251171	1150.883000
165960.782644	1154.994000
166453.335518	1150.121000
167872.217825	1146.099000
168053.321099	1144.203000
168382.309787	1140.987000
168447.172576	1140.196000
168874.747603	1135.328000
168940.454850	1134.322000
169177.739676	1130.659000
169241.292970	1129.518000
169476.272008	1125.319000
169506.550230	1124.719000
169751.118852	1119.935000
169794.337584	1119.011000
169969.431653	1115.229000
170002.445961	1114.501000
170213.715527	1109.708000
170236.617593	1109.196000
170443.562061	1104.507000
170466.055450	1103.978000
170650.289146	1099.661000
170668.101951	1099.230000
170868.579688	1094.324000
170889.329224	1093.785000
171082.545358	1088.878000
171088.404705	1088.725000
171245.014332	1084.508000
171265.459204	1083.945000
171457.539471	1078.790000
171465.592884	1078.574000
171638.709432	1073.837000
171655.847382	1073.364000
171821.831017	1068.775000
171832.611316	1068.466000
171996.686506	1063.709000
171999.206517	1063.635000
172181.741719	1058.251000
172185.561340	1058.135000
172335.436201	1053.565000
172343.248970	1053.322000
172490.933175	1048.705000
172513.159061	1047.998000
172656.716210	1043.457000
172671.386499	1042.983000
172811.442924	1038.358000
172821.999825	1037.998000
172963.445006	1033.317000
172966.109462	1033.223000
173105.031573	1028.514000
173118.694321	1028.037000
173203.046054	1025.063000
173260.734411	1023.017000
173285.649532	1022.122000
173370.500221	1019.081000
173393.347188	1018.260000
173442.297958	1016.486000
173519.419092	1013.694000
173544.158833	1012.790000
173590.664321	1011.069000
173665.463403	1008.312000
173668.846541	1008.185000
173720.276019	1006.265000
173774.080543	1004.241000
173808.031515	1002.951000
173808.738680	1002.924000
173810.471275	1002.858000
173813.411159	1002.746000
173815.483543	1002.667000
173816.024588	1002.646000
173820.271777	1002.484000
173821.188361	1002.449000
173821.869080	1002.423000
173822.890101	1002.384000
173824.014735	1002.341000
173826.605182	1002.242000
173827.755452	1002.198000
173828.042967	1002.187000
173846.382524	1001.484000
173862.965246	1000.847000
173931.562207	998.206000
173940.527326	997.855000
174011.823887	995.084000
174070.136987	992.804000
174113.668913	991.076000
174193.270586	987.924000
174222.243607	986.758000
174321.404029	982.771000
174335.646146	982.195000
174435.995756	978.083000
174462.973492	977.004000
174573.001394	972.451000
174580.952910	972.128000
174682.913502	967.924000
174694.837215	967.435000
174802.323976	962.959000
174826.764502	961.932000
174933.720327	957.434000
174934.861529	957.385000
175039.726715	952.884000
175056.617212	952.164000
175161.108347	947.704000
175175.596325	947.085000
175278.004078	942.662000
175288.761063	942.196000
175396.681017	937.516000
175399.178805	937.407000
175508.810394	932.622000
175520.830391	932.097000
175622.683413	927.604000
175631.552240	927.215000
175738.840836	922.408000
175742.841216	922.229000
175849.670149	917.470000
175852.919209	917.323000
175962.995231	912.361000
175966.417358	912.205000
176073.707959	907.335000
176078.274714	907.125000
176182.221533	902.359000
176185.885901	902.187000
176288.650819	897.393000
176293.339137	897.169000
176400.131373	892.142000
176402.354926	892.037000
176500.873118	887.323000
176514.248405	886.678000
176601.548478	882.547000
176609.750667	882.148000
176717.588965	877.046000
176724.295632	876.717000
176821.965265	872.022000
176833.073638	871.471000
176916.076317	867.425000
176935.488696	866.446000
177026.737561	861.959000
177035.499288	861.510000
177129.373260	856.878000
177153.078386	855.657000
177224.917752	852.137000
177241.753793	851.273000
177327.462844	847.005000
177352.873193	845.705000
177437.272473	841.453000
177457.135049	840.422000
177517.483009	837.345000
177548.732664	835.709000
177628.959639	831.612000
177654.549839	830.260000
177727.975497	826.486000
177759.885833	824.789000
177810.614807	822.142000
177840.794068	820.512000
177917.978890	816.435000
177957.143886	814.309000
178008.821825	811.571000
178039.732535	809.887000
178100.747739	806.688000
178143.135205	804.383000
178194.338209	801.682000
178233.838289	799.545000
178295.220875	796.300000
178338.627249	793.950000
178381.098396	791.687000
178427.463557	789.177000
178474.279714	786.666000
178524.371090	783.938000
178572.641955	781.338000
178622.768526	778.612000
178658.937759	776.646000
178714.841486	773.590000
178752.560102	771.533000
178805.987684	768.581000
178840.626971	766.695000
178905.666170	763.056000
178935.418055	761.437000
178991.754568	758.249000
179022.350144	756.568000
179087.454136	752.874000
179107.244397	751.774000
179175.944135	747.857000
179203.096864	746.330000
179266.299155	742.696000
179280.569884	741.883000
179360.616913	737.234000
179373.259589	736.508000
179440.442886	732.597000
179459.019755	731.529000
179536.759459	726.956000
179538.448049	726.860000
179619.948489	722.031000
179629.807301	721.468000
179710.159913	716.712000
179711.175844	716.654000
179793.742357	711.800000
179796.837963	711.622000
179883.878830	706.510000
179889.131789	706.200000
179967.805431	701.679000
179970.168786	701.538000
180057.919130	696.486000
180066.761392	695.965000
180147.898507	691.321000
180154.208331	690.946000
180229.635041	686.579000
180244.001141	685.713000
180316.957010	681.456000
180328.992899	680.725000
180405.721848	676.219000
180421.478299	675.264000
180489.032817	671.262000
180505.670372	670.252000
180570.594189	666.365000
180590.303573	665.158000
180656.667300	661.171000
180676.341025	659.955000
180743.221111	655.922000
180766.363296	654.497000
180818.900920	651.291000
180844.108080	649.733000
180907.132587	645.863000
180924.094869	644.808000
180992.789665	640.576000
181011.057900	639.443000
181069.639247	635.831000
181082.094630	635.066000
181157.161690	630.487000
181169.065811	629.762000
181242.810573	625.251000
181251.650337	624.711000
181325.143567	620.156000
181325.650607	620.125000
181410.010178	615.047000
181411.788997	614.938000
181493.526631	609.946000
181496.806953	609.742000
181568.932828	605.275000
181583.434131	604.365000
181649.892699	600.215000
181658.487411	599.676000
181733.468375	594.976000
181749.479763	593.970000
181807.575890	590.322000
181826.463876	589.133000
181886.388827	585.387000
181908.302890	584.004000
181971.412383	580.041000
181997.151082	578.414000
182041.970223	575.583000
182071.668869	573.708000
182123.212962	570.435000
182163.204158	567.944000
182205.978115	565.259000
182236.017501	563.398000
182281.894599	560.510000
182334.388936	557.222000
182364.661350	555.319000
182406.110096	552.740000
182443.234824	550.396000
182495.595961	547.207000
182527.046274	545.240000
182582.994145	541.860000
182608.379136	540.271000
182667.977368	536.643000
182686.664462	535.482000
182750.084474	531.621000
182773.865482	530.132000
182838.152233	526.200000
182850.700629	525.407000
182918.748170	521.262000
182933.646556	520.310000
183005.124171	515.951000
183019.922388	515.009000
183087.324034	510.905000
183091.696984	510.628000
183169.881008	505.892000
183183.947391	504.993000
183252.518624	500.816000
183261.148841	500.264000
183332.507409	495.899000
183338.111948	495.543000
183415.306266	490.828000
183428.067058	490.016000
183495.198518	485.881000
183507.546726	485.093000
183574.220999	481.018000
183580.242464	480.636000
183659.592122	475.799000
183674.121465	474.886000
183737.552838	471.035000
183749.707054	470.271000
183821.888139	465.863000
183829.494446	465.384000
183901.763056	460.935000
183913.178105	460.219000
183984.255796	455.775000
183994.649295	455.120000
184061.082267	450.952000
184068.767158	450.473000
184142.895258	445.844000
184155.722209	445.054000
184224.433404	440.736000
184231.472861	440.307000
184306.647107	435.603000
184309.418352	435.436000
184383.269603	430.860000
184394.186996	430.208000
184470.137238	425.527000
184475.374346	425.214000
184550.275890	420.606000
184552.622421	420.465000
184635.092308	415.453000
184639.875476	415.167000
184718.016070	410.461000
184719.093775	410.396000
184803.931038	405.327000
184807.275057	405.127000
184884.634839	400.448000
184884.817758	400.437000
184970.524005	395.342000
184977.748952	394.906000
185055.420470	390.217000
185057.748203	390.076000
185131.450499	385.599000
185142.042731	384.951000
185221.844396	380.081000
185223.683085	379.967000
185299.643354	375.273000
185307.538115	374.776000
185380.426598	370.228000
185390.923435	369.562000
185461.609333	365.127000
185470.193684	364.580000
185541.369217	360.144000
185551.333465	359.503000
185624.512966	355.093000
185636.514035	354.326000
185710.352205	349.919000
185721.584345	349.213000
185794.672193	344.932000
185808.412103	344.079000
185880.984636	339.886000
185896.225562	338.969000
185974.447357	334.400000
185986.429418	333.681000
186052.547135	329.779000
186071.170169	328.662000
186144.226684	324.327000
186160.241143	323.373000
186230.594972	319.214000
186246.753828	318.264000
186318.150162	314.026000
186336.521160	312.979000
186403.920151	309.113000
186424.338365	307.959000
186495.281685	303.864000
186520.195537	302.446000
186585.705686	298.680000
186600.790437	297.810000
186670.124604	293.920000
186702.636026	292.052000
186760.047625	288.916000
186790.621766	287.172000
186856.783993	283.681000
186886.072843	282.056000
186947.178480	278.949000
186987.837038	276.755000
187043.509406	274.037000
187091.327157	271.601000
187153.138316	268.793000
187196.767775	266.612000
187256.959387	263.996000
187313.437961	261.292000
187366.740097	259.101000
187428.944147	256.228000
187491.201830	253.907000
187561.594489	250.909000
187610.434377	249.006000
187688.452516	245.758000
187726.890661	244.176000
187815.631000	240.610000
187867.236236	238.619000
187946.315350	235.224000
187979.917732	233.968000
188073.639152	230.037000
188105.355331	228.921000
188204.174830	224.914000
188234.918783	223.869000
188347.881047	219.529000
188374.479838	218.704000
188505.050447	214.047000
188510.487489	213.900000
188677.011330	209.540000
188713.498336	208.688000
188944.403927	203.901000
188975.528446	203.459000
189369.753214	198.715000
189800.708029	203.901000
190137.796432	208.688000
190178.893479	209.540000
190365.611024	213.900000
190371.225474	214.047000
190543.472465	218.704000
190566.603397	219.529000
190706.529159	223.869000
190733.728598	224.914000
190851.614742	228.921000
190879.137218	230.037000
190990.854333	233.968000
191020.799411	235.224000
191111.627506	238.619000
191158.003505	240.610000
191250.431567	244.176000
191289.799827	245.758000
191368.717081	249.006000
191414.427831	250.909000
191491.370546	253.907000
191545.867330	256.228000
191622.931667	259.101000
191670.369562	261.292000
191736.151841	263.996000
191790.792356	266.612000
191840.975041	268.793000
191897.147220	271.601000
191950.769721	274.037000
192004.123024	276.755000
192049.062383	278.949000
192106.640387	282.056000
192138.599401	283.681000
192201.520865	287.172000
192234.573550	288.916000
192289.550904	292.052000
192323.748885	293.920000
192391.452006	297.810000
192406.958619	298.680000
192472.256517	302.446000
192496.922845	303.864000
192568.870816	307.959000
192588.863146	309.113000
192657.265934	312.979000
192675.519101	314.026000
192749.880410	318.264000
192765.884780	319.214000
192836.626553	323.373000
192852.764459	324.327000
192925.534567	328.662000
192944.359048	329.779000
193009.414625	333.681000
193021.597771	334.400000
193097.739682	338.969000
193113.438826	339.886000
193183.128247	344.079000
193197.891989	344.932000
193266.849264	349.213000
193278.902527	349.919000
193349.015899	354.326000
193361.866790	355.093000
193430.869025	359.503000
193441.505773	360.144000
193510.462719	364.580000
193519.239323	365.127000
193588.840044	369.562000
193599.454882	370.228000
193671.135988	374.776000
193679.101155	375.273000
193753.664555	379.967000
193755.509350	380.081000
193834.056880	384.951000
193844.675254	385.599000
193917.856465	390.076000
193920.177667	390.217000
193997.587172	394.906000
194004.809347	395.342000
194089.238485	400.437000
194089.423523	400.448000
194167.230410	405.127000
194170.537090	405.327000
194255.291259	410.396000
194256.379131	410.461000
194334.404959	415.167000
194339.153835	415.453000
194422.976334	420.465000
194425.296417	420.606000
194501.983045	425.214000
194507.070758	425.527000
194585.393129	430.208000
194595.971970	430.860000
194672.594656	435.436000
194675.289839	435.603000
194753.349349	440.307000
194760.205163	440.736000
194831.059185	445.054000
194843.630246	445.844000
194918.789685	450.473000
194926.460318	450.952000
194993.330107	455.120000
195003.770029	455.775000
195074.287142	460.219000
195085.738903	460.935000
195156.668446	465.384000
195164.449221	465.863000
195234.446300	470.271000
195246.956815	471.035000
195308.221062	474.886000
195323.259453	475.799000
195400.234734	480.636000
195406.501339	481.018000
195470.735550	485.093000
195483.628637	485.881000
195548.425387	490.016000
195561.608156	490.828000
195635.705608	495.543000
195641.534065	495.899000
195710.252647	500.264000
195719.276685	500.816000
195784.581794	504.993000
195799.340122	505.892000
195873.442891	510.628000
195878.015732	510.905000
195942.804858	515.009000
195958.275704	515.951000
196026.752803	520.310000
196042.363422	521.262000
196107.230867	525.407000
196120.249372	526.200000
196182.469161	530.132000
196206.813763	531.621000
196268.478282	535.482000
196287.548635	536.643000
196345.943794	540.271000
196372.046768	541.860000
196426.043791	545.240000
196458.602804	547.207000
196509.591645	550.396000
196548.078475	552.740000
196588.925180	555.319000
196619.509500	557.222000
196671.814124	560.510000
196717.922288	563.398000
196747.485058	565.259000
196790.825065	567.944000
196830.508464	570.435000
196883.054102	573.708000
196912.582111	575.583000
196957.423106	578.414000
196983.181052	580.041000
197045.874636	584.004000
197067.898464	585.387000
197127.254993	589.133000
197146.275486	590.322000
197204.226179	593.970000
197220.247206	594.976000
197295.051903	599.676000
197303.650784	600.215000
197369.825282	604.365000
197384.398125	605.275000
197455.581995	609.742000
197458.875856	609.946000
197539.147257	614.938000
197540.931993	615.047000
197623.802076	620.125000
197624.317071	620.156000
197698.819140	624.711000
197707.531839	625.251000
197781.376607	629.762000
197793.228735	630.487000
197868.413522	635.066000
197880.954754	635.831000
197939.763698	639.443000
197958.139298	640.576000
198026.375108	644.808000
198043.500110	645.863000
198105.721941	649.733000
198131.094598	651.291000
198182.965044	654.497000
198206.316920	655.922000
198271.813363	659.955000
198291.978547	661.171000
198356.484419	665.158000
198376.574968	666.365000
198440.046696	670.252000
198456.916533	671.262000
198522.840786	675.264000
198538.961367	676.219000
198613.305416	680.725000
198625.753011	681.456000
198695.844361	685.713000
198710.685747	686.579000
198783.130041	690.946000
198789.607032	691.321000
198867.747894	695.965000
198876.850486	696.486000
198962.591571	701.538000
198965.040660	701.679000
199040.818869	706.200000
199046.213434	706.510000
199132.836411	711.622000
199135.867177	711.800000
199220.283319	716.654000
199221.269899	716.712000
199304.576272	721.468000
199314.088156	722.031000
199398.649793	726.860000
199400.270013	726.956000
199480.706716	731.529000
199498.862414	732.597000
199566.890627	736.508000
199579.361881	737.234000
199660.320284	741.883000
199674.318614	742.696000
199738.106842	746.330000
199764.664327	747.857000
199834.315432	751.774000
199853.608185	752.874000
199920.067479	756.568000
