0.000000	500.000000
65.565542	495.899000
71.055256	495.543000
146.543869	490.828000
159.044110	490.016000
224.716073	485.881000
236.813546	485.093000
302.016350	481.018000
307.914147	480.636000
385.503730	475.799000
399.729132	474.886000
461.742480	471.035000
473.642600	470.271000
544.228200	465.863000
551.676051	465.384000
622.371825	460.935000
633.547242	460.219000
703.123553	455.775000
713.300838	455.120000
778.339883	450.952000
785.861474	450.473000
858.420023	445.844000
870.968048	445.054000
938.242062	440.736000
945.125296	440.307000
1018.714150	435.603000
1021.422551	435.436000
1093.686487	430.860000
1104.351969	430.208000
1178.652889	425.527000
1183.769328	425.214000
1257.038626	420.606000
1259.331648	420.465000
1339.961544	415.453000
1344.634598	415.167000
1421.001060	410.461000
1422.054366	410.396000
1504.935862	405.327000
1508.202936	405.127000
1583.820760	400.448000
1583.999513	400.437000
1667.710573	395.342000
1674.772118	394.906000
1750.688292	390.217000
1752.963761	390.076000
1825.020150	385.599000
1835.379051	384.951000
1913.414427	380.081000
1915.213644	379.967000
1989.532753	375.273000
1997.262944	374.776000
2068.605771	370.228000
2078.887077	369.562000
2148.089921	365.127000
2156.499465	364.580000
2226.162306	360.144000
2235.927344	359.503000
2307.447368	355.093000
2319.205458	354.326000
2391.337849	349.919000
2402.335145	349.213000
2473.672403	344.932000
2487.118092	344.079000
2557.906035	339.886000
2572.800284	338.969000
2649.138490	334.400000
2660.846596	333.681000
2725.403425	329.779000
2743.600299	328.662000
2814.950055	324.327000
2830.593199	323.373000
2899.291508	319.214000
2915.066083	318.264000
2984.795588	314.026000
3002.702820	312.979000
3068.421242	309.113000
3088.315690	307.959000
3157.511316	303.864000
3181.794622	302.446000
3245.678240	298.680000
3260.390783	297.810000
3327.921205	293.920000
3359.624587	292.052000
3415.464056	288.916000
3445.267659	287.172000
3509.494246	283.681000
3538.004658	282.056000
3597.191955	278.949000
3636.710897	276.755000
3690.495310	274.037000
3736.817314	271.601000
3796.226992	268.793000
3838.441774	266.612000
3896.092246	263.996000
3950.583343	261.292000
4001.388690	259.101000
4061.250130	256.228000
4120.015444	253.907000
4187.321611	250.909000
4233.635495	249.006000
4308.084523	245.758000
4344.726346	244.176000
4429.131440	240.610000
4478.018641	238.619000
4553.681809	235.224000
4585.408278	233.968000
4674.901438	230.037000
4704.640743	228.921000
4798.712641	224.914000
4827.416543	223.869000
4934.382992	219.529000
4958.903033	218.704000
5081.532825	214.047000
5086.430168	213.900000
5235.495204	209.540000
5267.353348	208.688000
5462.825644	203.901000
5485.755546	203.459000
5753.176250	198.715000
5768.204137	198.617000
6060.084348	193.926000
6098.603549	193.538000
6602.827834	198.617000
6608.925524	198.715000
7336.397930	203.459000
7361.313603	203.901000
7609.651709	208.688000
7644.442266	209.540000
7807.472200	213.900000
7812.498017	214.047000
7967.647191	218.704000
7989.371387	219.529000
8118.361668	223.869000
8144.117414	224.914000
8254.181083	228.921000
8280.381292	230.037000
8385.135066	233.968000
8413.729166	235.224000
8499.486619	238.619000
8543.859335	240.610000
8631.419233	244.176000
8668.864230	245.758000
8744.093460	249.006000
8787.713072	250.909000
8860.676301	253.907000
8912.783577	256.228000
8985.524959	259.101000
9031.176338	261.292000
9093.877232	263.996000
9146.594950	266.612000
9194.659048	268.793000
9249.009855	271.601000
9300.549019	274.037000
9352.233423	276.755000
9395.648803	278.949000
9451.612956	282.056000
9482.568655	283.681000
9543.817792	287.172000
9575.903490	288.916000
9629.495289	292.052000
9662.756810	293.920000
9728.777235	297.810000
9743.880440	298.680000
9807.567148	302.446000
9831.621044	303.864000
9901.748080	307.959000
9921.247898	309.113000
9987.896020	312.979000
10005.694051	314.026000
10078.178151	318.264000
10093.808880	319.214000
10162.868309	323.373000
10178.626469	324.327000
10249.709309	328.662000
10268.094009	329.779000
10331.660889	333.681000
10343.556419	334.400000
10417.957443	338.969000
10433.278549	339.886000
10501.382786	344.079000
10515.783482	344.932000
10583.264130	349.213000
10595.028695	349.919000
10663.676124	354.326000
10676.230140	355.093000
10743.835323	359.503000
10754.230864	360.144000
10821.809192	364.580000
10830.399268	365.127000
10898.582677	369.562000
10908.974806	370.228000
10979.184086	374.776000
10986.980345	375.273000
11059.989432	379.967000
11061.794370	380.081000
11138.655657	384.951000
11149.039009	385.599000
11220.608141	390.076000
11222.877506	390.217000
11298.548935	394.906000
11305.607893	395.342000
11388.127557	400.437000
11388.308287	400.448000
11464.343597	405.127000
11467.575818	405.327000
11550.379818	410.396000
11551.442611	410.461000
11627.701918	415.167000
11632.342974	415.453000
11714.235794	420.465000
11716.504113	420.606000
11791.442021	425.214000
11796.418864	425.527000
11872.936593	430.208000
11883.285707	430.860000
11958.140376	435.436000
11960.777631	435.603000
12037.066940	440.307000
12043.778169	440.736000
12113.059772	445.054000
12125.367894	445.844000
12198.892967	450.473000
12206.401186	450.952000
12271.850025	455.120000
12282.070892	455.775000
12351.121055	460.219000
12362.330920	460.935000
12431.771467	465.384000
12439.382902	465.863000
12507.921791	470.271000
12520.155775	471.035000
12580.139236	474.886000
12594.841440	475.799000
12670.206468	480.636000
12676.334072	481.018000
12739.249045	485.093000
12751.857587	485.881000
12815.338616	490.016000
12828.234779	490.828000
12900.819309	495.543000
12906.518979	495.899000
12973.829662	500.264000
12982.654870	500.816000
13046.639790	504.993000
13061.070312	505.892000
13133.672775	510.628000
13138.142945	510.905000
13201.597548	515.009000
13216.724478	515.951000
13283.804425	520.310000
13299.069067	521.262000
13362.622722	525.407000
13375.352051	526.200000
13436.284415	530.132000
13460.092511	531.621000
13520.458090	535.482000
13539.104392	536.643000
13596.250902	540.271000
13621.773344	541.860000
13674.632344	545.240000
13706.456563	547.207000
13756.369025	550.396000
13794.000708	552.740000
13834.000761	555.319000
13863.932989	557.222000
13915.144259	560.510000
13960.281840	563.398000
13989.228314	565.259000
14031.636496	567.944000
14070.488056	570.435000
14121.915694	573.708000
14150.838352	575.583000
14194.749781	578.414000
14219.974259	580.041000
14281.371283	584.004000
14302.933787	585.387000
14361.058934	589.133000
14379.677512	590.322000
14436.420079	593.970000
14452.105487	594.976000
14525.344950	599.676000
14533.763086	600.215000
14598.547929	604.365000
14612.812204	605.275000
14682.503060	609.742000
14685.726061	609.946000
14764.284264	614.938000
14766.029557	615.047000
14847.079849	620.125000
14847.583141	620.156000
14920.442085	624.711000
14928.967613	625.251000
15001.181098	629.762000
15012.772088	630.487000
15086.286291	635.066000
15098.549701	635.831000
15156.072999	639.443000
15174.049875	640.576000
15240.821702	644.808000
15257.574511	645.863000
15318.468689	649.733000
15343.286411	651.291000
15394.036603	654.497000
15416.871566	655.922000
15480.943179	659.955000
15500.651652	661.171000
15563.764402	665.158000
15583.396660	666.365000
15645.472964	670.252000
15661.955403	671.262000
15726.405656	675.264000
15742.148443	676.219000
15814.825162	680.725000
15826.976104	681.456000
15895.501722	685.713000
15909.985014	686.579000
15980.787449	690.946000
15987.105803	691.321000
16063.426647	695.965000
16072.301329	696.486000
16156.012024	701.538000
16158.400478	701.679000
16232.426757	706.200000
16237.687283	706.510000
16322.265185	711.622000
16325.223732	711.800000
16407.544883	716.654000
16408.507999	716.712000
16489.718303	721.468000
16499.006895	722.031000
16581.442010	726.860000
16583.024272	726.956000
16661.420802	731.529000
16679.145199	732.597000
16745.484563	736.508000
16757.653553	737.234000
16836.597648	741.883000
16850.255179	742.696000
16912.431903	746.330000
16938.330235	747.857000
17006.177514	751.774000
17024.983629	752.874000
17089.682712	756.568000
17118.554796	758.249000
17175.007729	761.437000
17202.885616	763.056000
17267.913927	766.695000
17300.740506	768.581000
17353.464635	771.533000
17389.696453	773.590000
17444.194231	776.646000
17479.175105	778.612000
17527.940069	781.338000
17574.429408	783.938000
17623.652112	786.666000
17668.489159	789.177000
17713.959700	791.687000
17754.597736	793.950000
17797.435244	796.300000
17855.703527	799.545000
17894.948801	801.682000
17943.481344	804.383000
17985.898365	806.688000
18043.101169	809.887000
18074.269303	811.571000
18123.143569	814.309000
18162.105652	816.435000
18235.130438	820.512000
18265.088277	822.142000
18312.725889	824.789000
18344.276471	826.486000
18413.197353	830.260000
18438.692430	831.612000
18513.975970	835.709000
18545.014472	837.345000
18602.043652	840.422000
18621.632779	841.453000
18701.076457	845.705000
18726.056146	847.005000
18806.891760	851.273000
18823.675686	852.137000
18890.151155	855.657000
18914.231147	856.878000
19001.404600	861.510000
19010.201782	861.959000
19095.052309	866.446000
19114.295491	867.425000
19191.964594	871.471000
19202.883761	872.022000
19294.422064	876.717000
19301.027206	877.046000
19401.536388	882.148000
19409.666335	882.547000
19491.687176	886.678000
19504.827513	887.323000
19599.187859	892.037000
19601.304956	892.142000
19703.915249	897.169000
19708.500945	897.393000
19805.294679	902.187000
19808.845433	902.359000
19906.673295	907.125000
19911.078533	907.335000
20012.962240	912.205000
20016.265327	912.361000
20120.913617	917.323000
20124.046079	917.470000
20225.113529	922.229000
20228.969716	922.408000
20332.104560	927.215000
20340.440537	927.604000
20438.625645	932.097000
20450.038373	932.622000
20555.009707	937.407000
20557.402465	937.516000
20660.153741	942.196000
20670.444076	942.662000
20768.206535	947.085000
20781.926341	947.704000
20881.764636	952.164000
20897.896548	952.884000
20998.863547	957.385000
20999.955823	957.434000
21100.189407	961.932000
21123.513646	962.959000
21225.244126	967.435000
21236.450044	967.924000
21334.137454	972.128000
21341.606384	972.451000
21448.323692	977.004000
21473.192470	978.083000
21570.936302	982.195000
21584.330764	982.771000
21678.153835	986.758000
21705.738124	987.924000
21780.243956	991.076000
21821.692609	992.804000
21876.260128	995.084000
21943.488911	997.855000
21952.050713	998.206000
22016.048206	1000.847000
22031.718731	1001.484000
22049.047926	1002.187000
22049.319594	1002.198000
22050.408136	1002.242000
22052.857760	1002.341000
22053.922599	1002.384000
22054.887992	1002.423000
22055.532155	1002.449000
22056.399341	1002.484000
22060.414079	1002.646000
22060.935026	1002.667000
22062.864367	1002.746000
22065.644222	1002.858000
22067.283259	1002.924000
22067.953831	1002.951000
22099.926519	1004.241000
22150.309631	1006.265000
22198.533265	1008.185000
22201.744771	1008.312000
22271.120208	1011.069000
22315.137658	1012.790000
22338.176916	1013.694000
22410.139175	1016.486000
22456.240731	1018.260000
22477.556688	1019.081000
22557.105391	1022.122000
22580.572461	1023.017000
22634.110061	1025.063000
22712.811894	1028.037000
22725.500835	1028.514000
22851.853677	1033.223000
22854.441876	1033.317000
22978.895056	1037.998000
22989.015759	1038.358000
23115.695458	1042.983000
23129.046084	1043.457000
23259.375801	1047.998000
23280.039662	1048.705000
23414.337724	1053.322000
23421.511562	1053.565000
23557.016541	1058.135000
23560.514402	1058.251000
23723.417081	1063.635000
23725.711714	1063.709000
23873.768218	1068.466000
23883.488315	1068.775000
24029.218876	1073.364000
24044.692849	1073.837000
24199.880777	1078.574000
24207.007002	1078.790000
24379.866088	1083.945000
24398.735211	1084.508000
24537.142114	1088.725000
24542.256216	1088.878000
24710.384532	1093.785000
24729.265405	1094.324000
24898.061047	1099.230000
24913.605078	1099.661000
25070.673545	1103.978000
25090.401541	1104.507000
25264.780387	1109.196000
25284.366507	1109.708000
25469.571548	1114.501000
25497.394350	1115.229000
25645.034422	1119.011000
25681.659080	1119.935000
25872.708761	1124.719000
25898.233447	1125.319000
26075.260635	1129.518000
26126.845468	1130.659000
26291.944844	1134.322000
26341.736321	1135.328000
26583.834772	1140.196000
26629.540550	1140.987000
26809.712461	1144.203000
26926.085986	1146.099000
27166.666396	1150.121000
27223.796323	1150.883000
27475.027504	1154.994000
27628.866297	1156.713000
27847.978816	1159.910000
28000.110293	1161.390000
28275.936335	1165.080000
28475.711540	1166.760000
28838.393428	1170.514000
29137.064847	1171.876000
29652.039622	1175.044000
30388.414536	1170.514000
31211.624895	1166.760000
31373.933251	1165.080000
31812.725220	1161.390000
31923.354636	1159.910000
32251.979185	1156.713000
32369.794142	1154.994000
32737.700647	1150.883000
32784.267944	1150.121000
33085.811995	1146.099000
33199.223346	1144.203000
33396.616414	1140.987000
33440.931085	1140.196000
33722.215189	1135.328000
33772.246216	1134.322000
33953.544609	1130.659000
34004.971960	1129.518000
34194.809573	1125.319000
34220.105194	1124.719000
34423.622017	1119.935000
34460.522081	1119.011000
34610.429500	1115.229000
34638.848847	1114.501000
34822.028365	1109.708000
34841.812421	1109.196000
35021.186083	1104.507000
35040.859022	1103.978000
35201.852896	1099.661000
35217.534274	1099.230000
35394.469349	1094.324000
35413.014162	1093.785000
35584.903676	1088.878000
35590.145908	1088.725000
35731.101261	1084.508000
35749.579583	1083.945000
35922.351037	1078.790000
35929.594017	1078.574000
36085.876105	1073.837000
36101.371966	1073.364000
36251.498938	1068.775000
36261.311696	1068.466000
36410.950858	1063.709000
36413.254028	1063.635000
36580.204041	1058.251000
36583.713831	1058.135000
36721.517503	1053.565000
36728.722691	1053.322000
36865.025609	1048.705000
36885.590636	1047.998000
37018.312837	1043.457000
37031.916952	1042.983000
37162.184134	1038.358000
37172.044608	1037.998000
37303.641858	1033.317000
37306.141024	1033.223000
37435.798789	1028.514000
37448.597750	1028.037000
37527.710770	1025.063000
37581.854667	1023.017000
37605.274096	1022.122000
37685.009694	1019.081000
37706.486013	1018.260000
37752.545098	1016.486000
37825.101773	1013.694000
37848.401874	1012.790000
37892.263118	1011.069000
37962.777998	1008.312000
37965.973748	1008.185000
38014.525648	1006.265000
38065.361396	1004.241000
38097.473162	1002.951000
38098.142357	1002.924000
38099.781533	1002.858000
38102.562930	1002.746000
38104.523720	1002.667000
38105.036583	1002.646000
38109.055317	1002.484000
38109.922699	1002.449000
38110.566894	1002.423000
38111.533139	1002.384000
38112.597546	1002.341000
38115.049153	1002.242000
38116.137875	1002.198000
38116.410010	1002.187000
38133.772047	1001.484000
38149.474320	1000.847000
38214.444265	998.206000
38222.949800	997.855000
38290.541689	995.084000
38345.858047	992.804000
38387.214483	991.076000
38462.819895	987.924000
38490.381380	986.758000
38584.702618	982.771000
38598.257193	982.195000
38693.878770	978.083000
38719.527018	977.004000
38824.464503	972.451000
38832.035268	972.128000
38929.246968	967.924000
38940.609752	967.435000
39043.181712	962.959000
39066.523357	961.932000
39168.677621	957.434000
39169.769538	957.385000
39270.102953	952.884000
39286.254084	952.164000
39386.182317	947.704000
39400.038798	947.085000
39498.072238	942.662000
39508.372330	942.196000
39611.717334	937.516000
39614.110472	937.407000
39719.150343	932.622000
39730.667574	932.097000
39828.338790	927.604000
39836.839571	927.215000
39939.849959	922.408000
39943.690429	922.229000
40046.213308	917.470000
40049.335165	917.323000
40155.071740	912.361000
40158.361771	912.205000
40261.477371	907.335000
40265.870714	907.125000
40365.848619	902.359000
40369.379125	902.187000
40468.346080	897.393000
40472.868774	897.169000
40575.780803	892.142000
40577.924045	892.037000
40672.971613	887.323000
40685.882607	886.678000
40770.041881	882.547000
40777.964011	882.148000
40881.921371	877.046000
40888.402656	876.717000
40982.661446	872.022000
40993.404279	871.471000
41073.583866	867.425000
41092.377255	866.446000
41180.573536	861.959000
41189.064262	861.510000
41279.818263	856.878000
41302.797276	855.657000
41372.217071	852.137000
41388.533777	851.273000
41471.443264	847.005000
41496.065171	845.705000
41577.767967	841.453000
41597.031004	840.422000
41655.494383	837.345000
41685.816040	835.709000
41763.545099	831.612000
41788.388484	830.260000
41859.555953	826.486000
41890.546609	824.789000
41939.759568	822.142000
41969.094403	820.512000
42044.025757	816.435000
42082.105398	814.309000
42132.283283	811.571000
42162.343277	809.887000
42221.551626	806.688000
42262.768401	804.383000
42312.472684	801.682000
42350.871071	799.545000
42410.464386	796.300000
42452.661756	793.950000
42493.913365	791.687000
42538.986927	789.177000
42584.475584	786.666000
42633.187438	783.938000
42680.100572	781.338000
42728.842856	778.612000
42764.012305	776.646000
42818.387458	773.590000
42855.070027	771.533000
42907.066295	768.581000
42940.751156	766.695000
43004.089395	763.056000
43033.020650	761.437000
43087.915464	758.249000
43117.682522	756.568000
43181.128969	752.874000
43200.395074	751.774000
43267.361940	747.857000
43293.811466	746.330000
43355.445085	742.696000
43369.355288	741.883000
43447.453517	737.234000
43459.781634	736.508000
43525.336616	732.597000
43543.452300	731.529000
43619.345246	726.956000
43620.991007	726.860000
43700.582075	722.031000
43710.192961	721.468000
43788.659291	716.712000
43789.649661	716.654000
43870.252471	711.800000
43873.271252	711.622000
43958.238074	706.510000
43963.367016	706.200000
44040.085858	701.679000
44042.394574	701.538000
44127.972375	696.486000
44136.605247	695.965000
44215.710855	691.321000
44221.873714	690.946000
44295.453061	686.579000
44309.493571	685.713000
44380.689153	681.456000
44392.456178	680.725000
44467.356510	676.219000
44482.759587	675.264000
44548.730932	671.262000
44564.996488	670.252000
44628.429398	666.365000
44647.705471	665.158000
44712.555357	661.171000
44731.804191	659.955000
44797.169547	655.922000
44819.808290	654.497000
44871.182950	651.291000
44895.845707	649.733000
44957.491782	645.863000
44974.092133	644.808000
45041.293922	640.576000
45059.170217	639.443000
45116.480432	635.831000
45128.663523	635.066000
45202.067643	630.487000
45213.707259	629.762000
45285.827197	625.251000
45294.471684	624.711000
45366.386087	620.156000
45366.881944	620.125000
45449.324343	615.047000
45451.064099	614.938000
45530.995286	609.946000
45534.205597	609.742000
45604.779842	605.275000
45618.976994	604.365000
45684.028358	600.215000
45692.442582	599.676000
45765.847481	594.976000
45781.523843	593.970000
45838.402938	590.322000
45856.897157	589.133000
45915.555854	585.387000
45937.015298	584.004000
45998.802864	580.041000
46024.009263	578.414000
46067.900165	575.583000
46096.983149	573.708000
46147.470541	570.435000
46186.610855	567.944000
46228.488189	565.259000
46257.881719	563.398000
46302.802415	560.510000
46354.191739	557.222000
46383.831352	555.319000
46424.396363	552.740000
46460.751587	550.396000
46511.949299	547.207000
46542.735694	545.240000
46597.420929	541.860000
46622.270915	540.271000
46680.543677	536.643000
46698.831190	535.482000
46760.840983	531.621000
46784.121052	530.132000
46846.991056	526.200000
46859.279806	525.407000
46925.815831	521.262000
46940.412472	520.310000
47010.305931	515.951000
47024.802216	515.009000
47090.705528	510.905000
47094.988405	510.628000
47171.417023	505.892000
47185.198614	504.993000
47252.246767	500.816000
47260.702519	500.264000
47330.488813	495.899000
47335.978528	495.543000
47411.467140	490.828000
47423.967382	490.016000
47489.639344	485.881000
47501.736817	485.093000
47566.939621	481.018000
47572.837418	480.636000
47650.427001	475.799000
47664.652403	474.886000
47726.665751	471.035000
47738.565871	470.271000
47809.151471	465.863000
47816.599323	465.384000
47887.295096	460.935000
47898.470513	460.219000
47968.046824	455.775000
47978.224110	455.120000
48043.263154	450.952000
48050.784745	450.473000
48123.343294	445.844000
48135.891319	445.054000
48203.165333	440.736000
48210.048567	440.307000
48283.637422	435.603000
48286.345822	435.436000
48358.609758	430.860000
48369.275240	430.208000
48443.576161	425.527000
48448.692599	425.214000
48521.961897	420.606000
48524.254919	420.465000
48604.884815	415.453000
48609.557869	415.167000
48685.924332	410.461000
48686.977637	410.396000
48769.859133	405.327000
48773.126207	405.127000
48848.744031	400.448000
48848.922784	400.437000
48932.633844	395.342000
48939.695389	394.906000
49015.611563	390.217000
49017.887032	390.076000
49089.943422	385.599000
49100.302322	384.951000
49178.337698	380.081000
49180.136915	379.967000
49254.456024	375.273000
49262.186215	374.776000
49333.529042	370.228000
49343.810348	369.562000
49413.013192	365.127000
49421.422736	364.580000
49491.085577	360.144000
49500.850615	359.503000
49572.370639	355.093000
49584.128729	354.326000
49656.261120	349.919000
49667.258417	349.213000
49738.595674	344.932000
49752.041363	344.079000
49822.829306	339.886000
49837.723555	338.969000
49914.061761	334.400000
49925.769867	333.681000
49990.326696	329.779000
50008.523570	328.662000
50079.873326	324.327000
50095.516470	323.373000
50164.214779	319.214000
50179.989355	318.264000
50249.718859	314.026000
50267.626092	312.979000
50333.344514	309.113000
50353.238961	307.959000
50422.434587	303.864000
50446.717893	302.446000
50510.601512	298.680000
50525.314054	297.810000
50592.844476	293.920000
50624.547858	292.052000
50680.387327	288.916000
50710.190930	287.172000
50774.417517	283.681000
50802.927929	282.056000
50862.115226	278.949000
50901.634168	276.755000
50955.418581	274.037000
51001.740585	271.601000
51061.150263	268.793000
51103.365045	266.612000
51161.015517	263.996000
51215.506614	261.292000
51266.311961	259.101000
51326.173401	256.228000
51384.938715	253.907000
51452.244882	250.909000
51498.558766	249.006000
51573.007794	245.758000
51609.649617	244.176000
51694.054711	240.610000
51742.941912	238.619000
51818.605081	235.224000
51850.331549	233.968000
51939.824709	230.037000
51969.564014	228.921000
52063.635912	224.914000
52092.339814	223.869000
52199.306263	219.529000
52223.826305	218.704000
52346.456096	214.047000
52351.353439	213.900000
52500.418476	209.540000
52532.276619	208.688000
52727.748915	203.901000
52750.678817	203.459000
53018.099521	198.715000
53033.127408	198.617000
53325.007619	193.926000
53363.526820	193.538000
53867.751105	198.617000
53873.848795	198.715000
54601.321201	203.459000
54626.236874	203.901000
54874.574980	208.688000
54909.365537	209.540000
55072.395471	213.900000
55077.421288	214.047000
55232.570462	218.704000
55254.294658	219.529000
55383.284939	223.869000
55409.040685	224.914000
55519.104354	228.921000
55545.304563	230.037000
55650.058337	233.968000
55678.652437	235.224000
55764.409890	238.619000
55808.782606	240.610000
55896.342504	244.176000
55933.787501	245.758000
56009.016731	249.006000
56052.636343	250.909000
56125.599572	253.907000
56177.706848	256.228000
56250.448230	259.101000
56296.099609	261.292000
56358.800504	263.996000
56411.518221	266.612000
56459.582319	268.793000
56513.933126	271.601000
56565.472290	274.037000
56617.156694	276.755000
56660.572074	278.949000
56716.536227	282.056000
56747.491926	283.681000
56808.741064	287.172000
56840.826761	288.916000
56894.418560	292.052000
56927.680081	293.920000
56993.700507	297.810000
57008.803712	298.680000
57072.490419	302.446000
57096.544315	303.864000
57166.671351	307.959000
57186.171169	309.113000
57252.819291	312.979000
57270.617322	314.026000
57343.101422	318.264000
57358.732151	319.214000
57427.791580	323.373000
57443.549740	324.327000
57514.632580	328.662000
57533.017280	329.779000
57596.584160	333.681000
57608.479690	334.400000
57682.880714	338.969000
57698.201820	339.886000
57766.306057	344.079000
57780.706753	344.932000
57848.187401	349.213000
57859.951966	349.919000
57928.599396	354.326000
57941.153411	355.093000
58008.758594	359.503000
58019.154135	360.144000
58086.732464	364.580000
58095.322539	365.127000
58163.505948	369.562000
58173.898077	370.228000
58244.107358	374.776000
58251.903616	375.273000
58324.912703	379.967000
58326.717641	380.081000
58403.578928	384.951000
58413.962280	385.599000
58485.531412	390.076000
58487.800778	390.217000
58563.472206	394.906000
58570.531164	395.342000
58653.050828	400.437000
58653.231558	400.448000
58729.266868	405.127000
58732.499089	405.327000
58815.303089	410.396000
58816.365882	410.461000
58892.625189	415.167000
58897.266245	415.453000
58979.159065	420.465000
58981.427384	420.606000
59056.365292	425.214000
59061.342135	425.527000
59137.859864	430.208000
59148.208978	430.860000
59223.063648	435.436000
59225.700902	435.603000
59301.990212	440.307000
59308.701440	440.736000
59377.983043	445.054000
59390.291165	445.844000
59463.816238	450.473000
59471.324457	450.952000
59536.773296	455.120000
59546.994164	455.775000
59616.044326	460.219000
59627.254191	460.935000
59696.694738	465.384000
59704.306173	465.863000
59772.845063	470.271000
59785.079046	471.035000
59845.062507	474.886000
59859.764711	475.799000
59935.129739	480.636000
59941.257344	481.018000
60004.172316	485.093000
60016.780858	485.881000
60080.261887	490.016000
60093.158050	490.828000
60165.742580	495.543000
60171.442251	495.899000
60238.752933	500.264000
60247.578141	500.816000
60311.563062	504.993000
60325.993583	505.892000
60398.596046	510.628000
60403.066216	510.905000
60466.520820	515.009000
60481.647749	515.951000
60548.727696	520.310000
60563.992338	521.262000
60627.545993	525.407000
60640.275322	526.200000
60701.207686	530.132000
60725.015782	531.621000
60785.381361	535.482000
60804.027663	536.643000
60861.174173	540.271000
60886.696615	541.860000
60939.555616	545.240000
60971.379834	547.207000
61021.292296	550.396000
61058.923979	552.740000
61098.924032	555.319000
61128.856260	557.222000
61180.067530	560.510000
61225.205111	563.398000
61254.151585	565.259000
61296.559767	567.944000
61335.411327	570.435000
61386.838965	573.708000
61415.761623	575.583000
61459.673052	578.414000
61484.897530	580.041000
61546.294554	584.004000
61567.857058	585.387000
61625.982205	589.133000
61644.600783	590.322000
61701.343350	593.970000
61717.028758	594.976000
61790.268221	599.676000
61798.686357	600.215000
61863.471200	604.365000
61877.735475	605.275000
61947.426331	609.742000
61950.649333	609.946000
62029.207535	614.938000
62030.952828	615.047000
62112.003120	620.125000
62112.506412	620.156000
62185.365356	624.711000
62193.890884	625.251000
62266.104369	629.762000
62277.695359	630.487000
62351.209562	635.066000
62363.472972	635.831000
62420.996270	639.443000
62438.973146	640.576000
62505.744973	644.808000
62522.497782	645.863000
62583.391960	649.733000
62608.209682	651.291000
62658.959874	654.497000
62681.794837	655.922000
62745.866450	659.955000
62765.574923	661.171000
62828.687673	665.158000
62848.319931	666.365000
62910.396235	670.252000
62926.878674	671.262000
62991.328927	675.264000
63007.071714	676.219000
63079.748433	680.725000
63091.899375	681.456000
63160.424993	685.713000
63174.908285	686.579000
63245.710720	690.946000
63252.029074	691.321000
63328.349918	695.965000
63337.224600	696.486000
63420.935295	701.538000
63423.323749	701.679000
63497.350028	706.200000
63502.610554	706.510000
63587.188456	711.622000
63590.147003	711.800000
63672.468154	716.654000
63673.431270	716.712000
63754.641574	721.468000
63763.930167	722.031000
63846.365281	726.860000
63847.947543	726.956000
63926.344073	731.529000
63944.068470	732.597000
64010.407834	736.508000
64022.576824	737.234000
64101.520920	741.883000
64115.178450	742.696000
64177.355175	746.330000
64203.253506	747.857000
64271.100785	751.774000
64289.906900	752.874000
64354.605983	756.568000
64383.478067	758.249000
64439.931000	761.437000
64467.808887	763.056000
64532.837198	766.695000
64565.663777	768.581000
64618.387906	771.533000
64654.619724	773.590000
64709.117502	776.646000
64744.098376	778.612000
64792.863340	781.338000
64839.352679	783.938000
64888.575383	786.666000
64933.412430	789.177000
64978.882971	791.687000
65019.521007	793.950000
65062.358515	796.300000
65120.626799	799.545000
65159.872072	801.682000
65208.404616	804.383000
65250.821636	806.688000
65308.024441	809.887000
65339.192574	811.571000
65388.066840	814.309000
65427.028923	816.435000
65500.053709	820.512000
65530.011548	822.142000
65577.649160	824.789000
65609.199742	826.486000
65678.120624	830.260000
65703.615701	831.612000
65778.899241	835.709000
65809.937743	837.345000
65866.966923	840.422000
65886.556050	841.453000
65965.999728	845.705000
65990.979417	847.005000
66071.815031	851.273000
66088.598957	852.137000
66155.074427	855.657000
66179.154418	856.878000
66266.327871	861.510000
66275.125053	861.959000
66359.975580	866.446000
66379.218763	867.425000
66456.887865	871.471000
66467.807032	872.022000
66559.345335	876.717000
66565.950477	877.046000
66666.459660	882.148000
66674.589606	882.547000
66756.610447	886.678000
66769.750784	887.323000
66864.111130	892.037000
66866.228227	892.142000
66968.838520	897.169000
66973.424216	897.393000
67070.217950	902.187000
67073.768704	902.359000
67171.596567	907.125000
67176.001804	907.335000
67277.885511	912.205000
67281.188598	912.361000
67385.836888	917.323000
67388.969350	917.470000
67490.036800	922.229000
67493.892987	922.408000
67597.027831	927.215000
67605.363808	927.604000
67703.548916	932.097000
67714.961644	932.622000
67819.932978	937.407000
67822.325736	937.516000
67925.077012	942.196000
67935.367347	942.662000
68033.129807	947.085000
68046.849612	947.704000
68146.687907	952.164000
68162.819819	952.884000
68263.786818	957.385000
68264.879094	957.434000
68365.112678	961.932000
68388.436917	962.959000
68490.167397	967.435000
68501.373315	967.924000
68599.060725	972.128000
68606.529655	972.451000
68713.246963	977.004000
68738.115742	978.083000
68835.859573	982.195000
68849.254035	982.771000
68943.077106	986.758000
68970.661396	987.924000
69045.167227	991.076000
69086.615880	992.804000
69141.183399	995.084000
69208.412182	997.855000
69216.973984	998.206000
69280.971477	1000.847000
69296.642002	1001.484000
69313.971197	1002.187000
69314.242865	1002.198000
69315.331407	1002.242000
69317.781031	1002.341000
69318.845870	1002.384000
69319.811263	1002.423000
69320.455426	1002.449000
69321.322612	1002.484000
69325.337350	1002.646000
69325.858298	1002.667000
69327.787638	1002.746000
69330.567493	1002.858000
69332.206530	1002.924000
69332.877102	1002.951000
69364.849790	1004.241000
69415.232902	1006.265000
69463.456536	1008.185000
69466.668042	1008.312000
69536.043479	1011.069000
69580.060929	1012.790000
69603.100187	1013.694000
69675.062447	1016.486000
69721.164002	1018.260000
69742.479959	1019.081000
69822.028662	1022.122000
69845.495732	1023.017000
69899.033333	1025.063000
69977.735165	1028.037000
69990.424106	1028.514000
70116.776948	1033.223000
70119.365147	1033.317000
70243.818327	1037.998000
70253.939030	1038.358000
70380.618729	1042.983000
70393.969355	1043.457000
70524.299072	1047.998000
70544.962933	1048.705000
70679.260995	1053.322000
70686.434833	1053.565000
70821.939812	1058.135000
70825.437674	1058.251000
70988.340352	1063.635000
70990.634985	1063.709000
71138.691489	1068.466000
71148.411586	1068.775000
71294.142148	1073.364000
71309.616120	1073.837000
71464.804048	1078.574000
71471.930273	1078.790000
71644.789359	1083.945000
71663.658482	1084.508000
71802.065385	1088.725000
71807.179487	1088.878000
71975.307803	1093.785000
71994.188677	1094.324000
72162.984318	1099.230000
72178.528349	1099.661000
72335.596816	1103.978000
72355.324812	1104.507000
72529.703658	1109.196000
72549.289778	1109.708000
72734.494819	1114.501000
72762.317621	1115.229000
72909.957693	1119.011000
72946.582351	1119.935000
73137.632032	1124.719000
73163.156718	1125.319000
73340.183906	1129.518000
73391.768739	1130.659000
73556.868115	1134.322000
73606.659593	1135.328000
73848.758043	1140.196000
73894.463821	1140.987000
74074.635732	1144.203000
74191.009257	1146.099000
74431.589667	1150.121000
74488.719594	1150.883000
74739.950775	1154.994000
74893.789568	1156.713000
75112.902087	1159.910000
75265.033564	1161.390000
75540.859606	1165.080000
75740.634811	1166.760000
76103.316699	1170.514000
76401.988118	1171.876000
76916.962893	1175.044000
77653.337807	1170.514000
78476.548166	1166.760000
78638.856522	1165.080000
79077.648491	1161.390000
79188.277907	1159.910000
79516.902456	1156.713000
79634.717413	1154.994000
80002.623918	1150.883000
80049.191215	1150.121000
80350.735265	1146.099000
80464.146617	1144.203000
80661.539685	1140.987000
80705.854356	1140.196000
80987.138460	1135.328000
81037.169487	1134.322000
81218.467880	1130.659000
81269.895231	1129.518000
81459.732844	1125.319000
81485.028465	1124.719000
81688.545288	1119.935000
81725.445352	1119.011000
81875.352771	1115.229000
81903.772118	1114.501000
82086.951636	1109.708000
82106.735692	1109.196000
82286.109354	1104.507000
82305.782293	1103.978000
82466.776167	1099.661000
82482.457545	1099.230000
82659.392620	1094.324000
82677.937433	1093.785000
82849.826947	1088.878000
82855.069179	1088.725000
82996.024532	1084.508000
83014.502854	1083.945000
83187.274308	1078.790000
83194.517288	1078.574000
83350.799376	1073.837000
83366.295237	1073.364000
83516.422209	1068.775000
83526.234967	1068.466000
83675.874129	1063.709000
83678.177299	1063.635000
83845.127312	1058.251000
83848.637102	1058.135000
83986.440774	1053.565000
83993.645962	1053.322000
84129.948880	1048.705000
84150.513907	1047.998000
84283.236108	1043.457000
84296.840223	1042.983000
84427.107405	1038.358000
84436.967879	1037.998000
84568.565129	1033.317000
84571.064295	1033.223000
84700.722060	1028.514000
84713.521021	1028.037000
84792.634041	1025.063000
84846.777938	1023.017000
84870.197367	1022.122000
84949.932965	1019.081000
84971.409284	1018.260000
85017.468369	1016.486000
85090.025044	1013.694000
85113.325145	1012.790000
85157.186389	1011.069000
85227.701269	1008.312000
85230.897018	1008.185000
85279.448919	1006.265000
85330.284667	1004.241000
85362.396433	1002.951000
85363.065628	1002.924000
85364.704804	1002.858000
85367.486201	1002.746000
85369.446991	1002.667000
85369.959854	1002.646000
85373.978588	1002.484000
85374.845970	1002.449000
85375.490165	1002.423000
85376.456410	1002.384000
85377.520817	1002.341000
85379.972424	1002.242000
85381.061146	1002.198000
85381.333281	1002.187000
85398.695318	1001.484000
85414.397591	1000.847000
85479.367536	998.206000
85487.873071	997.855000
85555.464960	995.084000
85610.781318	992.804000
85652.137753	991.076000
85727.743166	987.924000
85755.304651	986.758000
85849.625889	982.771000
85863.180464	982.195000
85958.802041	978.083000
85984.450289	977.004000
86089.387774	972.451000
86096.958539	972.128000
86194.170239	967.924000
86205.533023	967.435000
86308.104983	962.959000
86331.446628	961.932000
86433.600892	957.434000
86434.692809	957.385000
86535.026224	952.884000
86551.177355	952.164000
86651.105588	947.704000
86664.962069	947.085000
86762.995509	942.662000
86773.295601	942.196000
86876.640605	937.516000
86879.033743	937.407000
86984.073614	932.622000
86995.590845	932.097000
87093.262061	927.604000
87101.762842	927.215000
87204.773230	922.408000
87208.613700	922.229000
87311.136579	917.470000
87314.258436	917.323000
87419.995011	912.361000
87423.285042	912.205000
87526.400642	907.335000
87530.793985	907.125000
87630.771890	902.359000
87634.302396	902.187000
87733.269351	897.393000
87737.792045	897.169000
87840.704074	892.142000
87842.847316	892.037000
87937.894884	887.323000
87950.805878	886.678000
88034.965152	882.547000
88042.887282	882.148000
88146.844641	877.046000
88153.325927	876.717000
88247.584716	872.022000
88258.327550	871.471000
88338.507137	867.425000
88357.300526	866.446000
88445.496807	861.959000
88453.987533	861.510000
88544.741534	856.878000
88567.720546	855.657000
88637.140342	852.137000
88653.457048	851.273000
88736.366535	847.005000
88760.988442	845.705000
88842.691238	841.453000
88861.954275	840.422000
88920.417654	837.345000
88950.739311	835.709000
89028.468370	831.612000
89053.311755	830.260000
89124.479223	826.486000
89155.469880	824.789000
89204.682839	822.142000
89234.017674	820.512000
89308.949028	816.435000
89347.028669	814.309000
89397.206554	811.571000
89427.266548	809.887000
89486.474897	806.688000
89527.691672	804.383000
89577.395955	801.682000
89615.794342	799.545000
89675.387657	796.300000
89717.585027	793.950000
89758.836636	791.687000
89803.910198	789.177000
89849.398855	786.666000
89898.110709	783.938000
89945.023843	781.338000
89993.766127	778.612000
90028.935576	776.646000
90083.310729	773.590000
90119.993298	771.533000
90171.989566	768.581000
90205.674427	766.695000
90269.012666	763.056000
90297.943921	761.437000
90352.838735	758.249000
90382.605793	756.568000
90446.052240	752.874000
90465.318345	751.774000
90532.285211	747.857000
90558.734737	746.330000
90620.368356	742.696000
90634.278559	741.883000
90712.376788	737.234000
90724.704905	736.508000
90790.259886	732.597000
90808.375571	731.529000
90884.268517	726.956000
90885.914278	726.860000
90965.505346	722.031000
90975.116232	721.468000
91053.582562	716.712000
91054.572932	716.654000
91135.175742	711.800000
91138.194523	711.622000
91223.161345	706.510000
91228.290287	706.200000
91305.009129	701.679000
91307.317845	701.538000
91392.895646	696.486000
91401.528518	695.965000
91480.634126	691.321000
91486.796985	690.946000
91560.376331	686.579000
91574.416842	685.713000
91645.612424	681.456000
91657.379449	680.725000
91732.279781	676.219000
91747.682858	675.264000
91813.654203	671.262000
91829.919759	670.252000
91893.352669	666.365000
91912.628742	665.158000
91977.478628	661.171000
91996.727462	659.955000
92062.092818	655.922000
92084.731561	654.497000
92136.106221	651.291000
92160.768978	649.733000
92222.415053	645.863000
92239.015404	644.808000
92306.217193	640.576000
92324.093488	639.443000
92381.403703	635.831000
92393.586794	635.066000
92466.990914	630.487000
92478.630530	629.762000
92550.750468	625.251000
92559.394955	624.711000
92631.309358	620.156000
92631.805215	620.125000
92714.247614	615.047000
92715.987370	614.938000
92795.918557	609.946000
92799.128868	609.742000
92869.703113	605.275000
92883.900265	604.365000
92948.951629	600.215000
92957.365853	599.676000
93030.770752	594.976000
93046.447114	593.970000
93103.326209	590.322000
93121.820428	589.133000
93180.479125	585.387000
93201.938569	584.004000
93263.726135	580.041000
93288.932534	578.414000
93332.823436	575.583000
93361.906420	573.708000
93412.393812	570.435000
93451.534126	567.944000
93493.411460	565.259000
93522.804989	563.398000
93567.725686	560.510000
93619.115010	557.222000
93648.754623	555.319000
93689.319634	552.740000
93725.674858	550.396000
93776.872570	547.207000
93807.658965	545.240000
93862.344200	541.860000
93887.194186	540.271000
93945.466948	536.643000
93963.754461	535.482000
94025.764254	531.621000
94049.044323	530.132000
94111.914327	526.200000
94124.203077	525.407000
94190.739102	521.262000
94205.335743	520.310000
94275.229201	515.951000
94289.725487	515.009000
94355.628799	510.905000
94359.911676	510.628000
94436.340294	505.892000
94450.121885	504.993000
94517.170038	500.816000
94525.625790	500.264000
94595.412084	495.899000
94600.901799	495.543000
94676.390411	490.828000
94688.890653	490.016000
94754.562615	485.881000
94766.660088	485.093000
94831.862892	481.018000
94837.760689	480.636000
94915.350272	475.799000
94929.575674	474.886000
94991.589022	471.035000
95003.489142	470.271000
95074.074742	465.863000
95081.522594	465.384000
95152.218367	460.935000
95163.393784	460.219000
95232.970095	455.775000
95243.147381	455.120000
95308.186425	450.952000
95315.708016	450.473000
95388.266565	445.844000
95400.814590	445.054000
95468.088604	440.736000
95474.971838	440.307000
95548.560693	435.603000
95551.269093	435.436000
95623.533029	430.860000
95634.198511	430.208000
95708.499432	425.527000
95713.615870	425.214000
95786.885168	420.606000
95789.178190	420.465000
95869.808086	415.453000
95874.481140	415.167000
95950.847603	410.461000
95951.900908	410.396000
96034.782404	405.327000
96038.049478	405.127000
96113.667302	400.448000
96113.846055	400.437000
96197.557115	395.342000
96204.618660	394.906000
96280.534834	390.217000
96282.810303	390.076000
96354.866692	385.599000
96365.225593	384.951000
96443.260969	380.081000
96445.060186	379.967000
96519.379295	375.273000
96527.109486	374.776000
96598.452313	370.228000
96608.733619	369.562000
96677.936463	365.127000
96686.346007	364.580000
96756.008848	360.144000
96765.773886	359.503000
96837.293910	355.093000
96849.052000	354.326000
96921.184391	349.919000
96932.181688	349.213000
97003.518945	344.932000
97016.964634	344.079000
97087.752577	339.886000
97102.646826	338.969000
97178.985032	334.400000
97190.693138	333.681000
97255.249967	329.779000
97273.446841	328.662000
97344.796597	324.327000
97360.439741	323.373000
97429.138050	319.214000
97444.912625	318.264000
97514.642130	314.026000
97532.549362	312.979000
97598.267785	309.113000
97618.162232	307.959000
97687.357858	303.864000
97711.641164	302.446000
97775.524783	298.680000
97790.237325	297.810000
97857.767747	293.920000
97889.471129	292.052000
97945.310598	288.916000
97975.114201	287.172000
98039.340788	283.681000
98067.851200	282.056000
98127.038497	278.949000
98166.557439	276.755000
98220.341852	274.037000
98266.663856	271.601000
98326.073534	268.793000
98368.288316	266.612000
98425.938788	263.996000
98480.429885	261.292000
98531.235232	259.101000
98591.096672	256.228000
98649.861986	253.907000
98717.168153	250.909000
98763.482037	249.006000
98837.931065	245.758000
98874.572888	244.176000
98958.977982	240.610000
99007.865183	238.619000
99083.528352	235.224000
99115.254820	233.968000
99204.747980	230.037000
99234.487285	228.921000
99328.559183	224.914000
99357.263085	223.869000
99464.229534	219.529000
99488.749576	218.704000
99611.379367	214.047000
99616.276710	213.900000
99765.341747	209.540000
99797.199890	208.688000
99992.672186	203.901000
100015.602088	203.459000
100283.022792	198.715000
100298.050679	198.617000
100589.930890	193.926000
100628.450091	193.538000
101132.674376	198.617000
101138.772066	198.715000
101866.244472	203.459000
101891.160145	203.901000
102139.498251	208.688000
102174.288808	209.540000
102337.318742	213.900000
102342.344559	214.047000
102497.493733	218.704000
102519.217929	219.529000
102648.208210	223.869000
102673.963956	224.914000
102784.027625	228.921000
102810.227834	230.037000
102914.981608	233.968000
102943.575708	235.224000
103029.333161	238.619000
103073.705877	240.610000
103161.265775	244.176000
103198.710772	245.758000
103273.940002	249.006000
103317.559614	250.909000
103390.522843	253.907000
103442.630119	256.228000
103515.371501	259.101000
103561.022880	261.292000
103623.723775	263.996000
103676.441492	266.612000
103724.505590	268.793000
103778.856397	271.601000
103830.395561	274.037000
103882.079965	276.755000
103925.495345	278.949000
103981.459498	282.056000
104012.415197	283.681000
104073.664335	287.172000
104105.750032	288.916000
104159.341831	292.052000
104192.603352	293.920000
104258.623778	297.810000
104273.726982	298.680000
104337.413690	302.446000
104361.467586	303.864000
104431.594622	307.959000
104451.094440	309.113000
104517.742562	312.979000
104535.540593	314.026000
104608.024693	318.264000
104623.655422	319.214000
104692.714851	323.373000
104708.473011	324.327000
104779.555851	328.662000
104797.940551	329.779000
104861.507431	333.681000
104873.402961	334.400000
104947.803985	338.969000
104963.125091	339.886000
105031.229328	344.079000
105045.630024	344.932000
105113.110672	349.213000
105124.875237	349.919000
105193.522667	354.326000
105206.076682	355.093000
105273.681865	359.503000
105284.077406	360.144000
105351.655735	364.580000
105360.245810	365.127000
105428.429219	369.562000
105438.821348	370.228000
105509.030629	374.776000
105516.826887	375.273000
105589.835974	379.967000
105591.640912	380.081000
105668.502199	384.951000
105678.885551	385.599000
105750.454683	390.076000
105752.724048	390.217000
105828.395477	394.906000
105835.454435	395.342000
105917.974099	400.437000
105918.154829	400.448000
105994.190139	405.127000
105997.422360	405.327000
106080.226360	410.396000
106081.289153	410.461000
106157.548460	415.167000
106162.189516	415.453000
106244.082336	420.465000
106246.350655	420.606000
106321.288563	425.214000
106326.265406	425.527000
106402.783135	430.208000
106413.132249	430.860000
106487.986919	435.436000
106490.624173	435.603000
106566.913483	440.307000
106573.624711	440.736000
106642.906314	445.054000
106655.214436	445.844000
106728.739509	450.473000
106736.247728	450.952000
106801.696567	455.120000
106811.917434	455.775000
106880.967597	460.219000
106892.177462	460.935000
106961.618009	465.384000
106969.229444	465.863000
107037.768333	470.271000
107050.002317	471.035000
107109.985778	474.886000
107124.687982	475.799000
107200.053010	480.636000
107206.180615	481.018000
107269.095587	485.093000
107281.704129	485.881000
107345.185158	490.016000
107358.081321	490.828000
107430.665851	495.543000
107436.365521	495.899000
107503.676204	500.264000
107512.501412	500.816000
107576.486333	504.993000
107590.916854	505.892000
107663.519317	510.628000
107667.989487	510.905000
107731.444091	515.009000
107746.571020	515.951000
107813.650967	520.310000
107828.915609	521.262000
107892.469264	525.407000
107905.198593	526.200000
107966.130957	530.132000
107989.939053	531.621000
108050.304632	535.482000
108068.950934	536.643000
108126.097444	540.271000
108151.619886	541.860000
108204.478887	545.240000
108236.303105	547.207000
108286.215567	550.396000
108323.847250	552.740000
108363.847303	555.319000
108393.779531	557.222000
108444.990801	560.510000
108490.128382	563.398000
108519.074856	565.259000
108561.483038	567.944000
108600.334598	570.435000
108651.762236	573.708000
108680.684894	575.583000
108724.596323	578.414000
108749.820801	580.041000
108811.217825	584.004000
108832.780329	585.387000
108890.905476	589.133000
108909.524054	590.322000
108966.266621	593.970000
108981.952029	594.976000
109055.191492	599.676000
109063.609628	600.215000
109128.394471	604.365000
109142.658746	605.275000
109212.349602	609.742000
109215.572603	609.946000
109294.130806	614.938000
109295.876099	615.047000
109376.926391	620.125000
109377.429683	620.156000
109450.288627	624.711000
109458.814155	625.251000
109531.027640	629.762000
109542.618630	630.487000
109616.132833	635.066000
109628.396243	635.831000
109685.919541	639.443000
109703.896417	640.576000
109770.668244	644.808000
109787.421053	645.863000
109848.315231	649.733000
109873.132953	651.291000
109923.883145	654.497000
109946.718108	655.922000
110010.789721	659.955000
110030.498194	661.171000
110093.610944	665.158000
110113.243202	666.365000
110175.319506	670.252000
110191.801945	671.262000
110256.252198	675.264000
110271.994985	676.219000
110344.671704	680.725000
110356.822646	681.456000
110425.348264	685.713000
110439.831556	686.579000
110510.633991	690.946000
110516.952345	691.321000
110593.273189	695.965000
110602.147871	696.486000
110685.858566	701.538000
110688.247020	701.679000
110762.273299	706.200000
110767.533825	706.510000
110852.111727	711.622000
110855.070274	711.800000
110937.391425	716.654000
110938.354541	716.712000
111019.564845	721.468000
111028.853437	722.031000
111111.288552	726.860000
111112.870814	726.956000
111191.267344	731.529000
111208.991741	732.597000
111275.331105	736.508000
111287.500095	737.234000
111366.444190	741.883000
111380.101721	742.696000
111442.278445	746.330000
111468.176777	747.857000
111536.024056	751.774000
111554.830171	752.874000
111619.529254	756.568000
111648.401338	758.249000
111704.854271	761.437000
111732.732158	763.056000
111797.760469	766.695000
111830.587048	768.581000
111883.311177	771.533000
111919.542995	773.590000
111974.040773	776.646000
112009.021647	778.612000
112057.786611	781.338000
112104.275950	783.938000
112153.498654	786.666000
112198.335701	789.177000
112243.806242	791.687000
112284.444278	793.950000
112327.281786	796.300000
112385.550069	799.545000
112424.795343	801.682000
112473.327887	804.383000
112515.744907	806.688000
112572.947711	809.887000
112604.115845	811.571000
112652.990111	814.309000
112691.952194	816.435000
112764.976980	820.512000
112794.934819	822.142000
112842.572431	824.789000
112874.123013	826.486000
112943.043895	830.260000
112968.538972	831.612000
113043.822512	835.709000
113074.861014	837.345000
113131.890194	840.422000
113151.479321	841.453000
113230.922999	845.705000
113255.902688	847.005000
113336.738302	851.273000
113353.522228	852.137000
113419.997697	855.657000
113444.077689	856.878000
113531.251142	861.510000
113540.048324	861.959000
113624.898851	866.446000
113644.142034	867.425000
113721.811136	871.471000
113732.730303	872.022000
113824.268606	876.717000
113830.873748	877.046000
113931.382931	882.148000
113939.512877	882.547000
114021.533718	886.678000
114034.674055	887.323000
114129.034401	892.037000
114131.151498	892.142000
114233.761791	897.169000
114238.347487	897.393000
114335.141221	902.187000
114338.691975	902.359000
114436.519837	907.125000
114440.925075	907.335000
114542.808782	912.205000
114546.111869	912.361000
114650.760159	917.323000
114653.892621	917.470000
114754.960071	922.229000
114758.816258	922.408000
114861.951102	927.215000
114870.287079	927.604000
114968.472187	932.097000
114979.884915	932.622000
115084.856249	937.407000
115087.249007	937.516000
115190.000283	942.196000
115200.290618	942.662000
115298.053078	947.085000
115311.772883	947.704000
115411.611178	952.164000
115427.743090	952.884000
115528.710089	957.385000
115529.802365	957.434000
115630.035949	961.932000
115653.360188	962.959000
115755.090668	967.435000
115766.296586	967.924000
115863.983996	972.128000
115871.452926	972.451000
115978.170234	977.004000
116003.039013	978.083000
116100.782844	982.195000
116114.177306	982.771000
116208.000377	986.758000
116235.584667	987.924000
116310.090498	991.076000
116351.539151	992.804000
116406.106670	995.084000
116473.335453	997.855000
116481.897255	998.206000
116545.894748	1000.847000
116561.565273	1001.484000
116578.894468	1002.187000
116579.166136	1002.198000
116580.254678	1002.242000
116582.704302	1002.341000
116583.769141	1002.384000
116584.734534	1002.423000
116585.378697	1002.449000
116586.245883	1002.484000
116590.260621	1002.646000
116590.781568	1002.667000
116592.710909	1002.746000
116595.490764	1002.858000
116597.129801	1002.924000
116597.800373	1002.951000
116629.773061	1004.241000
116680.156173	1006.265000
116728.379807	1008.185000
116731.591313	1008.312000
116800.966750	1011.069000
116844.984200	1012.790000
116868.023458	1013.694000
116939.985717	1016.486000
116986.087273	1018.260000
117007.403230	1019.081000
117086.951933	1022.122000
117110.419003	1023.017000
117163.956603	1025.063000
117242.658436	1028.037000
117255.347377	1028.514000
117381.700219	1033.223000
117384.288418	1033.317000
117508.741598	1037.998000
117518.862301	1038.358000
117645.542000	1042.983000
117658.892626	1043.457000
117789.222343	1047.998000
117809.886204	1048.705000
117944.184266	1053.322000
117951.358104	1053.565000
118086.863083	1058.135000
118090.360945	1058.251000
118253.263623	1063.635000
118255.558256	1063.709000
118403.614760	1068.466000
118413.334857	1068.775000
118559.065418	1073.364000
118574.539391	1073.837000
118729.727319	1078.574000
118736.853544	1078.790000
118909.712630	1083.945000
118928.581753	1084.508000
119066.988656	1088.725000
119072.102758	1088.878000
119240.231074	1093.785000
119259.111948	1094.324000
119427.907589	1099.230000
119443.451620	1099.661000
119600.520087	1103.978000
119620.248083	1104.507000
119794.626929	1109.196000
119814.213049	1109.708000
119999.418090	1114.501000
120027.240892	1115.229000
120174.880964	1119.011000
120211.505622	1119.935000
120402.555303	1124.719000
120428.079989	1125.319000
120605.107177	1129.518000
120656.692010	1130.659000
120821.791386	1134.322000
120871.582863	1135.328000
121113.681314	1140.196000
121159.387092	1140.987000
121339.559003	1144.203000
121455.932528	1146.099000
121696.512938	1150.121000
121753.642865	1150.883000
122004.874046	1154.994000
122158.712839	1156.713000
122377.825358	1159.910000
122529.956835	1161.390000
122805.782877	1165.080000
123005.558082	1166.760000
123368.239970	1170.514000
123666.911389	1171.876000
124181.886164	1175.044000
124918.261078	1170.514000
125741.471437	1166.760000
125903.779793	1165.080000
126342.571762	1161.390000
126453.201178	1159.910000
126781.825727	1156.713000
126899.640684	1154.994000
127267.547189	1150.883000
127314.114486	1150.121000
127615.658536	1146.099000
127729.069888	1144.203000
127926.462956	1140.987000
127970.777627	1140.196000
128252.061731	1135.328000
128302.092758	1134.322000
128483.391151	1130.659000
128534.818502	1129.518000
128724.656115	1125.319000
128749.951736	1124.719000
128953.468559	1119.935000
128990.368623	1119.011000
129140.276042	1115.229000
129168.695389	1114.501000
129351.874907	1109.708000
129371.658963	1109.196000
129551.032625	1104.507000
129570.705564	1103.978000
129731.699438	1099.661000
129747.380816	1099.230000
129924.315891	1094.324000
129942.860704	1093.785000
130114.750218	1088.878000
130119.992450	1088.725000
130260.947802	1084.508000
130279.426125	1083.945000
130452.197579	1078.790000
130459.440559	1078.574000
130615.722647	1073.837000
130631.218508	1073.364000
130781.345480	1068.775000
130791.158238	1068.466000
130940.797400	1063.709000
130943.100570	1063.635000
131110.050583	1058.251000
131113.560373	1058.135000
131251.364045	1053.565000
131258.569233	1053.322000
131394.872151	1048.705000
131415.437178	1047.998000
131548.159379	1043.457000
131561.763494	1042.983000
131692.030676	1038.358000
131701.891150	1037.998000
131833.488400	1033.317000
131835.987566	1033.223000
131965.645331	1028.514000
131978.444292	1028.037000
132057.557312	1025.063000
132111.701209	1023.017000
132135.120638	1022.122000
132214.856236	1019.081000
132236.332555	1018.260000
132282.391640	1016.486000
132354.948315	1013.694000
132378.248416	1012.790000
132422.109660	1011.069000
132492.624540	1008.312000
132495.820289	1008.185000
132544.372190	1006.265000
132595.207938	1004.241000
132627.319704	1002.951000
132627.988899	1002.924000
132629.628075	1002.858000
132632.409472	1002.746000
132634.370262	1002.667000
132634.883125	1002.646000
132638.901859	1002.484000
132639.769241	1002.449000
132640.413436	1002.423000
132641.379681	1002.384000
132642.444088	1002.341000
132644.895695	1002.242000
132645.984417	1002.198000
132646.256552	1002.187000
132663.618589	1001.484000
132679.320862	1000.847000
132744.290807	998.206000
132752.796342	997.855000
132820.388231	995.084000
132875.704589	992.804000
132917.061024	991.076000
132992.666437	987.924000
133020.227922	986.758000
133114.549160	982.771000
133128.103735	982.195000
133223.725312	978.083000
133249.373560	977.004000
133354.311045	972.451000
133361.881810	972.128000
133459.093510	967.924000
133470.456294	967.435000
133573.028254	962.959000
133596.369899	961.932000
133698.524162	957.434000
133699.616080	957.385000
133799.949495	952.884000
133816.100626	952.164000
133916.028859	947.704000
133929.885340	947.085000
134027.918780	942.662000
134038.218872	942.196000
134141.563876	937.516000
134143.957014	937.407000
134248.996885	932.622000
134260.514116	932.097000
134358.185332	927.604000
134366.686112	927.215000
134469.696501	922.408000
134473.536971	922.229000
134576.059850	917.470000
134579.181707	917.323000
134684.918282	912.361000
134688.208313	912.205000
134791.323913	907.335000
134795.717256	907.125000
134895.695161	902.359000
134899.225667	902.187000
134998.192622	897.393000
135002.715316	897.169000
135105.627345	892.142000
135107.770587	892.037000
135202.818155	887.323000
135215.729149	886.678000
135299.888423	882.547000
135307.810552	882.148000
135411.767912	877.046000
135418.249198	876.717000
135512.507987	872.022000
135523.250821	871.471000
135603.430408	867.425000
135622.223797	866.446000
135710.420078	861.959000
135718.910804	861.510000
135809.664805	856.878000
135832.643817	855.657000
135902.063613	852.137000
135918.380319	851.273000
136001.289806	847.005000
136025.911713	845.705000
136107.614509	841.453000
136126.877546	840.422000
136185.340925	837.345000
136215.662582	835.709000
136293.391641	831.612000
136318.235026	830.260000
136389.402494	826.486000
136420.393151	824.789000
136469.606110	822.142000
136498.940945	820.512000
136573.872299	816.435000
136611.951940	814.309000
136662.129825	811.571000
136692.189819	809.887000
136751.398168	806.688000
136792.614943	804.383000
136842.319226	801.682000
136880.717613	799.545000
136940.310928	796.300000
136982.508298	793.950000
137023.759907	791.687000
137068.833469	789.177000
137114.322126	786.666000
137163.033980	783.938000
137209.947114	781.338000
137258.689398	778.612000
137293.858847	776.646000
137348.234000	773.590000
137384.916569	771.533000
137436.912837	768.581000
137470.597698	766.695000
137533.935937	763.056000
137562.867192	761.437000
137617.762006	758.249000
137647.529064	756.568000
137710.975511	752.874000
137730.241616	751.774000
137797.208482	747.857000
137823.658008	746.330000
137885.291627	742.696000
137899.201830	741.883000
137977.300059	737.234000
137989.628176	736.508000
138055.183157	732.597000
138073.298842	731.529000
138149.191788	726.956000
138150.837549	726.860000
138230.428617	722.031000
138240.039503	721.468000
138318.505833	716.712000
138319.496203	716.654000
138400.099013	711.800000
138403.117794	711.622000
138488.084616	706.510000
138493.213558	706.200000
138569.932400	701.679000
138572.241116	701.538000
138657.818917	696.486000
138666.451789	695.965000
138745.557397	691.321000
138751.720256	690.946000
138825.299602	686.579000
138839.340113	685.713000
138910.535695	681.456000
138922.302720	680.725000
138997.203052	676.219000
139012.606129	675.264000
139078.577474	671.262000
139094.843030	670.252000
139158.275939	666.365000
139177.552013	665.158000
139242.401898	661.171000
139261.650733	659.955000
139327.016089	655.922000
139349.654832	654.497000
139401.029492	651.291000
139425.692249	649.733000
139487.338324	645.863000
139503.938675	644.808000
139571.140464	640.576000
139589.016759	639.443000
139646.326974	635.831000
139658.510065	635.066000
139731.914185	630.487000
139743.553800	629.762000
139815.673739	625.251000
139824.318226	624.711000
139896.232629	620.156000
139896.728486	620.125000
139979.170885	615.047000
139980.910641	614.938000
140060.841828	609.946000
140064.052139	609.742000
140134.626384	605.275000
140148.823536	604.365000
140213.874900	600.215000
140222.289124	599.676000
140295.694023	594.976000
140311.370385	593.970000
140368.249480	590.322000
140386.743699	589.133000
140445.402396	585.387000
140466.861840	584.004000
140528.649406	580.041000
140553.855805	578.414000
140597.746707	575.583000
140626.829691	573.708000
140677.317083	570.435000
140716.457397	567.944000
140758.334731	565.259000
140787.728260	563.398000
140832.648957	560.510000
140884.038281	557.222000
140913.677894	555.319000
140954.242905	552.740000
140990.598129	550.396000
141041.795841	547.207000
141072.582236	545.240000
141127.267471	541.860000
141152.117457	540.271000
141210.390219	536.643000
141228.677732	535.482000
141290.687525	531.621000
141313.967594	530.132000
141376.837598	526.200000
141389.126348	525.407000
141455.662373	521.262000
141470.259014	520.310000
141540.152472	515.951000
141554.648758	515.009000
141620.552070	510.905000
141624.834947	510.628000
141701.263565	505.892000
141715.045156	504.993000
141782.093309	500.816000
141790.549061	500.264000
141860.335355	495.899000
141865.825069	495.543000
141941.313682	490.828000
141953.813923	490.016000
142019.485886	485.881000
142031.583359	485.093000
142096.786163	481.018000
142102.683960	480.636000
142180.273543	475.799000
142194.498945	474.886000
142256.512293	471.035000
142268.412413	470.271000
142338.998013	465.863000
142346.445865	465.384000
142417.141638	460.935000
142428.317055	460.219000
142497.893366	455.775000
142508.070652	455.120000
142573.109696	450.952000
142580.631287	450.473000
142653.189836	445.844000
142665.737861	445.054000
142733.011875	440.736000
142739.895109	440.307000
142813.483963	435.603000
142816.192364	435.436000
142888.456300	430.860000
142899.121782	430.208000
142973.422703	425.527000
142978.539141	425.214000
143051.808439	420.606000
143054.101461	420.465000
143134.731357	415.453000
143139.404411	415.167000
143215.770874	410.461000
143216.824179	410.396000
143299.705675	405.327000
143302.972749	405.127000
143378.590573	400.448000
143378.769326	400.437000
143462.480386	395.342000
143469.541931	394.906000
143545.458105	390.217000
143547.733574	390.076000
143619.789963	385.599000
143630.148864	384.951000
143708.184240	380.081000
143709.983457	379.967000
143784.302566	375.273000
143792.032757	374.776000
143863.375584	370.228000
143873.656890	369.562000
143942.859734	365.127000
143951.269278	364.580000
144020.932119	360.144000
144030.697157	359.503000
144102.217181	355.093000
144113.975271	354.326000
144186.107662	349.919000
144197.104959	349.213000
144268.442216	344.932000
144281.887905	344.079000
144352.675848	339.886000
144367.570097	338.969000
144443.908303	334.400000
144455.616409	333.681000
144520.173238	329.779000
144538.370112	328.662000
144609.719868	324.327000
144625.363012	323.373000
144694.061321	319.214000
144709.835896	318.264000
144779.565401	314.026000
144797.472633	312.979000
144863.191055	309.113000
144883.085503	307.959000
144952.281129	303.864000
144976.564435	302.446000
145040.448054	298.680000
145055.160596	297.810000
145122.691018	293.920000
145154.394400	292.052000
145210.233869	288.916000
145240.037472	287.172000
145304.264059	283.681000
145332.774471	282.056000
145391.961768	278.949000
145431.480710	276.755000
145485.265123	274.037000
145531.587127	271.601000
145590.996805	268.793000
145633.211587	266.612000
145690.862059	263.996000
145745.353156	261.292000
145796.158503	259.101000
145856.019943	256.228000
145914.785257	253.907000
145982.091424	250.909000
146028.405308	249.006000
146102.854336	245.758000
146139.496159	244.176000
146223.901253	240.610000
146272.788454	238.619000
146348.451623	235.224000
146380.178091	233.968000
146469.671251	230.037000
146499.410556	228.921000
146593.482454	224.914000
146622.186356	223.869000
146729.152805	219.529000
146753.672847	218.704000
146876.302638	214.047000
146881.199981	213.900000
147030.265017	209.540000
147062.123161	208.688000
147257.595457	203.901000
147280.525359	203.459000
147547.946063	198.715000
147562.973950	198.617000
147854.854161	193.926000
147893.373362	193.538000
148397.597647	198.617000
148403.695337	198.715000
149131.167743	203.459000
149156.083416	203.901000
149404.421522	208.688000
149439.212079	209.540000
149602.242013	213.900000
149607.267830	214.047000
149762.417004	218.704000
149784.141200	219.529000
149913.131481	223.869000
149938.887227	224.914000
150048.950896	228.921000
150075.151105	230.037000
150179.904879	233.968000
150208.498979	235.224000
150294.256432	238.619000
150338.629148	240.610000
150426.189046	244.176000
150463.634043	245.758000
150538.863273	249.006000
150582.482885	250.909000
150655.446114	253.907000
150707.553390	256.228000
150780.294772	259.101000
150825.946151	261.292000
150888.647046	263.996000
150941.364763	266.612000
150989.428861	268.793000
151043.779668	271.601000
151095.318832	274.037000
151147.003236	276.755000
151190.418616	278.949000
151246.382769	282.056000
151277.338468	283.681000
151338.587606	287.172000
151370.673303	288.916000
151424.265102	292.052000
151457.526623	293.920000
151523.547049	297.810000
151538.650253	298.680000
151602.336961	302.446000
151626.390857	303.864000
151696.517893	307.959000
151716.017711	309.113000
151782.665833	312.979000
151800.463864	314.026000
151872.947964	318.264000
151888.578693	319.214000
151957.638122	323.373000
151973.396282	324.327000
152044.479122	328.662000
152062.863822	329.779000
152126.430702	333.681000
152138.326232	334.400000
152212.727256	338.969000
152228.048362	339.886000
152296.152599	344.079000
152310.553295	344.932000
152378.033943	349.213000
152389.798508	349.919000
152458.445938	354.326000
152470.999953	355.093000
152538.605136	359.503000
152549.000677	360.144000
152616.579005	364.580000
152625.169081	365.127000
152693.352490	369.562000
152703.744619	370.228000
152773.953899	374.776000
152781.750158	375.273000
152854.759245	379.967000
152856.564183	380.081000
152933.425470	384.951000
152943.808822	385.599000
153015.377954	390.076000
153017.647319	390.217000
153093.318748	394.906000
153100.377706	395.342000
153182.897370	400.437000
153183.078100	400.448000
153259.113410	405.127000
153262.345631	405.327000
153345.149631	410.396000
153346.212424	410.461000
153422.471731	415.167000
153427.112787	415.453000
153509.005607	420.465000
153511.273926	420.606000
153586.211834	425.214000
153591.188677	425.527000
153667.706406	430.208000
153678.055520	430.860000
153752.910189	435.436000
153755.547444	435.603000
153831.836753	440.307000
153838.547982	440.736000
153907.829585	445.054000
153920.137707	445.844000
153993.662780	450.473000
154001.170999	450.952000
154066.619838	455.120000
154076.840705	455.775000
154145.890868	460.219000
154157.100733	460.935000
154226.541280	465.384000
154234.152715	465.863000
154302.691604	470.271000
154314.925588	471.035000
154374.909049	474.886000
154389.611253	475.799000
154464.976281	480.636000
154471.103885	481.018000
154534.018858	485.093000
154546.627400	485.881000
154610.108429	490.016000
154623.004592	490.828000
154695.589122	495.543000
154701.288792	495.899000
154768.599475	500.264000
154777.424683	500.816000
154841.409603	504.993000
154855.840125	505.892000
154928.442588	510.628000
154932.912758	510.905000
154996.367361	515.009000
155011.494291	515.951000
155078.574238	520.310000
155093.838880	521.262000
155157.392535	525.407000
155170.121864	526.200000
155231.054228	530.132000
155254.862324	531.621000
155315.227903	535.482000
155333.874205	536.643000
155391.020715	540.271000
155416.543157	541.860000
155469.402157	545.240000
155501.226376	547.207000
155551.138838	550.396000
155588.770521	552.740000
155628.770574	555.319000
155658.702802	557.222000
155709.914072	560.510000
155755.051653	563.398000
155783.998127	565.259000
155826.406309	567.944000
155865.257869	570.435000
155916.685507	573.708000
155945.608165	575.583000
155989.519594	578.414000
156014.744072	580.041000
156076.141096	584.004000
156097.703600	585.387000
156155.828747	589.133000
156174.447325	590.322000
156231.189892	593.970000
156246.875300	594.976000
156320.114763	599.676000
156328.532899	600.215000
156393.317742	604.365000
156407.582017	605.275000
156477.272873	609.742000
156480.495874	609.946000
156559.054077	614.938000
156560.799370	615.047000
156641.849662	620.125000
156642.352954	620.156000
156715.211898	624.711000
156723.737426	625.251000
156795.950911	629.762000
156807.541901	630.487000
156881.056104	635.066000
156893.319514	635.831000
156950.842812	639.443000
156968.819688	640.576000
157035.591515	644.808000
157052.344324	645.863000
157113.238502	649.733000
157138.056224	651.291000
157188.806416	654.497000
157211.641379	655.922000
157275.712992	659.955000
157295.421465	661.171000
157358.534215	665.158000
157378.166473	666.365000
157440.242777	670.252000
157456.725216	671.262000
157521.175469	675.264000
157536.918256	676.219000
157609.594975	680.725000
157621.745917	681.456000
157690.271535	685.713000
157704.754827	686.579000
157775.557262	690.946000
157781.875616	691.321000
157858.196460	695.965000
157867.071142	696.486000
157950.781837	701.538000
157953.170291	701.679000
158027.196570	706.200000
158032.457096	706.510000
158117.034998	711.622000
158119.993545	711.800000
158202.314696	716.654000
158203.277812	716.712000
158284.488116	721.468000
158293.776708	722.031000
158376.211823	726.860000
158377.794085	726.956000
158456.190615	731.529000
158473.915012	732.597000
158540.254376	736.508000
158552.423366	737.234000
158631.367461	741.883000
158645.024992	742.696000
158707.201716	746.330000
158733.100048	747.857000
158800.947327	751.774000
158819.753442	752.874000
158884.452525	756.568000
158913.324609	758.249000
158969.777542	761.437000
158997.655429	763.056000
159062.683740	766.695000
159095.510319	768.581000
159148.234448	771.533000
159184.466266	773.590000
159238.964044	776.646000
159273.944918	778.612000
159322.709882	781.338000
159369.199221	783.938000
159418.421925	786.666000
159463.258972	789.177000
159508.729513	791.687000
159549.367549	793.950000
159592.205057	796.300000
159650.473340	799.545000
159689.718614	801.682000
159738.251157	804.383000
159780.668178	806.688000
159837.870982	809.887000
159869.039116	811.571000
159917.913382	814.309000
159956.875465	816.435000
160029.900251	820.512000
160059.858090	822.142000
160107.495702	824.789000
160139.046284	826.486000
160207.967166	830.260000
160233.462243	831.612000
160308.745783	835.709000
160339.784285	837.345000
160396.813465	840.422000
160416.402592	841.453000
160495.846270	845.705000
160520.825959	847.005000
160601.661573	851.273000
160618.445499	852.137000
160684.920968	855.657000
160709.000960	856.878000
160796.174413	861.510000
160804.971595	861.959000
160889.822122	866.446000
160909.065304	867.425000
160986.734407	871.471000
160997.653574	872.022000
161089.191877	876.717000
161095.797019	877.046000
161196.306201	882.148000
161204.436148	882.547000
161286.456989	886.678000
161299.597326	887.323000
161393.957672	892.037000
161396.074769	892.142000
161498.685062	897.169000
161503.270758	897.393000
161600.064492	902.187000
161603.615246	902.359000
161701.443108	907.125000
161705.848346	907.335000
161807.732053	912.205000
161811.035140	912.361000
161915.683430	917.323000
161918.815892	917.470000
162019.883342	922.229000
162023.739529	922.408000
162126.874373	927.215000
162135.210350	927.604000
162233.395458	932.097000
162244.808186	932.622000
162349.779520	937.407000
162352.172278	937.516000
162454.923554	942.196000
162465.213889	942.662000
162562.976348	947.085000
162576.696154	947.704000
162676.534449	952.164000
162692.666361	952.884000
162793.633360	957.385000
162794.725636	957.434000
162894.959220	961.932000
162918.283459	962.959000
163020.013939	967.435000
163031.219857	967.924000
163128.907267	972.128000
163136.376197	972.451000
163243.093505	977.004000
163267.962283	978.083000
163365.706115	982.195000
163379.100577	982.771000
163472.923648	986.758000
163500.507937	987.924000
163575.013769	991.076000
163616.462422	992.804000
163671.029941	995.084000
163738.258724	997.855000
163746.820526	998.206000
163810.818019	1000.847000
163826.488544	1001.484000
163843.817739	1002.187000
163844.089407	1002.198000
163845.177949	1002.242000
163847.627573	1002.341000
163848.692412	1002.384000
163849.657805	1002.423000
163850.301968	1002.449000
163851.169154	1002.484000
163855.183892	1002.646000
163855.704839	1002.667000
163857.634180	1002.746000
163860.414035	1002.858000
163862.053072	1002.924000
163862.723644	1002.951000
163894.696332	1004.241000
163945.079444	1006.265000
163993.303078	1008.185000
163996.514584	1008.312000
164065.890021	1011.069000
164109.907471	1012.790000
164132.946729	1013.694000
164204.908988	1016.486000
164251.010544	1018.260000
164272.326501	1019.081000
164351.875204	1022.122000
164375.342274	1023.017000
164428.879874	1025.063000
164507.581707	1028.037000
164520.270648	1028.514000
164646.623490	1033.223000
164649.211689	1033.317000
164773.664869	1037.998000
164783.785572	1038.358000
164910.465271	1042.983000
164923.815897	1043.457000
165054.145614	1047.998000
165074.809475	1048.705000
165209.107537	1053.322000
165216.281375	1053.565000
165351.786354	1058.135000
165355.284215	1058.251000
165518.186894	1063.635000
165520.481527	1063.709000
165668.538031	1068.466000
165678.258128	1068.775000
165823.988689	1073.364000
165839.462662	1073.837000
165994.650590	1078.574000
166001.776815	1078.790000
166174.635901	1083.945000
166193.505024	1084.508000
166331.911927	1088.725000
166337.026029	1088.878000
166505.154345	1093.785000
166524.035218	1094.324000
166692.830860	1099.230000
166708.374891	1099.661000
166865.443358	1103.978000
166885.171354	1104.507000
167059.550200	1109.196000
167079.136320	1109.708000
167264.341361	1114.501000
167292.164163	1115.229000
167439.804235	1119.011000
167476.428893	1119.935000
167667.478574	1124.719000
167693.003260	1125.319000
167870.030448	1129.518000
167921.615281	1130.659000
168086.714657	1134.322000
168136.506134	1135.328000
168378.604585	1140.196000
168424.310363	1140.987000
168604.482274	1144.203000
168720.855799	1146.099000
168961.436209	1150.121000
169018.566136	1150.883000
169269.797317	1154.994000
169423.636110	1156.713000
169642.748629	1159.910000
169794.880106	1161.390000
170070.706148	1165.080000
170270.481353	1166.760000
170633.163241	1170.514000
170931.834660	1171.876000
171446.809435	1175.044000
172183.184349	1170.514000
173006.394708	1166.760000
173168.703064	1165.080000
173607.495033	1161.390000
173718.124449	1159.910000
174046.748998	1156.713000
174164.563955	1154.994000
174532.470460	1150.883000
174579.037757	1150.121000
174880.581807	1146.099000
174993.993159	1144.203000
175191.386227	1140.987000
175235.700898	1140.196000
175516.985002	1135.328000
175567.016029	1134.322000
175748.314422	1130.659000
175799.741773	1129.518000
175989.579386	1125.319000
176014.875007	1124.719000
176218.391830	1119.935000
176255.291894	1119.011000
176405.199312	1115.229000
176433.618660	1114.501000
176616.798178	1109.708000
176636.582234	1109.196000
176815.955896	1104.507000
176835.628835	1103.978000
176996.622709	1099.661000
177012.304087	1099.230000
177189.239162	1094.324000
177207.783975	1093.785000
177379.673489	1088.878000
177384.915721	1088.725000
177525.871073	1084.508000
177544.349396	1083.945000
177717.120850	1078.790000
177724.363830	1078.574000
177880.645918	1073.837000
177896.141779	1073.364000
178046.268751	1068.775000
178056.081509	1068.466000
178205.720671	1063.709000
178208.023841	1063.635000
178374.973854	1058.251000
178378.483644	1058.135000
178516.287316	1053.565000
178523.492504	1053.322000
178659.795422	1048.705000
178680.360449	1047.998000
178813.082650	1043.457000
178826.686765	1042.983000
178956.953947	1038.358000
178966.814421	1037.998000
179098.411671	1033.317000
179100.910837	1033.223000
179230.568602	1028.514000
179243.367563	1028.037000
179322.480583	1025.063000
179376.624480	1023.017000
179400.043909	1022.122000
179479.779507	1019.081000
179501.255826	1018.260000
179547.314911	1016.486000
179619.871586	1013.694000
179643.171687	1012.790000
179687.032931	1011.069000
179757.547811	1008.312000
179760.743560	1008.185000
179809.295461	1006.265000
179860.131209	1004.241000
179892.242975	1002.951000
179892.912170	1002.924000
179894.551346	1002.858000
179897.332743	1002.746000
179899.293533	1002.667000
179899.806396	1002.646000
179903.825130	1002.484000
179904.692512	1002.449000
179905.336707	1002.423000
179906.302952	1002.384000
179907.367359	1002.341000
179909.818966	1002.242000
179910.907688	1002.198000
179911.179823	1002.187000
179928.541860	1001.484000
179944.244133	1000.847000
180009.214078	998.206000
180017.719613	997.855000
180085.311502	995.084000
180140.627860	992.804000
180181.984295	991.076000
180257.589708	987.924000
180285.151193	986.758000
180379.472431	982.771000
180393.027006	982.195000
180488.648583	978.083000
180514.296830	977.004000
180619.234316	972.451000
180626.805081	972.128000
180724.016781	967.924000
180735.379565	967.435000
180837.951525	962.959000
180861.293170	961.932000
180963.447433	957.434000
180964.539351	957.385000
181064.872766	952.884000
181081.023897	952.164000
181180.952130	947.704000
181194.808611	947.085000
181292.842051	942.662000
181303.142143	942.196000
181406.487147	937.516000
181408.880285	937.407000
181513.920156	932.622000
181525.437387	932.097000
181623.108603	927.604000
181631.609383	927.215000
181734.619772	922.408000
181738.460242	922.229000
181840.983121	917.470000
181844.104978	917.323000
181949.841553	912.361000
181953.131584	912.205000
182056.247184	907.335000
182060.640527	907.125000
182160.618432	902.359000
182164.148938	902.187000
182263.115893	897.393000
182267.638587	897.169000
182370.550616	892.142000
182372.693858	892.037000
182467.741426	887.323000
182480.652420	886.678000
182564.811694	882.547000
182572.733823	882.148000
182676.691183	877.046000
182683.172469	876.717000
182777.431258	872.022000
182788.174092	871.471000
182868.353679	867.425000
182887.147068	866.446000
182975.343349	861.959000
182983.834075	861.510000
183074.588076	856.878000
183097.567088	855.657000
183166.986884	852.137000
183183.303590	851.273000
183266.213077	847.005000
183290.834984	845.705000
183372.537780	841.453000
183391.800817	840.422000
183450.264196	837.345000
183480.585853	835.709000
183558.314912	831.612000
183583.158297	830.260000
183654.325765	826.486000
183685.316422	824.789000
183734.529381	822.142000
183763.864215	820.512000
183838.795570	816.435000
183876.875211	814.309000
183927.053096	811.571000
183957.113090	809.887000
184016.321439	806.688000
184057.538214	804.383000
184107.242497	801.682000
184145.640884	799.545000
184205.234199	796.300000
184247.431569	793.950000
184288.683178	791.687000
184333.756740	789.177000
184379.245397	786.666000
184427.957251	783.938000
184474.870385	781.338000
184523.612669	778.612000
184558.782118	776.646000
184613.157271	773.590000
184649.839840	771.533000
184701.836108	768.581000
184735.520969	766.695000
184798.859208	763.056000
184827.790463	761.437000
184882.685277	758.249000
184912.452335	756.568000
184975.898782	752.874000
184995.164887	751.774000
185062.131753	747.857000
185088.581279	746.330000
185150.214898	742.696000
185164.125101	741.883000
185242.223330	737.234000
185254.551447	736.508000
185320.106428	732.597000
185338.222113	731.529000
185414.115059	726.956000
185415.760820	726.860000
185495.351888	722.031000
185504.962774	721.468000
185583.429104	716.712000
185584.419474	716.654000
185665.022284	711.800000
185668.041065	711.622000
185753.007887	706.510000
185758.136829	706.200000
185834.855671	701.679000
185837.164387	701.538000
185922.742188	696.486000
185931.375060	695.965000
186010.480668	691.321000
186016.643527	690.946000
186090.222873	686.579000
186104.263384	685.713000
186175.458966	681.456000
186187.225991	680.725000
186262.126323	676.219000
186277.529400	675.264000
186343.500745	671.262000
186359.766301	670.252000
186423.199210	666.365000
186442.475284	665.158000
186507.325169	661.171000
186526.574004	659.955000
186591.939360	655.922000
186614.578103	654.497000
186665.952763	651.291000
186690.615520	649.733000
186752.261595	645.863000
186768.861946	644.808000
186836.063735	640.576000
186853.940030	639.443000
186911.250245	635.831000
186923.433336	635.066000
186996.837456	630.487000
187008.477071	629.762000
187080.597010	625.251000
187089.241497	624.711000
187161.155900	620.156000
187161.651757	620.125000
187244.094156	615.047000
187245.833912	614.938000
187325.765099	609.946000
187328.975410	609.742000
187399.549655	605.275000
187413.746807	604.365000
187478.798171	600.215000
187487.212395	599.676000
187560.617294	594.976000
187576.293655	593.970000
187633.172751	590.322000
187651.666970	589.133000
187710.325666	585.387000
187731.785111	584.004000
187793.572677	580.041000
187818.779076	578.414000
187862.669978	575.583000
187891.752962	573.708000
187942.240354	570.435000
187981.380668	567.944000
188023.258002	565.259000
188052.651531	563.398000
188097.572228	560.510000
188148.961552	557.222000
188178.601165	555.319000
188219.166176	552.740000
188255.521400	550.396000
188306.719112	547.207000
188337.505507	545.240000
188392.190742	541.860000
188417.040728	540.271000
188475.313490	536.643000
188493.601003	535.482000
188555.610796	531.621000
188578.890865	530.132000
188641.760869	526.200000
188654.049619	525.407000
188720.585644	521.262000
188735.182285	520.310000
188805.075743	515.951000
188819.572029	515.009000
188885.475341	510.905000
188889.758218	510.628000
188966.186836	505.892000
188979.968427	504.993000
189047.016580	500.816000
189055.472332	500.264000
189125.258626	495.899000
189130.748340	495.543000
189206.236953	490.828000
189218.737194	490.016000
189284.409157	485.881000
189296.506630	485.093000
189361.709434	481.018000
189367.607231	480.636000
189445.196814	475.799000
189459.422216	474.886000
189521.435564	471.035000
189533.335684	470.271000
189603.921284	465.863000
189611.369136	465.384000
189682.064909	460.935000
189693.240326	460.219000
189762.816637	455.775000
189772.993922	455.120000
189838.032967	450.952000
189845.554558	450.473000
189918.113107	445.844000
189930.661132	445.054000
189997.935146	440.736000
190004.818380	440.307000
190078.407234	435.603000
190081.115635	435.436000
190153.379571	430.860000
190164.045053	430.208000
190238.345973	425.527000
190243.462412	425.214000
190316.731710	420.606000
190319.024732	420.465000
190399.654628	415.453000
190404.327682	415.167000
190480.694144	410.461000
190481.747450	410.396000
190564.628946	405.327000
190567.896020	405.127000
190643.513844	400.448000
190643.692597	400.437000
190727.403657	395.342000
190734.465202	394.906000
190810.381376	390.217000
190812.656845	390.076000
190884.713234	385.599000
190895.072135	384.951000
190973.107511	380.081000
190974.906728	379.967000
191049.225837	375.273000
191056.956028	374.776000
191128.298855	370.228000
191138.580161	369.562000
191207.783005	365.127000
191216.192549	364.580000
191285.855390	360.144000
191295.620428	359.503000
191367.140452	355.093000
191378.898542	354.326000
191451.030933	349.919000
191462.028229	349.213000
191533.365487	344.932000
191546.811176	344.079000
191617.599119	339.886000
191632.493368	338.969000
191708.831574	334.400000
191720.539680	333.681000
191785.096509	329.779000
191803.293383	328.662000
191874.643139	324.327000
191890.286283	323.373000
191958.984592	319.214000
191974.759167	318.264000
192044.488672	314.026000
192062.395904	312.979000
192128.114326	309.113000
192148.008774	307.959000
192217.204400	303.864000
192241.487706	302.446000
192305.371325	298.680000
192320.083867	297.810000
192387.614289	293.920000
192419.317671	292.052000
192475.157140	288.916000
192504.960743	287.172000
192569.187330	283.681000
192597.697742	282.056000
192656.885039	278.949000
192696.403981	276.755000
192750.188394	274.037000
192796.510398	271.601000
192855.920076	268.793000
192898.134858	266.612000
192955.785330	263.996000
193010.276427	261.292000
193061.081774	259.101000
193120.943214	256.228000
193179.708528	253.907000
193247.014695	250.909000
193293.328579	249.006000
193367.777607	245.758000
193404.419430	244.176000
193488.824524	240.610000
193537.711725	238.619000
193613.374893	235.224000
193645.101362	233.968000
193734.594522	230.037000
193764.333827	228.921000
193858.405725	224.914000
193887.109627	223.869000
193994.076076	219.529000
194018.596117	218.704000
194141.225909	214.047000
194146.123252	213.900000
194295.188288	209.540000
194327.046432	208.688000
194522.518728	203.901000
194545.448630	203.459000
194812.869334	198.715000
194827.897221	198.617000
195119.777432	193.926000
195158.296633	193.538000
195662.520918	198.617000
195668.618608	198.715000
196396.091014	203.459000
196421.006687	203.901000
196669.344793	208.688000
196704.135350	209.540000
196867.165284	213.900000
196872.191101	214.047000
197027.340275	218.704000
197049.064471	219.529000
197178.054751	223.869000
197203.810498	224.914000
197313.874167	228.921000
197340.074376	230.037000
197444.828150	233.968000
197473.422250	235.224000
197559.179703	238.619000
197603.552419	240.610000
197691.112317	244.176000
197728.557314	245.758000
197803.786544	249.006000
197847.406156	250.909000
197920.369385	253.907000
197972.476661	256.228000
198045.218043	259.101000
198090.869422	261.292000
198153.570316	263.996000
198206.288034	266.612000
198254.352132	268.793000
198308.702939	271.601000
198360.242103	274.037000
198411.926507	276.755000
198455.341887	278.949000
198511.306040	282.056000
198542.261739	283.681000
198603.510876	287.172000
198635.596574	288.916000
198689.188373	292.052000
198722.449894	293.920000
198788.470319	297.810000
198803.573524	298.680000
198867.260232	302.446000
198891.314128	303.864000
198961.441164	307.959000
198980.940982	309.113000
199047.589104	312.979000
199065.387135	314.026000
199137.871235	318.264000
199153.501964	319.214000
199222.561393	323.373000
199238.319553	324.327000
199309.402392	328.662000
199327.787093	329.779000
199391.353973	333.681000
199403.249503	334.400000
199477.650526	338.969000
199492.971633	339.886000
199561.075870	344.079000
199575.476566	344.932000
199642.957214	349.213000
199654.721779	349.919000
199723.369208	354.326000
199735.923223	355.093000
199803.528407	359.503000
199813.923948	360.144000
199881.502276	364.580000
199890.092352	365.127000
199958.275761	369.562000
