0.000000	500.000000
64.151815	495.899000
69.531131	495.543000
143.387613	490.828000
155.637297	490.016000
219.911241	485.881000
231.767515	485.093000
295.562210	481.018000
301.341123	480.636000
377.246976	475.799000
391.180530	474.886000
451.838060	471.035000
463.494185	470.271000
532.553155	465.863000
539.848815	465.384000
609.038109	460.935000
619.983478	460.219000
688.119011	455.775000
698.088613	455.120000
761.789435	450.952000
769.154377	450.473000
840.206956	445.844000
852.487807	445.054000
918.381803	440.736000
925.115596	440.307000
997.182900	435.603000
999.831270	435.436000
1070.573639	430.860000
1080.998774	430.208000
1153.719732	425.527000
1158.721030	425.214000
1230.427076	420.606000
1232.669004	420.465000
1311.539399	415.453000
1316.107378	415.167000
1390.779295	410.461000
1391.809291	410.396000
1472.824689	405.327000
1476.018336	405.127000
1549.971423	400.448000
1550.146200	400.437000
1631.954824	395.342000
1638.860258	394.906000
1713.099311	390.217000
1715.324822	390.076000
1785.807402	385.599000
1795.942990	384.951000
1872.288452	380.081000
1874.049829	379.967000
1946.796279	375.273000
1954.368412	374.776000
2024.228337	370.228000
2034.302449	369.562000
2102.081501	365.127000
2110.322914	364.580000
2178.534683	360.144000
2188.107908	359.503000
2258.042770	355.093000
2269.567079	354.326000
2340.072133	349.919000
2350.843921	349.213000
2420.515295	344.932000
2433.678881	344.079000
2502.771797	339.886000
2517.334963	338.969000
2591.881402	334.400000
2603.327967	333.681000
2666.397919	329.779000
2684.187968	328.662000
2753.910709	324.327000
2769.199701	323.373000
2836.320632	319.214000
2851.729335	318.264000
2919.869812	314.026000
2937.337406	312.979000
3001.461228	309.113000
3020.859755	307.959000
3088.395617	303.864000
3112.081295	302.446000
3174.421103	298.680000
3188.780206	297.810000
3254.604617	293.920000
3285.541111	292.052000
3339.899638	288.916000
3368.972699	287.172000
3431.385973	283.681000
3459.161350	282.056000
3516.562828	278.949000
3555.010300	276.755000
3607.050150	274.037000
3651.979270	271.601000
3709.201776	268.793000
3750.103599	266.612000
3805.462357	263.996000
3858.123808	261.292000
3906.707571	259.101000
3964.427999	256.228000
4020.168097	253.907000
4084.703922	250.909000
4128.801823	249.006000
4200.065007	245.758000
4235.107997	244.176000
4315.678165	240.610000
4362.187469	238.619000
4434.778770	235.224000
4464.878994	233.968000
4550.590992	230.037000
4578.648347	228.921000
4668.510661	224.914000
4695.498807	223.869000
4797.225961	219.529000
4820.055618	218.704000
4935.899769	214.047000
4940.383676	213.900000
5076.282266	209.540000
5104.857537	208.688000
5276.979817	203.901000
5295.908061	203.459000
5510.569168	198.715000
5517.234371	198.617000
5742.931650	193.926000
5766.323307	193.538000
6072.524916	198.617000
6077.239973	198.715000
6399.890221	203.459000
6419.890266	203.901000
6624.889144	208.688000
6655.523817	209.540000
6801.754078	213.900000
6806.335980	214.047000
6948.387390	218.704000
6968.909491	219.529000
7089.007324	223.869000
7113.501535	224.914000
7216.986223	228.921000
7242.014010	230.037000
7340.843278	233.968000
7368.229253	235.224000
7449.590926	238.619000
7492.162143	240.610000
7575.463086	244.176000
7611.206779	245.758000
7683.153448	249.006000
7724.906477	250.909000
7794.378630	253.907000
7844.341155	256.228000
7913.337839	259.101000
7957.356445	261.292000
8017.315595	263.996000
8068.263211	266.612000
8114.416671	268.793000
8167.077065	271.601000
8216.718812	274.037000
8266.849086	276.755000
8308.856235	278.949000
8363.303042	282.056000
8393.324736	283.681000
8452.994791	287.172000
8484.174611	288.916000
8536.452774	292.052000
8568.832152	293.920000
8633.255579	297.810000
8647.977234	298.680000
8710.133992	302.446000
8733.606602	303.864000
8802.007766	307.959000
8821.039851	309.113000
8886.026598	312.979000
8903.392775	314.026000
8974.097326	318.264000
8989.371855	319.214000
9056.829536	323.373000
9072.225873	324.327000
9141.699438	328.662000
9159.664905	329.779000
9221.810626	333.681000
9233.432179	334.400000
9306.171197	338.969000
9321.132695	339.886000
9387.723049	344.079000
9401.778918	344.932000
9467.843765	349.213000
9479.333601	349.919000
9546.573362	354.326000
9558.844153	355.093000
9625.105178	359.503000
9635.270313	360.144000
9701.521217	364.580000
9709.932362	365.127000
9776.752593	369.562000
9786.930913	370.228000
9855.725297	374.776000
9863.359506	375.273000
9934.875788	379.967000
9936.642532	380.081000
10011.887297	384.951000
10022.045790	385.599000
10092.072068	390.076000
10094.291868	390.217000
10168.301953	394.906000
10175.204966	395.342000
10255.900339	400.437000
10256.076962	400.448000
10330.420492	405.127000
10333.581555	405.327000
10414.524557	410.396000
10415.563421	410.461000
10490.135133	415.167000
10494.673205	415.453000
10574.724643	420.465000
10576.943462	420.606000
10650.211589	425.214000
10655.082247	425.527000
10729.878014	430.208000
10740.007060	430.860000
10813.174880	435.436000
10815.756606	435.603000
10890.354992	440.307000
10896.927456	440.736000
10964.704895	445.054000
10976.760536	445.844000
11048.720110	450.473000
11056.072494	450.952000
11120.158253	455.120000
11130.168819	455.775000
11197.809904	460.219000
11208.787636	460.935000
11276.798735	465.384000
11284.247976	465.863000
11351.386323	470.271000
11363.355709	471.035000
11422.109290	474.886000
11436.490055	475.799000
11510.308891	480.636000
11516.303523	481.018000
11577.950303	485.093000
11590.286554	485.881000
11652.501896	490.016000
11665.123527	490.828000
11736.253157	495.543000
11741.829596	495.899000
11807.786655	500.264000
11816.421574	500.816000
11879.136173	504.993000
11893.253135	505.892000
11964.412092	510.628000
11968.784125	510.905000
12030.956073	515.009000
12045.754052	515.951000
12111.490370	520.310000
12126.424023	521.262000
12188.713655	525.407000
12201.166377	526.200000
12260.861696	530.132000
12284.156341	531.621000
12343.275194	535.482000
12361.515903	536.643000
12417.465090	540.271000
12442.432277	541.860000
12494.199038	545.240000
12525.321141	547.207000
12574.200633	550.396000
12611.014353	552.740000
12650.200973	555.319000
12679.507798	557.222000
12729.669162	560.510000
12773.875136	563.398000
12802.229705	565.259000
12843.744676	567.944000
12881.797591	570.435000
12932.152847	573.708000
12960.493514	575.583000
13003.511856	578.414000
13028.223772	580.041000
13088.374934	584.004000
13109.494503	585.387000
13166.436646	589.133000
13184.669539	590.322000
13240.251795	593.970000
13255.614966	594.976000
13327.351488	599.676000
13335.596122	600.215000
13399.046913	604.365000
13413.015120	605.275000
13481.272593	609.742000
13484.427673	609.946000
13561.342901	614.938000
13563.050452	615.047000
13642.358744	620.125000
13642.850857	620.156000
13714.137359	624.711000
13722.483461	625.251000
13793.136003	629.762000
13804.477072	630.487000
13876.393337	635.066000
13888.390953	635.831000
13944.683204	639.443000
13962.278103	640.576000
14027.646424	644.808000
14044.042711	645.863000
14103.663637	649.733000
14127.950006	651.291000
14177.626675	654.497000
14199.967080	655.922000
14262.673938	659.955000
14281.946117	661.171000
14343.723858	665.158000
14362.918522	666.365000
14423.659152	670.252000
14439.771856	671.262000
14502.812789	675.264000
14518.195512	676.219000
14589.278387	680.725000
14601.146930	681.456000
14668.175431	685.713000
14682.318133	686.579000
14751.552173	690.946000
14757.719810	691.321000
14832.305306	695.965000
14840.963803	696.486000
14922.740799	701.538000
14925.071689	701.679000
14997.426687	706.200000
15002.559999	706.510000
15085.189801	711.622000
15088.079600	711.800000
15168.412237	716.654000
15169.353012	716.712000
15248.575804	721.468000
15257.651608	722.031000
15338.070253	726.860000
15339.616337	726.956000
15416.079516	731.529000
15433.393243	732.597000
15498.129633	736.508000
15510.011226	737.234000
15587.043750	741.883000
15600.377351	742.696000
15661.026493	746.330000
15686.299177	747.857000
15752.439778	751.774000
15770.784544	752.874000
15833.821107	756.568000
15861.978601	758.249000
15916.950068	761.437000
15944.134602	763.056000
16007.426403	766.695000
16039.419525	768.581000
16090.737125	771.533000
16126.027781	773.590000
16179.075987	776.646000
16213.130420	778.612000
16260.590516	781.338000
16305.836988	783.938000
16353.720693	786.666000
16397.362159	789.177000
16441.586280	791.687000
16481.128897	793.950000
16522.778119	796.300000
16579.475963	799.545000
16617.617028	801.682000
16664.839850	804.383000
16706.058759	806.688000
16761.732121	809.887000
16792.010149	811.571000
16839.582004	814.309000
16877.452197	816.435000
16948.518243	820.512000
16977.631924	822.142000
17023.980065	824.789000
17054.621834	826.486000
17121.624211	830.260000
17146.364779	831.612000
17219.527793	835.709000
17249.637035	837.345000
17305.033255	840.422000
17324.034257	841.453000
17401.167937	845.705000
17425.381412	847.005000
17503.804731	851.273000
17520.063041	852.137000
17584.565688	855.657000
17607.869609	856.878000
17692.472992	861.510000
17700.990156	861.959000
17783.316120	866.446000
17801.943027	867.425000
17877.234146	871.471000
17887.798158	872.022000
17976.449794	876.717000
17982.834731	877.046000
18080.111342	882.148000
18087.962538	882.547000
18167.305874	886.678000
18179.995803	887.323000
18271.227939	892.037000
18273.273878	892.142000
18372.354190	897.169000
18376.781251	897.393000
18470.313143	902.187000
18473.739103	902.359000
18568.165726	907.125000
18572.411379	907.335000
18670.623026	912.205000
18673.804332	912.361000
18774.623098	917.323000
18777.638671	917.470000
18874.958790	922.229000
18878.668095	922.408000
18977.904621	927.215000
18985.926229	927.604000
19080.269556	932.097000
19091.240114	932.622000
19192.074168	937.407000
19194.372503	937.516000
19293.067816	942.196000
19302.947534	942.662000
19396.802011	947.085000
19409.970519	947.704000
19505.721748	952.164000
19521.192155	952.884000
19618.009645	957.385000
19619.057558	957.434000
19715.222629	961.932000
19737.565848	962.959000
19835.011553	967.435000
19845.738159	967.924000
19939.137235	972.128000
19946.281264	972.451000
20048.237523	977.004000
20072.031106	978.083000
20165.298626	982.195000
20178.104264	982.771000
20267.710412	986.758000
20294.042620	987.924000
20365.171754	991.076000
20404.689980	992.804000
20456.726580	995.084000
20520.757220	997.855000
20528.907637	998.206000
20589.867516	1000.847000
20604.773146	1001.484000
20621.253309	1002.187000
20621.511620	1002.198000
20622.546471	1002.242000
20624.875235	1002.341000
20625.887458	1002.384000
20626.805184	1002.423000
20627.417489	1002.449000
20628.241784	1002.484000
20632.057868	1002.646000
20632.552991	1002.667000
20634.389421	1002.746000
20637.031336	1002.858000
20638.588959	1002.924000
20639.226218	1002.951000
20669.616540	1004.241000
20717.486024	1006.265000
20763.263659	1008.185000
20766.310217	1008.312000
20832.154644	1011.069000
20873.863380	1012.790000
20895.702122	1013.694000
20963.836040	1016.486000
21007.447635	1018.260000
21027.614259	1019.081000
21102.814309	1022.122000
21124.992976	1023.017000
21175.602169	1025.063000
21249.909297	1028.037000
21261.882891	1028.514000
21380.999069	1033.223000
21383.431881	1033.317000
21500.876022	1037.998000
21510.365681	1038.358000
21629.512147	1042.983000
21642.027499	1043.457000
21763.920695	1047.998000
21783.202299	1048.705000
21908.594123	1053.322000
21915.279348	1053.565000
22041.482406	1058.135000
22044.732796	1058.251000
22196.039774	1063.635000
22198.163756	1063.709000
22335.136348	1068.466000
22344.114891	1068.775000
22478.538912	1073.364000
22492.747645	1073.837000
22635.214945	1078.574000
22641.749781	1078.790000
22799.849148	1083.945000
22817.108544	1084.508000
22944.133548	1088.725000
22948.813410	1088.878000
23102.035687	1093.785000
23119.177080	1094.324000
23272.898698	1099.230000
23286.936897	1099.661000
23428.557954	1103.978000
23446.262212	1104.507000
23602.837814	1109.196000
23620.326178	1109.708000
23785.355731	1114.501000
23810.203330	1115.229000
23941.481411	1119.011000
23973.942262	1119.935000
24142.998519	1124.719000
24165.261852	1125.319000
24320.000714	1129.518000
24364.314076	1130.659000
24506.254179	1134.322000
24547.956572	1135.328000
24750.432722	1140.196000
24786.794756	1140.987000
24931.736758	1144.203000
25022.213618	1146.099000
25211.144429	1150.121000
25251.783131	1150.883000
25447.443200	1154.994000
25546.933417	1156.713000
25709.535123	1159.910000
25799.888259	1161.390000
25996.383680	1165.080000
26103.850458	1166.760000
26327.872555	1170.514000
26425.545158	1171.876000
26643.380278	1175.044000
26849.334008	1177.282000
27125.232155	1180.449000
27349.400796	1182.155000
27897.581740	1185.630000
28714.884034	1180.449000
29131.028282	1177.282000
29325.995144	1175.044000
29617.532864	1171.876000
29711.185463	1170.514000
29980.394679	1166.760000
30080.649640	1165.080000
30316.692741	1161.390000
30395.503912	1159.910000
30590.678895	1156.713000
30678.108465	1154.994000
30916.039985	1150.883000
30952.306823	1150.121000
31166.806638	1146.099000
31255.869994	1144.203000
31409.337074	1140.987000
31444.986677	1140.196000
31668.767185	1135.328000
31710.610038	1134.322000
31862.454834	1130.659000
31906.668226	1129.518000
32069.746059	1125.319000
32091.856875	1124.719000
32269.369851	1119.935000
32302.022021	1119.011000
32434.886674	1115.229000
32460.156489	1114.501000
32623.747893	1109.708000
32641.376754	1109.196000
32801.538742	1104.507000
32819.203168	1103.978000
32963.681960	1099.661000
32977.821102	1099.230000
33137.615544	1094.324000
33154.504242	1093.785000
33310.557700	1088.878000
33315.335162	1088.725000
33444.321942	1084.508000
33461.280699	1083.945000
33619.313000	1078.790000
33625.937532	1078.574000
33769.250122	1073.837000
33783.475799	1073.364000
33921.327552	1068.775000
33930.378984	1068.466000
34068.602055	1063.709000
34070.732804	1063.635000
34225.266831	1058.251000
34228.526788	1058.135000
34356.580953	1053.565000
34363.291531	1053.322000
34490.310805	1048.705000
34509.512022	1047.998000
34633.356097	1043.457000
34646.079589	1042.983000
34768.196681	1038.358000
34777.470785	1037.998000
34900.862716	1033.317000
34903.221133	1033.223000
35025.094645	1028.514000
35037.160564	1028.037000
35111.813538	1025.063000
35162.934044	1023.017000
35185.072474	1022.122000
35260.430381	1019.081000
35280.732664	1018.260000
35324.308293	1016.486000
35392.946158	1013.694000
35415.006710	1012.790000
35456.582457	1011.069000
35523.398834	1008.312000
35526.431929	1008.185000
35572.490135	1006.265000
35620.747391	1004.241000
35651.257092	1002.951000
35651.893169	1002.924000
35653.450911	1002.858000
35656.094150	1002.746000
35657.957644	1002.667000
35658.445809	1002.646000
35662.265325	1002.484000
35663.089788	1002.449000
35663.702121	1002.423000
35664.620579	1002.384000
35665.632431	1002.341000
35667.962898	1002.242000
35668.997904	1002.198000
35669.256616	1002.187000
35685.765023	1001.484000
35700.697973	1000.847000
35762.496670	998.206000
35770.598495	997.855000
35834.942664	995.084000
35887.627565	992.804000
35927.065830	991.076000
35999.150003	987.924000
36025.462366	986.758000
36115.502257	982.771000
36128.447615	982.195000
36219.865642	978.083000
36244.339293	977.004000
36344.739833	972.451000
36351.972837	972.128000
36444.955810	967.924000
36455.819784	967.435000
36554.004429	962.959000
36576.362950	961.932000
36674.220592	957.434000
36675.268188	957.385000
36771.526526	952.884000
36787.013883	952.164000
36882.844456	947.704000
36896.133696	947.085000
36990.227902	942.662000
37000.116255	942.196000
37099.337463	937.516000
37101.636136	937.407000
37202.530945	932.622000
37213.594242	932.097000
37307.481318	927.604000
37315.649480	927.215000
37414.775103	922.408000
37418.470410	922.229000
37517.088177	917.470000
37520.094282	917.323000
37621.885256	912.361000
37625.054891	912.205000
37724.368749	907.335000
37728.603748	907.125000
37824.959835	902.359000
37828.367594	902.187000
37923.856276	897.393000
37928.226560	897.169000
38027.578492	892.142000
38029.648003	892.037000
38121.500920	887.323000
38133.983892	886.678000
38215.258459	882.547000
38222.921976	882.148000
38323.314957	877.046000
38329.587793	876.717000
38420.704135	872.022000
38431.108193	871.471000
38508.679873	867.425000
38526.897868	866.446000
38612.269609	861.959000
38620.507709	861.510000
38708.372969	856.878000
38730.674509	855.657000
38797.856982	852.137000
38813.689449	851.273000
38894.002491	847.005000
38917.889632	845.705000
38997.086321	841.453000
39015.789243	840.422000
39072.497376	837.345000
39101.950810	835.709000
39177.352744	831.612000
39201.496360	830.260000
39270.557677	826.486000
39300.685667	824.789000
39348.481049	822.142000
39377.021839	820.512000
39449.841763	816.435000
39486.899995	814.309000
39535.671675	811.571000
39564.930624	809.887000
39622.448088	806.688000
39662.562843	804.383000
39710.863178	801.682000
39748.225329	799.545000
39806.141922	796.300000
39847.201993	793.950000
39887.309308	791.687000
39931.167888	789.177000
39975.409629	786.666000
40022.822579	783.938000
40068.459542	781.338000
40115.898727	778.612000
40150.127102	776.646000
40203.062171	773.590000
40238.769030	771.533000
40289.414637	768.581000
40322.200882	766.695000
40383.930982	763.056000
40412.089659	761.437000
40465.619179	758.249000
40494.605075	756.568000
40556.481210	752.874000
40575.252250	751.774000
40640.576294	747.857000
40666.360491	746.330000
40726.505176	742.696000
40740.073627	741.883000
40816.319518	737.234000
40828.349118	736.508000
40892.355883	732.597000
40910.033833	731.529000
40984.168359	726.956000
40985.773534	726.860000
41063.544793	722.031000
41072.920585	721.468000
41149.589365	716.712000
41150.555497	716.654000
41229.288689	711.800000
41232.234550	711.622000
41315.226962	706.510000
41320.237768	706.200000
41395.101324	701.679000
41397.357916	701.538000
41480.873232	696.486000
41489.306687	695.965000
41566.485297	691.321000
41572.508027	690.946000
41644.332212	686.579000
41658.061701	685.713000
41727.583046	681.456000
41739.092991	680.725000
41812.252569	676.219000
41827.317848	675.264000
41891.780317	671.262000
41907.690198	670.252000
41969.700178	666.365000
41988.561496	665.158000
42051.965909	661.171000
42070.807578	659.955000
42134.725914	655.922000
42156.882441	654.497000
42207.144432	651.291000
42231.285496	649.733000
42291.611716	645.863000
42307.864965	644.808000
42373.636610	640.576000
42391.137155	639.443000
42447.229632	635.831000
42459.151994	635.066000
42530.965172	630.487000
42542.351783	629.762000
42612.916692	625.251000
42621.374323	624.711000
42691.775245	620.156000
42692.260400	620.125000
42772.871749	615.047000
42774.574113	614.938000
42852.776795	609.946000
42855.919966	609.742000
42925.006935	605.275000
42938.912084	604.365000
43002.613249	600.215000
43010.854207	599.676000
43082.746192	594.976000
43098.100861	593.970000
43153.811443	590.322000
43171.927480	589.133000
43229.371062	585.387000
43250.393748	584.004000
43310.912080	580.041000
43335.606993	578.414000
43378.606032	575.583000
43407.097516	573.708000
43456.568983	570.435000
43494.893133	567.944000
43535.909624	565.259000
43564.684060	563.398000
43608.686207	560.510000
43659.014891	557.222000
43688.046849	555.319000
43727.764296	552.740000
43763.380208	550.396000
43813.465086	547.207000
43843.614336	545.240000
43897.093090	541.860000
43921.429594	540.271000
43978.434600	536.643000
43996.338957	535.482000
44056.999920	531.621000
44079.799188	530.132000
44141.313321	526.200000
44153.352585	525.407000
44218.442791	521.262000
44232.749119	520.310000
44301.127053	515.951000
44315.332974	515.009000
44379.803150	510.905000
44383.999454	510.628000
44458.750160	505.892000
44472.257740	504.993000
44537.849011	500.816000
44546.136887	500.264000
44614.418446	495.899000
44619.797762	495.543000
44693.654244	490.828000
44705.903928	490.016000
44770.177872	485.881000
44782.034146	485.093000
44845.828841	481.018000
44851.607754	480.636000
44927.513607	475.799000
44941.447161	474.886000
45002.104692	471.035000
45013.760816	470.271000
45082.819786	465.863000
45090.115446	465.384000
45159.304740	460.935000
45170.250109	460.219000
45238.385642	455.775000
45248.355244	455.120000
45312.056067	450.952000
45319.421009	450.473000
45390.473587	445.844000
45402.754439	445.054000
45468.648434	440.736000
45475.382227	440.307000
45547.449532	435.603000
45550.097901	435.436000
45620.840270	430.860000
45631.265405	430.208000
45703.986363	425.527000
45708.987661	425.214000
45780.693707	420.606000
45782.935635	420.465000
45861.806030	415.453000
45866.374009	415.167000
45941.045926	410.461000
45942.075922	410.396000
46023.091320	405.327000
46026.284968	405.127000
46100.238054	400.448000
46100.412831	400.437000
46182.221455	395.342000
46189.126889	394.906000
46263.365942	390.217000
46265.591453	390.076000
46336.074033	385.599000
46346.209621	384.951000
46422.555083	380.081000
46424.316460	379.967000
46497.062910	375.273000
46504.635043	374.776000
46574.494969	370.228000
46584.569080	369.562000
46652.348132	365.127000
46660.589545	364.580000
46728.801314	360.144000
46738.374539	359.503000
46808.309401	355.093000
46819.833711	354.326000
46890.338764	349.919000
46901.110552	349.213000
46970.781926	344.932000
46983.945512	344.079000
47053.038428	339.886000
47067.601594	338.969000
47142.148033	334.400000
47153.594598	333.681000
47216.664550	329.779000
47234.454599	328.662000
47304.177340	324.327000
47319.466332	323.373000
47386.587263	319.214000
47401.995966	318.264000
47470.136443	314.026000
47487.604037	312.979000
47551.727859	309.113000
47571.126387	307.959000
47638.662249	303.864000
47662.347927	302.446000
47724.687735	298.680000
47739.046837	297.810000
47804.871248	293.920000
47835.807742	292.052000
47890.166270	288.916000
47919.239330	287.172000
47981.652604	283.681000
48009.427981	282.056000
48066.829460	278.949000
48105.276931	276.755000
48157.316782	274.037000
48202.245901	271.601000
48259.468407	268.793000
48300.370231	266.612000
48355.728988	263.996000
48408.390439	261.292000
48456.974202	259.101000
48514.694630	256.228000
48570.434728	253.907000
48634.970553	250.909000
48679.068454	249.006000
48750.331638	245.758000
48785.374628	244.176000
48865.944796	240.610000
48912.454100	238.619000
48985.045401	235.224000
49015.145626	233.968000
49100.857623	230.037000
49128.914979	228.921000
49218.777292	224.914000
49245.765438	223.869000
49347.492592	219.529000
49370.322249	218.704000
49486.166400	214.047000
49490.650308	213.900000
49626.548897	209.540000
49655.124168	208.688000
49827.246448	203.901000
49846.174692	203.459000
50060.835799	198.715000
50067.501002	198.617000
50293.198281	193.926000
50316.589938	193.538000
50622.791547	198.617000
50627.506605	198.715000
50950.156853	203.459000
50970.156897	203.901000
51175.155775	208.688000
51205.790448	209.540000
51352.020709	213.900000
51356.602611	214.047000
51498.654021	218.704000
51519.176122	219.529000
51639.273955	223.869000
51663.768166	224.914000
51767.252854	228.921000
51792.280641	230.037000
51891.109909	233.968000
51918.495885	235.224000
51999.857557	238.619000
52042.428774	240.610000
52125.729718	244.176000
52161.473410	245.758000
52233.420079	249.006000
52275.173108	250.909000
52344.645261	253.907000
52394.607786	256.228000
52463.604470	259.101000
52507.623076	261.292000
52567.582226	263.996000
52618.529842	266.612000
52664.683302	268.793000
52717.343696	271.601000
52766.985443	274.037000
52817.115717	276.755000
52859.122866	278.949000
52913.569673	282.056000
52943.591367	283.681000
53003.261422	287.172000
53034.441242	288.916000
53086.719405	292.052000
53119.098783	293.920000
53183.522210	297.810000
53198.243865	298.680000
53260.400623	302.446000
53283.873233	303.864000
53352.274397	307.959000
53371.306482	309.113000
53436.293229	312.979000
53453.659406	314.026000
53524.363957	318.264000
53539.638486	319.214000
53607.096167	323.373000
53622.492504	324.327000
53691.966069	328.662000
53709.931536	329.779000
53772.077258	333.681000
53783.698810	334.400000
53856.437828	338.969000
53871.399326	339.886000
53937.989680	344.079000
53952.045549	344.932000
54018.110396	349.213000
54029.600232	349.919000
54096.839993	354.326000
54109.110784	355.093000
54175.371809	359.503000
54185.536945	360.144000
54251.787848	364.580000
54260.198993	365.127000
54327.019225	369.562000
54337.197544	370.228000
54405.991928	374.776000
54413.626137	375.273000
54485.142419	379.967000
54486.909163	380.081000
54562.153928	384.951000
54572.312421	385.599000
54642.338700	390.076000
54644.558499	390.217000
54718.568584	394.906000
54725.471597	395.342000
54806.166970	400.437000
54806.343593	400.448000
54880.687123	405.127000
54883.848186	405.327000
54964.791188	410.396000
54965.830052	410.461000
55040.401764	415.167000
55044.939836	415.453000
55124.991274	420.465000
55127.210094	420.606000
55200.478220	425.214000
55205.348878	425.527000
55280.144645	430.208000
55290.273692	430.860000
55363.441511	435.436000
55366.023237	435.603000
55440.621623	440.307000
55447.194087	440.736000
55514.971527	445.054000
55527.027167	445.844000
55598.986741	450.473000
55606.339125	450.952000
55670.424884	455.120000
55680.435450	455.775000
55748.076535	460.219000
55759.054267	460.935000
55827.065366	465.384000
55834.514607	465.863000
55901.652954	470.271000
55913.622340	471.035000
55972.375921	474.886000
55986.756686	475.799000
56060.575522	480.636000
56066.570154	481.018000
56128.216934	485.093000
56140.553185	485.881000
56202.768527	490.016000
56215.390158	490.828000
56286.519788	495.543000
56292.096227	495.899000
56358.053286	500.264000
56366.688205	500.816000
56429.402804	504.993000
56443.519766	505.892000
56514.678724	510.628000
56519.050756	510.905000
56581.222704	515.009000
56596.020683	515.951000
56661.757001	520.310000
56676.690654	521.262000
56738.980286	525.407000
56751.433008	526.200000
56811.128327	530.132000
56834.422972	531.621000
56893.541825	535.482000
56911.782534	536.643000
56967.731721	540.271000
56992.698909	541.860000
57044.465669	545.240000
57075.587773	547.207000
57124.467264	550.396000
57161.280984	552.740000
57200.467604	555.319000
57229.774429	557.222000
57279.935793	560.510000
57324.141767	563.398000
57352.496336	565.259000
57394.011307	567.944000
57432.064223	570.435000
57482.419479	573.708000
57510.760145	575.583000
57553.778487	578.414000
57578.490403	580.041000
57638.641565	584.004000
57659.761134	585.387000
57716.703277	589.133000
57734.936171	590.322000
57790.518427	593.970000
57805.881597	594.976000
57877.618119	599.676000
57885.862753	600.215000
57949.313544	604.365000
57963.281751	605.275000
58031.539224	609.742000
58034.694304	609.946000
58111.609533	614.938000
58113.317083	615.047000
58192.625375	620.125000
58193.117489	620.156000
58264.403990	624.711000
58272.750093	625.251000
58343.402634	629.762000
58354.743703	630.487000
58426.659968	635.066000
58438.657584	635.831000
58494.949835	639.443000
58512.544734	640.576000
58577.913055	644.808000
58594.309342	645.863000
58653.930268	649.733000
58678.216637	651.291000
58727.893307	654.497000
58750.233711	655.922000
58812.940569	659.955000
58832.212748	661.171000
58893.990489	665.158000
58913.185153	666.365000
58973.925783	670.252000
58990.038487	671.262000
59053.079420	675.264000
59068.462143	676.219000
59139.545018	680.725000
59151.413561	681.456000
59218.442062	685.713000
59232.584764	686.579000
59301.818804	690.946000
59307.986441	691.321000
59382.571938	695.965000
59391.230434	696.486000
59473.007430	701.538000
59475.338321	701.679000
59547.693319	706.200000
59552.826630	706.510000
59635.456432	711.622000
59638.346231	711.800000
59718.678868	716.654000
59719.619644	716.712000
59798.842435	721.468000
59807.918239	722.031000
59888.336884	726.860000
59889.882968	726.956000
59966.346147	731.529000
59983.659874	732.597000
60048.396264	736.508000
60060.277857	737.234000
60137.310381	741.883000
60150.643982	742.696000
60211.293124	746.330000
60236.565808	747.857000
60302.706409	751.774000
60321.051175	752.874000
60384.087738	756.568000
60412.245232	758.249000
60467.216699	761.437000
60494.401233	763.056000
60557.693035	766.695000
60589.686156	768.581000
60641.003756	771.533000
60676.294412	773.590000
60729.342619	776.646000
60763.397051	778.612000
60810.857147	781.338000
60856.103619	783.938000
60903.987325	786.666000
60947.628790	789.177000
60991.852912	791.687000
61031.395528	793.950000
61073.044750	796.300000
61129.742594	799.545000
61167.883659	801.682000
61215.106481	804.383000
61256.325390	806.688000
61311.998752	809.887000
61342.276780	811.571000
61389.848635	814.309000
61427.718829	816.435000
61498.784874	820.512000
61527.898555	822.142000
61574.246696	824.789000
61604.888465	826.486000
61671.890843	830.260000
61696.631410	831.612000
61769.794424	835.709000
61799.903666	837.345000
61855.299886	840.422000
61874.300888	841.453000
61951.434568	845.705000
61975.648043	847.005000
62054.071362	851.273000
62070.329673	852.137000
62134.832320	855.657000
62158.136240	856.878000
62242.739623	861.510000
62251.256787	861.959000
62333.582751	866.446000
62352.209658	867.425000
62427.500777	871.471000
62438.064790	872.022000
62526.716426	876.717000
62533.101362	877.046000
62630.377973	882.148000
62638.229169	882.547000
62717.572505	886.678000
62730.262434	887.323000
62821.494570	892.037000
62823.540509	892.142000
62922.620821	897.169000
62927.047882	897.393000
63020.579774	902.187000
63024.005734	902.359000
63118.432358	907.125000
63122.678010	907.335000
63220.889657	912.205000
63224.070963	912.361000
63324.889729	917.323000
63327.905302	917.470000
63425.225422	922.229000
63428.934726	922.408000
63528.171252	927.215000
63536.192860	927.604000
63630.536187	932.097000
63641.506745	932.622000
63742.340799	937.407000
63744.639134	937.516000
63843.334447	942.196000
63853.214165	942.662000
63947.068642	947.085000
63960.237150	947.704000
64055.988379	952.164000
64071.458786	952.884000
64168.276276	957.385000
64169.324189	957.434000
64265.489260	961.932000
64287.832479	962.959000
64385.278184	967.435000
64396.004790	967.924000
64489.403866	972.128000
64496.547895	972.451000
64598.504154	977.004000
64622.297737	978.083000
64715.565257	982.195000
64728.370896	982.771000
64817.977044	986.758000
64844.309251	987.924000
64915.438385	991.076000
64954.956611	992.804000
65006.993211	995.084000
65071.023851	997.855000
65079.174268	998.206000
65140.134147	1000.847000
65155.039778	1001.484000
65171.519940	1002.187000
65171.778251	1002.198000
65172.813102	1002.242000
65175.141866	1002.341000
65176.154089	1002.384000
65177.071815	1002.423000
65177.684121	1002.449000
65178.508415	1002.484000
65182.324499	1002.646000
65182.819622	1002.667000
65184.656052	1002.746000
65187.297968	1002.858000
65188.855591	1002.924000
65189.492849	1002.951000
65219.883171	1004.241000
65267.752655	1006.265000
65313.530290	1008.185000
65316.576848	1008.312000
65382.421275	1011.069000
65424.130011	1012.790000
65445.968753	1013.694000
65514.102671	1016.486000
65557.714266	1018.260000
65577.880891	1019.081000
65653.080940	1022.122000
65675.259607	1023.017000
65725.868800	1025.063000
65800.175928	1028.037000
65812.149522	1028.514000
65931.265700	1033.223000
65933.698512	1033.317000
66051.142653	1037.998000
66060.632312	1038.358000
66179.778778	1042.983000
66192.294130	1043.457000
66314.187326	1047.998000
66333.468930	1048.705000
66458.860754	1053.322000
66465.545979	1053.565000
66591.749037	1058.135000
66594.999428	1058.251000
66746.306405	1063.635000
66748.430387	1063.709000
66885.402980	1068.466000
66894.381523	1068.775000
67028.805543	1073.364000
67043.014277	1073.837000
67185.481576	1078.574000
67192.016412	1078.790000
67350.115779	1083.945000
67367.375175	1084.508000
67494.400179	1088.725000
67499.080041	1088.878000
67652.302318	1093.785000
67669.443711	1094.324000
67823.165329	1099.230000
67837.203528	1099.661000
67978.824585	1103.978000
67996.528843	1104.507000
68153.104446	1109.196000
68170.592809	1109.708000
68335.622362	1114.501000
68360.469961	1115.229000
68491.748042	1119.011000
68524.208894	1119.935000
68693.265150	1124.719000
68715.528483	1125.319000
68870.267345	1129.518000
68914.580707	1130.659000
69056.520810	1134.322000
69098.223203	1135.328000
69300.699353	1140.196000
69337.061387	1140.987000
69482.003389	1144.203000
69572.480249	1146.099000
69761.411060	1150.121000
69802.049762	1150.883000
69997.709831	1154.994000
70097.200048	1156.713000
70259.801755	1159.910000
70350.154890	1161.390000
70546.650312	1165.080000
70654.117089	1166.760000
70878.139186	1170.514000
70975.811789	1171.876000
71193.646909	1175.044000
71399.600639	1177.282000
71675.498786	1180.449000
71899.667428	1182.155000
72447.848371	1185.630000
73265.150665	1180.449000
73681.294913	1177.282000
73876.261776	1175.044000
74167.799495	1171.876000
74261.452094	1170.514000
74530.661310	1166.760000
74630.916271	1165.080000
74866.959372	1161.390000
74945.770544	1159.910000
75140.945526	1156.713000
75228.375096	1154.994000
75466.306616	1150.883000
75502.573454	1150.121000
75717.073269	1146.099000
75806.136625	1144.203000
75959.603705	1140.987000
75995.253308	1140.196000
76219.033816	1135.328000
76260.876669	1134.322000
76412.721465	1130.659000
76456.934857	1129.518000
76620.012690	1125.319000
76642.123506	1124.719000
76819.636482	1119.935000
76852.288652	1119.011000
76985.153305	1115.229000
77010.423120	1114.501000
77174.014524	1109.708000
77191.643385	1109.196000
77351.805373	1104.507000
77369.469799	1103.978000
77513.948591	1099.661000
77528.087733	1099.230000
77687.882175	1094.324000
77704.770873	1093.785000
77860.824331	1088.878000
77865.601793	1088.725000
77994.588574	1084.508000
78011.547330	1083.945000
78169.579631	1078.790000
78176.204163	1078.574000
78319.516753	1073.837000
78333.742430	1073.364000
78471.594183	1068.775000
78480.645615	1068.466000
78618.868686	1063.709000
78620.999435	1063.635000
78775.533462	1058.251000
78778.793419	1058.135000
78906.847584	1053.565000
78913.558162	1053.322000
79040.577436	1048.705000
79059.778653	1047.998000
79183.622729	1043.457000
79196.346220	1042.983000
79318.463312	1038.358000
79327.737416	1037.998000
79451.129347	1033.317000
79453.487764	1033.223000
79575.361276	1028.514000
79587.427196	1028.037000
79662.080169	1025.063000
79713.200675	1023.017000
79735.339105	1022.122000
79810.697012	1019.081000
79830.999295	1018.260000
79874.574924	1016.486000
79943.212789	1013.694000
79965.273341	1012.790000
80006.849089	1011.069000
80073.665466	1008.312000
80076.698560	1008.185000
80122.756766	1006.265000
80171.014022	1004.241000
80201.523723	1002.951000
80202.159800	1002.924000
80203.717542	1002.858000
80206.360781	1002.746000
80208.224275	1002.667000
80208.712440	1002.646000
80212.531956	1002.484000
80213.356419	1002.449000
80213.968752	1002.423000
80214.887210	1002.384000
80215.899062	1002.341000
80218.229529	1002.242000
80219.264535	1002.198000
80219.523248	1002.187000
80236.031654	1001.484000
80250.964604	1000.847000
80312.763302	998.206000
80320.865126	997.855000
80385.209296	995.084000
80437.894196	992.804000
80477.332461	991.076000
80549.416634	987.924000
80575.728998	986.758000
80665.768888	982.771000
80678.714246	982.195000
80770.132273	978.083000
80794.605924	977.004000
80895.006464	972.451000
80902.239469	972.128000
80995.222441	967.924000
81006.086415	967.435000
81104.271060	962.959000
81126.629581	961.932000
81224.487223	957.434000
81225.534820	957.385000
81321.793158	952.884000
81337.280514	952.164000
81433.111087	947.704000
81446.400327	947.085000
81540.494533	942.662000
81550.382887	942.196000
81649.604094	937.516000
81651.902767	937.407000
81752.797576	932.622000
81763.860873	932.097000
81857.747949	927.604000
81865.916111	927.215000
81965.041734	922.408000
81968.737041	922.229000
82067.354808	917.470000
82070.360914	917.323000
82172.151887	912.361000
82175.321522	912.205000
82274.635380	907.335000
82278.870380	907.125000
82375.226466	902.359000
82378.634225	902.187000
82474.122907	897.393000
82478.493191	897.169000
82577.845123	892.142000
82579.914634	892.037000
82671.767551	887.323000
82684.250523	886.678000
82765.525090	882.547000
82773.188607	882.148000
82873.581588	877.046000
82879.854424	876.717000
82970.970766	872.022000
82981.374824	871.471000
83058.946504	867.425000
83077.164499	866.446000
83162.536240	861.959000
83170.774340	861.510000
83258.639601	856.878000
83280.941140	855.657000
83348.123613	852.137000
83363.956081	851.273000
83444.269123	847.005000
83468.156263	845.705000
83547.352952	841.453000
83566.055874	840.422000
83622.764007	837.345000
83652.217441	835.709000
83727.619375	831.612000
83751.762991	830.260000
83820.824308	826.486000
83850.952298	824.789000
83898.747680	822.142000
83927.288470	820.512000
84000.108394	816.435000
84037.166626	814.309000
84085.938306	811.571000
84115.197255	809.887000
84172.714719	806.688000
84212.829474	804.383000
84261.129809	801.682000
84298.491960	799.545000
84356.408553	796.300000
84397.468624	793.950000
84437.575939	791.687000
84481.434520	789.177000
84525.676261	786.666000
84573.089210	783.938000
84618.726173	781.338000
84666.165358	778.612000
84700.393733	776.646000
84753.328802	773.590000
84789.035661	771.533000
84839.681268	768.581000
84872.467513	766.695000
84934.197613	763.056000
84962.356290	761.437000
85015.885810	758.249000
85044.871706	756.568000
85106.747841	752.874000
85125.518881	751.774000
85190.842925	747.857000
85216.627122	746.330000
85276.771807	742.696000
85290.340258	741.883000
85366.586149	737.234000
85378.615749	736.508000
85442.622514	732.597000
85460.300464	731.529000
85534.434990	726.956000
85536.040165	726.860000
85613.811424	722.031000
85623.187216	721.468000
85699.855997	716.712000
85700.822128	716.654000
85779.555320	711.800000
85782.501181	711.622000
85865.493593	706.510000
85870.504399	706.200000
85945.367955	701.679000
85947.624547	701.538000
86031.139863	696.486000
86039.573318	695.965000
86116.751928	691.321000
86122.774658	690.946000
86194.598843	686.579000
86208.328332	685.713000
86277.849677	681.456000
86289.359622	680.725000
86362.519201	676.219000
86377.584479	675.264000
86442.046948	671.262000
86457.956829	670.252000
86519.966809	666.365000
86538.828127	665.158000
86602.232540	661.171000
86621.074209	659.955000
86684.992546	655.922000
86707.149072	654.497000
86757.411063	651.291000
86781.552127	649.733000
86841.878347	645.863000
86858.131597	644.808000
86923.903241	640.576000
86941.403786	639.443000
86997.496263	635.831000
87009.418625	635.066000
87081.231803	630.487000
87092.618415	629.762000
87163.183323	625.251000
87171.640954	624.711000
87242.041876	620.156000
87242.527031	620.125000
87323.138380	615.047000
87324.840744	614.938000
87403.043427	609.946000
87406.186597	609.742000
87475.273566	605.275000
87489.178715	604.365000
87552.879880	600.215000
87561.120838	599.676000
87633.012823	594.976000
87648.367492	593.970000
87704.078074	590.322000
87722.194111	589.133000
87779.637693	585.387000
87800.660379	584.004000
87861.178712	580.041000
87885.873625	578.414000
87928.872663	575.583000
87957.364147	573.708000
88006.835614	570.435000
88045.159764	567.944000
88086.176255	565.259000
88114.950691	563.398000
88158.952838	560.510000
88209.281522	557.222000
88238.313480	555.319000
88278.030927	552.740000
88313.646839	550.396000
88363.731717	547.207000
88393.880967	545.240000
88447.359721	541.860000
88471.696225	540.271000
88528.701231	536.643000
88546.605588	535.482000
88607.266551	531.621000
88630.065819	530.132000
88691.579952	526.200000
88703.619216	525.407000
88768.709422	521.262000
88783.015750	520.310000
88851.393684	515.951000
88865.599605	515.009000
88930.069782	510.905000
88934.266085	510.628000
89009.016791	505.892000
89022.524371	504.993000
89088.115642	500.816000
89096.403518	500.264000
89164.685078	495.899000
89170.064393	495.543000
89243.920875	490.828000
89256.170559	490.016000
89320.444504	485.881000
89332.300777	485.093000
89396.095472	481.018000
89401.874385	480.636000
89477.780239	475.799000
89491.713792	474.886000
89552.371323	471.035000
89564.027447	470.271000
89633.086417	465.863000
89640.382077	465.384000
89709.571371	460.935000
89720.516740	460.219000
89788.652273	455.775000
89798.621875	455.120000
89862.322698	450.952000
89869.687640	450.473000
89940.740218	445.844000
89953.021070	445.054000
90018.915065	440.736000
90025.648859	440.307000
90097.716163	435.603000
90100.364532	435.436000
90171.106901	430.860000
90181.532036	430.208000
90254.252994	425.527000
90259.254292	425.214000
90330.960338	420.606000
90333.202266	420.465000
90412.072661	415.453000
90416.640640	415.167000
90491.312557	410.461000
90492.342553	410.396000
90573.357951	405.327000
90576.551599	405.127000
90650.504685	400.448000
90650.679462	400.437000
90732.488087	395.342000
90739.393520	394.906000
90813.632573	390.217000
90815.858084	390.076000
90886.340664	385.599000
90896.476252	384.951000
90972.821715	380.081000
90974.583091	379.967000
91047.329541	375.273000
91054.901674	374.776000
91124.761600	370.228000
91134.835711	369.562000
91202.614763	365.127000
91210.856176	364.580000
91279.067945	360.144000
91288.641171	359.503000
91358.576032	355.093000
91370.100342	354.326000
91440.605395	349.919000
91451.377183	349.213000
91521.048557	344.932000
91534.212144	344.079000
91603.305059	339.886000
91617.868225	338.969000
91692.414664	334.400000
91703.861229	333.681000
91766.931182	329.779000
91784.721230	328.662000
91854.443971	324.327000
91869.732963	323.373000
91936.853894	319.214000
91952.262597	318.264000
92020.403074	314.026000
92037.870669	312.979000
92101.994490	309.113000
92121.393018	307.959000
92188.928880	303.864000
92212.614558	302.446000
92274.954366	298.680000
92289.313468	297.810000
92355.137879	293.920000
92386.074373	292.052000
92440.432901	288.916000
92469.505961	287.172000
92531.919235	283.681000
92559.694612	282.056000
92617.096091	278.949000
92655.543562	276.755000
92707.583413	274.037000
92752.512532	271.601000
92809.735038	268.793000
92850.636862	266.612000
92905.995619	263.996000
92958.657070	261.292000
93007.240834	259.101000
93064.961261	256.228000
93120.701359	253.907000
93185.237184	250.909000
93229.335085	249.006000
93300.598269	245.758000
93335.641259	244.176000
93416.211427	240.610000
93462.720731	238.619000
93535.312033	235.224000
93565.412257	233.968000
93651.124255	230.037000
93679.181610	228.921000
93769.043923	224.914000
93796.032069	223.869000
93897.759223	219.529000
93920.588880	218.704000
94036.433031	214.047000
94040.916939	213.900000
94176.815528	209.540000
94205.390799	208.688000
94377.513079	203.901000
94396.441323	203.459000
94611.102430	198.715000
94617.767633	198.617000
94843.464912	193.926000
94866.856569	193.538000
95173.058178	198.617000
95177.773236	198.715000
95500.423484	203.459000
95520.423528	203.901000
95725.422406	208.688000
95756.057079	209.540000
95902.287340	213.900000
95906.869242	214.047000
96048.920653	218.704000
96069.442754	219.529000
96189.540586	223.869000
96214.034797	224.914000
96317.519485	228.921000
96342.547272	230.037000
96441.376540	233.968000
96468.762516	235.224000
96550.124188	238.619000
96592.695405	240.610000
96675.996349	244.176000
96711.740041	245.758000
96783.686710	249.006000
96825.439739	250.909000
96894.911893	253.907000
96944.874417	256.228000
97013.871101	259.101000
97057.889707	261.292000
97117.848857	263.996000
97168.796473	266.612000
97214.949933	268.793000
97267.610328	271.601000
97317.252074	274.037000
97367.382348	276.755000
97409.389497	278.949000
97463.836304	282.056000
97493.857998	283.681000
97553.528054	287.172000
97584.707873	288.916000
97636.986036	292.052000
97669.365414	293.920000
97733.788841	297.810000
97748.510496	298.680000
97810.667254	302.446000
97834.139864	303.864000
97902.541029	307.959000
97921.573113	309.113000
97986.559860	312.979000
98003.926037	314.026000
98074.630588	318.264000
98089.905117	319.214000
98157.362798	323.373000
98172.759135	324.327000
98242.232700	328.662000
98260.198167	329.779000
98322.343889	333.681000
98333.965441	334.400000
98406.704459	338.969000
98421.665957	339.886000
98488.256311	344.079000
98502.312180	344.932000
98568.377027	349.213000
98579.866863	349.919000
98647.106624	354.326000
98659.377415	355.093000
98725.638440	359.503000
98735.803576	360.144000
98802.054479	364.580000
98810.465624	365.127000
98877.285856	369.562000
98887.464175	370.228000
98956.258559	374.776000
98963.892769	375.273000
99035.409051	379.967000
99037.175794	380.081000
99112.420559	384.951000
99122.579052	385.599000
99192.605331	390.076000
99194.825131	390.217000
99268.835216	394.906000
99275.738228	395.342000
99356.433601	400.437000
99356.610224	400.448000
99430.953754	405.127000
99434.114818	405.327000
99515.057819	410.396000
99516.096683	410.461000
99590.668395	415.167000
99595.206467	415.453000
99675.257905	420.465000
99677.476725	420.606000
99750.744851	425.214000
99755.615509	425.527000
99830.411277	430.208000
99840.540323	430.860000
99913.708143	435.436000
99916.289868	435.603000
99990.888254	440.307000
99997.460718	440.736000
100065.238158	445.054000
100077.293798	445.844000
100149.253373	450.473000
100156.605756	450.952000
100220.691515	455.120000
100230.702081	455.775000
100298.343166	460.219000
100309.320898	460.935000
100377.331997	465.384000
100384.781238	465.863000
100451.919586	470.271000
100463.888972	471.035000
100522.642552	474.886000
100537.023317	475.799000
100610.842153	480.636000
100616.836786	481.018000
100678.483566	485.093000
100690.819816	485.881000
100753.035159	490.016000
100765.656789	490.828000
100836.786419	495.543000
100842.362858	495.899000
100908.319917	500.264000
100916.954836	500.816000
100979.669435	504.993000
100993.786398	505.892000
101064.945355	510.628000
101069.317387	510.905000
101131.489335	515.009000
101146.287314	515.951000
101212.023632	520.310000
101226.957285	521.262000
101289.246917	525.407000
101301.699639	526.200000
101361.394958	530.132000
101384.689603	531.621000
101443.808456	535.482000
101462.049165	536.643000
101517.998353	540.271000
101542.965540	541.860000
101594.732301	545.240000
101625.854404	547.207000
101674.733895	550.396000
101711.547615	552.740000
101750.734235	555.319000
101780.041060	557.222000
101830.202425	560.510000
101874.408398	563.398000
101902.762967	565.259000
101944.277938	567.944000
101982.330854	570.435000
102032.686110	573.708000
102061.026776	575.583000
102104.045118	578.414000
102128.757034	580.041000
102188.908196	584.004000
102210.027766	585.387000
102266.969908	589.133000
102285.202802	590.322000
102340.785058	593.970000
102356.148228	594.976000
102427.884750	599.676000
102436.129384	600.215000
102499.580175	604.365000
102513.548382	605.275000
102581.805855	609.742000
102584.960935	609.946000
102661.876164	614.938000
102663.583714	615.047000
102742.892006	620.125000
102743.384120	620.156000
102814.670621	624.711000
102823.016724	625.251000
102893.669266	629.762000
102905.010334	630.487000
102976.926599	635.066000
102988.924215	635.831000
103045.216466	639.443000
103062.811365	640.576000
103128.179686	644.808000
103144.575973	645.863000
103204.196899	649.733000
103228.483268	651.291000
103278.159938	654.497000
103300.500342	655.922000
103363.207200	659.955000
103382.479379	661.171000
103444.257120	665.158000
103463.451784	666.365000
103524.192414	670.252000
103540.305118	671.262000
103603.346051	675.264000
103618.728774	676.219000
103689.811650	680.725000
103701.680192	681.456000
103768.708693	685.713000
103782.851395	686.579000
103852.085435	690.946000
103858.253072	691.321000
103932.838569	695.965000
103941.497065	696.486000
104023.274061	701.538000
104025.604952	701.679000
104097.959950	706.200000
104103.093261	706.510000
104185.723064	711.622000
104188.612862	711.800000
104268.945499	716.654000
104269.886275	716.712000
104349.109066	721.468000
104358.184870	722.031000
104438.603515	726.860000
104440.149599	726.956000
104516.612778	731.529000
104533.926505	732.597000
104598.662895	736.508000
104610.544488	737.234000
104687.577012	741.883000
104700.910613	742.696000
104761.559755	746.330000
104786.832439	747.857000
104852.973040	751.774000
104871.317806	752.874000
104934.354369	756.568000
104962.511863	758.249000
105017.483331	761.437000
105044.667864	763.056000
105107.959666	766.695000
105139.952787	768.581000
105191.270388	771.533000
105226.561043	773.590000
105279.609250	776.646000
105313.663682	778.612000
105361.123779	781.338000
105406.370250	783.938000
105454.253956	786.666000
105497.895421	789.177000
105542.119543	791.687000
105581.662160	793.950000
105623.311381	796.300000
105680.009225	799.545000
105718.150290	801.682000
105765.373112	804.383000
105806.592021	806.688000
105862.265383	809.887000
105892.543411	811.571000
105940.115266	814.309000
105977.985460	816.435000
106049.051506	820.512000
106078.165186	822.142000
106124.513327	824.789000
106155.155096	826.486000
106222.157474	830.260000
106246.898041	831.612000
106320.061055	835.709000
106350.170297	837.345000
106405.566517	840.422000
106424.567519	841.453000
106501.701199	845.705000
106525.914674	847.005000
106604.337993	851.273000
106620.596304	852.137000
106685.098951	855.657000
106708.402871	856.878000
106793.006255	861.510000
106801.523418	861.959000
106883.849382	866.446000
106902.476289	867.425000
106977.767408	871.471000
106988.331421	872.022000
107076.983057	876.717000
107083.367993	877.046000
107180.644605	882.148000
107188.495800	882.547000
107267.839136	886.678000
107280.529065	887.323000
107371.761201	892.037000
107373.807140	892.142000
107472.887452	897.169000
107477.314513	897.393000
107570.846405	902.187000
107574.272365	902.359000
107668.698989	907.125000
107672.944641	907.335000
107771.156288	912.205000
107774.337594	912.361000
107875.156360	917.323000
107878.171933	917.470000
107975.492053	922.229000
107979.201357	922.408000
108078.437883	927.215000
108086.459491	927.604000
108180.802819	932.097000
108191.773376	932.622000
108292.607430	937.407000
108294.905765	937.516000
108393.601078	942.196000
108403.480796	942.662000
108497.335273	947.085000
108510.503782	947.704000
108606.255011	952.164000
108621.725417	952.884000
108718.542907	957.385000
108719.590821	957.434000
108815.755892	961.932000
108838.099110	962.959000
108935.544815	967.435000
108946.271422	967.924000
109039.670497	972.128000
109046.814526	972.451000
109148.770786	977.004000
109172.564368	978.083000
109265.831889	982.195000
109278.637527	982.771000
109368.243675	986.758000
109394.575882	987.924000
109465.705016	991.076000
109505.223242	992.804000
109557.259843	995.084000
109621.290483	997.855000
109629.440899	998.206000
109690.400778	1000.847000
109705.306409	1001.484000
109721.786571	1002.187000
109722.044882	1002.198000
109723.079734	1002.242000
109725.408497	1002.341000
109726.420720	1002.384000
109727.338446	1002.423000
109727.950752	1002.449000
109728.775046	1002.484000
109732.591130	1002.646000
109733.086253	1002.667000
109734.922683	1002.746000
109737.564599	1002.858000
109739.122222	1002.924000
109739.759480	1002.951000
109770.149802	1004.241000
109818.019286	1006.265000
109863.796921	1008.185000
109866.843479	1008.312000
109932.687906	1011.069000
109974.396642	1012.790000
109996.235384	1013.694000
110064.369303	1016.486000
110107.980897	1018.260000
110128.147522	1019.081000
110203.347571	1022.122000
110225.526238	1023.017000
110276.135431	1025.063000
110350.442559	1028.037000
110362.416154	1028.514000
110481.532331	1033.223000
110483.965143	1033.317000
110601.409284	1037.998000
110610.898943	1038.358000
110730.045409	1042.983000
110742.560761	1043.457000
110864.453957	1047.998000
110883.735561	1048.705000
111009.127385	1053.322000
111015.812610	1053.565000
111142.015668	1058.135000
111145.266059	1058.251000
111296.573036	1063.635000
111298.697018	1063.709000
111435.669611	1068.466000
111444.648154	1068.775000
111579.072174	1073.364000
111593.280908	1073.837000
111735.748207	1078.574000
111742.283044	1078.790000
111900.382410	1083.945000
111917.641806	1084.508000
112044.666811	1088.725000
112049.346672	1088.878000
112202.568949	1093.785000
112219.710342	1094.324000
112373.431961	1099.230000
112387.470160	1099.661000
112529.091216	1103.978000
112546.795474	1104.507000
112703.371077	1109.196000
112720.859440	1109.708000
112885.888993	1114.501000
112910.736592	1115.229000
113042.014673	1119.011000
113074.475525	1119.935000
113243.531781	1124.719000
113265.795114	1125.319000
113420.533976	1129.518000
113464.847338	1130.659000
113606.787441	1134.322000
113648.489834	1135.328000
113850.965985	1140.196000
113887.328019	1140.987000
114032.270020	1144.203000
114122.746881	1146.099000
114311.677691	1150.121000
114352.316393	1150.883000
114547.976462	1154.994000
114647.466679	1156.713000
114810.068386	1159.910000
114900.421521	1161.390000
115096.916943	1165.080000
115204.383720	1166.760000
115428.405817	1170.514000
115526.078420	1171.876000
115743.913540	1175.044000
115949.867270	1177.282000
116225.765417	1180.449000
116449.934059	1182.155000
116998.115003	1185.630000
117815.417296	1180.449000
118231.561544	1177.282000
118426.528407	1175.044000
118718.066127	1171.876000
118811.718725	1170.514000
119080.927941	1166.760000
119181.182902	1165.080000
119417.226003	1161.390000
119496.037175	1159.910000
119691.212157	1156.713000
119778.641727	1154.994000
120016.573247	1150.883000
120052.840086	1150.121000
120267.339901	1146.099000
120356.403257	1144.203000
120509.870336	1140.987000
120545.519939	1140.196000
120769.300447	1135.328000
120811.143300	1134.322000
120962.988096	1130.659000
121007.201489	1129.518000
121170.279321	1125.319000
121192.390137	1124.719000
121369.903113	1119.935000
121402.555283	1119.011000
121535.419936	1115.229000
121560.689752	1114.501000
121724.281155	1109.708000
121741.910016	1109.196000
121902.072004	1104.507000
121919.736430	1103.978000
122064.215222	1099.661000
122078.354364	1099.230000
122238.148806	1094.324000
122255.037504	1093.785000
122411.090962	1088.878000
122415.868424	1088.725000
122544.855205	1084.508000
122561.813961	1083.945000
122719.846262	1078.790000
122726.470795	1078.574000
122869.783384	1073.837000
122884.009061	1073.364000
123021.860814	1068.775000
123030.912246	1068.466000
123169.135317	1063.709000
123171.266066	1063.635000
123325.800093	1058.251000
123329.060050	1058.135000
123457.114215	1053.565000
123463.824794	1053.322000
123590.844067	1048.705000
123610.045284	1047.998000
123733.889360	1043.457000
123746.612851	1042.983000
123868.729944	1038.358000
123878.004047	1037.998000
124001.395978	1033.317000
124003.754395	1033.223000
124125.627907	1028.514000
124137.693827	1028.037000
124212.346801	1025.063000
124263.467306	1023.017000
124285.605736	1022.122000
124360.963644	1019.081000
124381.265926	1018.260000
124424.841555	1016.486000
124493.479420	1013.694000
124515.539972	1012.790000
124557.115720	1011.069000
124623.932097	1008.312000
124626.965191	1008.185000
124673.023397	1006.265000
124721.280654	1004.241000
124751.790355	1002.951000
124752.426431	1002.924000
124753.984173	1002.858000
124756.627412	1002.746000
124758.490906	1002.667000
124758.979071	1002.646000
124762.798587	1002.484000
124763.623050	1002.449000
124764.235383	1002.423000
124765.153841	1002.384000
124766.165693	1002.341000
124768.496160	1002.242000
124769.531166	1002.198000
124769.789879	1002.187000
124786.298286	1001.484000
124801.231235	1000.847000
124863.029933	998.206000
124871.131757	997.855000
124935.475927	995.084000
124988.160827	992.804000
125027.599093	991.076000
125099.683265	987.924000
125125.995629	986.758000
125216.035519	982.771000
125228.980877	982.195000
125320.398904	978.083000
125344.872555	977.004000
125445.273095	972.451000
125452.506100	972.128000
125545.489072	967.924000
125556.353046	967.435000
125654.537691	962.959000
125676.896212	961.932000
125774.753854	957.434000
125775.801451	957.385000
125872.059789	952.884000
125887.547145	952.164000
125983.377718	947.704000
125996.666958	947.085000
126090.761165	942.662000
126100.649518	942.196000
126199.870726	937.516000
126202.169398	937.407000
126303.064207	932.622000
126314.127504	932.097000
126408.014580	927.604000
126416.182743	927.215000
126515.308366	922.408000
126519.003672	922.229000
126617.621439	917.470000
126620.627545	917.323000
126722.418518	912.361000
126725.588153	912.205000
126824.902012	907.335000
126829.137011	907.125000
126925.493097	902.359000
126928.900856	902.187000
127024.389538	897.393000
127028.759823	897.169000
127128.111754	892.142000
127130.181265	892.037000
127222.034182	887.323000
127234.517154	886.678000
127315.791721	882.547000
127323.455238	882.148000
127423.848220	877.046000
127430.121055	876.717000
127521.237397	872.022000
127531.641455	871.471000
127609.213136	867.425000
127627.431130	866.446000
127712.802871	861.959000
127721.040972	861.510000
127808.906232	856.878000
127831.207771	855.657000
127898.390244	852.137000
127914.222712	851.273000
127994.535754	847.005000
128018.422894	845.705000
128097.619584	841.453000
128116.322505	840.422000
128173.030638	837.345000
128202.484072	835.709000
128277.886006	831.612000
128302.029622	830.260000
128371.090940	826.486000
128401.218930	824.789000
128449.014312	822.142000
128477.555101	820.512000
128550.375025	816.435000
128587.433257	814.309000
128636.204937	811.571000
128665.463886	809.887000
128722.981350	806.688000
128763.096105	804.383000
128811.396440	801.682000
128848.758591	799.545000
128906.675184	796.300000
128947.735256	793.950000
128987.842570	791.687000
129031.701151	789.177000
129075.942892	786.666000
129123.355841	783.938000
129168.992805	781.338000
129216.431989	778.612000
129250.660364	776.646000
129303.595433	773.590000
129339.302292	771.533000
129389.947899	768.581000
129422.734144	766.695000
129484.464244	763.056000
129512.622921	761.437000
129566.152441	758.249000
129595.138337	756.568000
129657.014473	752.874000
129675.785512	751.774000
129741.109556	747.857000
129766.893753	746.330000
129827.038438	742.696000
129840.606889	741.883000
129916.852780	737.234000
129928.882380	736.508000
129992.889145	732.597000
130010.567095	731.529000
130084.701621	726.956000
130086.306796	726.860000
130164.078055	722.031000
130173.453847	721.468000
130250.122628	716.712000
130251.088759	716.654000
130329.821951	711.800000
130332.767812	711.622000
130415.760224	706.510000
130420.771030	706.200000
130495.634586	701.679000
130497.891178	701.538000
130581.406494	696.486000
130589.839949	695.965000
130667.018559	691.321000
130673.041290	690.946000
130744.865474	686.579000
130758.594963	685.713000
130828.116308	681.456000
130839.626253	680.725000
130912.785832	676.219000
130927.851110	675.264000
130992.313579	671.262000
131008.223460	670.252000
131070.233441	666.365000
131089.094758	665.158000
131152.499171	661.171000
131171.340840	659.955000
131235.259177	655.922000
131257.415703	654.497000
131307.677695	651.291000
131331.818758	649.733000
131392.144978	645.863000
131408.398228	644.808000
131474.169872	640.576000
131491.670418	639.443000
131547.762894	635.831000
131559.685256	635.066000
131631.498434	630.487000
131642.885046	629.762000
131713.449954	625.251000
131721.907585	624.711000
131792.308507	620.156000
131792.793662	620.125000
131873.405011	615.047000
131875.107375	614.938000
131953.310058	609.946000
131956.453228	609.742000
132025.540197	605.275000
132039.445346	604.365000
132103.146511	600.215000
132111.387469	599.676000
132183.279455	594.976000
132198.634123	593.970000
132254.344705	590.322000
132272.460742	589.133000
132329.904324	585.387000
132350.927010	584.004000
132411.445343	580.041000
132436.140256	578.414000
132479.139294	575.583000
132507.630778	573.708000
132557.102245	570.435000
132595.426395	567.944000
132636.442886	565.259000
132665.217322	563.398000
132709.219469	560.510000
132759.548154	557.222000
132788.580111	555.319000
132828.297558	552.740000
132863.913470	550.396000
132913.998348	547.207000
132944.147598	545.240000
132997.626352	541.860000
133021.962856	540.271000
133078.967862	536.643000
133096.872219	535.482000
133157.533182	531.621000
133180.332450	530.132000
133241.846583	526.200000
133253.885848	525.407000
133318.976053	521.262000
133333.282381	520.310000
133401.660315	515.951000
133415.866236	515.009000
133480.336413	510.905000
133484.532716	510.628000
133559.283422	505.892000
133572.791003	504.993000
133638.382273	500.816000
133646.670150	500.264000
133714.951709	495.899000
133720.331024	495.543000
133794.187506	490.828000
133806.437190	490.016000
133870.711135	485.881000
133882.567408	485.093000
133946.362103	481.018000
133952.141016	480.636000
134028.046870	475.799000
134041.980423	474.886000
134102.637954	471.035000
134114.294078	470.271000
134183.353049	465.863000
134190.648708	465.384000
134259.838002	460.935000
134270.783371	460.219000
134338.918904	455.775000
134348.888506	455.120000
134412.589329	450.952000
134419.954271	450.473000
134491.006849	445.844000
134503.287701	445.054000
134569.181696	440.736000
134575.915490	440.307000
134647.982794	435.603000
134650.631163	435.436000
134721.373532	430.860000
134731.798667	430.208000
134804.519625	425.527000
134809.520923	425.214000
134881.226969	420.606000
134883.468897	420.465000
134962.339292	415.453000
134966.907271	415.167000
135041.579189	410.461000
135042.609185	410.396000
135123.624582	405.327000
135126.818230	405.127000
135200.771317	400.448000
135200.946093	400.437000
135282.754718	395.342000
135289.660151	394.906000
135363.899204	390.217000
135366.124715	390.076000
135436.607295	385.599000
135446.742884	384.951000
135523.088346	380.081000
135524.849722	379.967000
135597.596172	375.273000
135605.168305	374.776000
135675.028231	370.228000
135685.102342	369.562000
135752.881394	365.127000
135761.122807	364.580000
135829.334576	360.144000
135838.907802	359.503000
135908.842663	355.093000
135920.366973	354.326000
135990.872026	349.919000
136001.643815	349.213000
136071.315188	344.932000
136084.478775	344.079000
136153.571690	339.886000
136168.134856	338.969000
136242.681295	334.400000
136254.127860	333.681000
136317.197813	329.779000
136334.987862	328.662000
136404.710602	324.327000
136419.999594	323.373000
136487.120525	319.214000
136502.529228	318.264000
136570.669705	314.026000
136588.137300	312.979000
136652.261122	309.113000
136671.659649	307.959000
136739.195511	303.864000
136762.881189	302.446000
136825.220997	298.680000
136839.580099	297.810000
136905.404511	293.920000
136936.341004	292.052000
136990.699532	288.916000
137019.772592	287.172000
137082.185866	283.681000
137109.961243	282.056000
137167.362722	278.949000
137205.810194	276.755000
137257.850044	274.037000
137302.779163	271.601000
137360.001669	268.793000
137400.903493	266.612000
137456.262251	263.996000
137508.923701	261.292000
137557.507465	259.101000
137615.227892	256.228000
137670.967990	253.907000
137735.503815	250.909000
137779.601716	249.006000
137850.864900	245.758000
137885.907890	244.176000
137966.478058	240.610000
138012.987363	238.619000
138085.578664	235.224000
138115.678888	233.968000
138201.390886	230.037000
138229.448241	228.921000
138319.310555	224.914000
138346.298700	223.869000
138448.025854	219.529000
138470.855511	218.704000
138586.699662	214.047000
138591.183570	213.900000
138727.082159	209.540000
138755.657430	208.688000
138927.779710	203.901000
138946.707954	203.459000
139161.369061	198.715000
139168.034265	198.617000
139393.731543	193.926000
139417.123200	193.538000
139723.324810	198.617000
139728.039867	198.715000
140050.690115	203.459000
140070.690159	203.901000
140275.689037	208.688000
140306.323711	209.540000
140452.553971	213.900000
140457.135873	214.047000
140599.187284	218.704000
140619.709385	219.529000
140739.807217	223.869000
140764.301428	224.914000
140867.786116	228.921000
140892.813903	230.037000
140991.643171	233.968000
141019.029147	235.224000
141100.390819	238.619000
141142.962036	240.610000
141226.262980	244.176000
141262.006672	245.758000
141333.953341	249.006000
141375.706370	250.909000
141445.178524	253.907000
141495.141049	256.228000
141564.137732	259.101000
141608.156338	261.292000
141668.115488	263.996000
141719.063104	266.612000
141765.216564	268.793000
141817.876959	271.601000
141867.518705	274.037000
141917.648979	276.755000
141959.656128	278.949000
142014.102935	282.056000
142044.124629	283.681000
142103.794685	287.172000
142134.974504	288.916000
142187.252668	292.052000
142219.632046	293.920000
142284.055472	297.810000
142298.777127	298.680000
142360.933885	302.446000
142384.406495	303.864000
142452.807660	307.959000
142471.839744	309.113000
142536.826491	312.979000
142554.192668	314.026000
142624.897219	318.264000
142640.171748	319.214000
142707.629429	323.373000
142723.025766	324.327000
142792.499331	328.662000
142810.464798	329.779000
142872.610520	333.681000
142884.232072	334.400000
142956.971090	338.969000
142971.932588	339.886000
143038.522943	344.079000
143052.578811	344.932000
143118.643658	349.213000
143130.133494	349.919000
143197.373255	354.326000
143209.644046	355.093000
143275.905072	359.503000
143286.070207	360.144000
143352.321110	364.580000
143360.732255	365.127000
143427.552487	369.562000
143437.730807	370.228000
143506.525191	374.776000
143514.159400	375.273000
143585.675682	379.967000
143587.442425	380.081000
143662.687190	384.951000
143672.845683	385.599000
143742.871962	390.076000
143745.091762	390.217000
143819.101847	394.906000
143826.004860	395.342000
143906.700232	400.437000
143906.876855	400.448000
143981.220385	405.127000
143984.381449	405.327000
144065.324450	410.396000
144066.363314	410.461000
144140.935026	415.167000
144145.473099	415.453000
144225.524536	420.465000
144227.743356	420.606000
144301.011482	425.214000
144305.882140	425.527000
144380.677908	430.208000
144390.806954	430.860000
144463.974774	435.436000
144466.556499	435.603000
144541.154885	440.307000
144547.727350	440.736000
144615.504789	445.054000
144627.560429	445.844000
144699.520004	450.473000
144706.872388	450.952000
144770.958146	455.120000
144780.968712	455.775000
144848.609797	460.219000
144859.587529	460.935000
144927.598628	465.384000
144935.047869	465.863000
145002.186217	470.271000
145014.155603	471.035000
145072.909183	474.886000
145087.289948	475.799000
145161.108785	480.636000
145167.103417	481.018000
145228.750197	485.093000
145241.086447	485.881000
145303.301790	490.016000
145315.923420	490.828000
145387.053051	495.543000
145392.629489	495.899000
145458.586549	500.264000
145467.221467	500.816000
145529.936066	504.993000
145544.053029	505.892000
145615.211986	510.628000
145619.584018	510.905000
145681.755966	515.009000
145696.553945	515.951000
145762.290263	520.310000
145777.223916	521.262000
145839.513548	525.407000
145851.966270	526.200000
145911.661589	530.132000
145934.956234	531.621000
145994.075087	535.482000
146012.315796	536.643000
146068.264984	540.271000
146093.232171	541.860000
146144.998932	545.240000
146176.121035	547.207000
146225.000526	550.396000
146261.814246	552.740000
146301.000866	555.319000
146330.307691	557.222000
146380.469056	560.510000
146424.675029	563.398000
146453.029598	565.259000
146494.544569	567.944000
146532.597485	570.435000
146582.952741	573.708000
146611.293407	575.583000
146654.311749	578.414000
146679.023665	580.041000
146739.174827	584.004000
146760.294397	585.387000
146817.236539	589.133000
146835.469433	590.322000
146891.051689	593.970000
146906.414859	594.976000
146978.151381	599.676000
146986.396015	600.215000
147049.846806	604.365000
147063.815013	605.275000
147132.072486	609.742000
147135.227566	609.946000
147212.142795	614.938000
147213.850345	615.047000
147293.158637	620.125000
147293.650751	620.156000
147364.937252	624.711000
147373.283355	625.251000
147443.935897	629.762000
147455.276965	630.487000
147527.193230	635.066000
147539.190846	635.831000
147595.483097	639.443000
147613.077996	640.576000
147678.446317	644.808000
147694.842604	645.863000
147754.463530	649.733000
147778.749900	651.291000
147828.426569	654.497000
147850.766973	655.922000
147913.473831	659.955000
147932.746010	661.171000
147994.523751	665.158000
148013.718415	666.365000
148074.459045	670.252000
148090.571749	671.262000
148153.612682	675.264000
148168.995406	676.219000
148240.078281	680.725000
148251.946823	681.456000
148318.975324	685.713000
148333.118027	686.579000
148402.352066	690.946000
148408.519703	691.321000
148483.105200	695.965000
148491.763696	696.486000
148573.540692	701.538000
148575.871583	701.679000
148648.226581	706.200000
148653.359893	706.510000
148735.989695	711.622000
148738.879493	711.800000
148819.212130	716.654000
148820.152906	716.712000
148899.375697	721.468000
148908.451501	722.031000
148988.870146	726.860000
148990.416230	726.956000
149066.879409	731.529000
149084.193136	732.597000
149148.929526	736.508000
149160.811119	737.234000
149237.843643	741.883000
149251.177244	742.696000
149311.826386	746.330000
149337.099071	747.857000
149403.239671	751.774000
149421.584437	752.874000
149484.621000	756.568000
149512.778494	758.249000
149567.749962	761.437000
149594.934495	763.056000
149658.226297	766.695000
149690.219418	768.581000
149741.537019	771.533000
149776.827674	773.590000
149829.875881	776.646000
149863.930313	778.612000
149911.390410	781.338000
149956.636881	783.938000
150004.520587	786.666000
150048.162052	789.177000
150092.386174	791.687000
150131.928791	793.950000
150173.578012	796.300000
150230.275856	799.545000
150268.416922	801.682000
150315.639743	804.383000
150356.858652	806.688000
150412.532015	809.887000
150442.810042	811.571000
150490.381897	814.309000
150528.252091	816.435000
150599.318137	820.512000
150628.431817	822.142000
150674.779958	824.789000
150705.421728	826.486000
150772.424105	830.260000
150797.164672	831.612000
150870.327686	835.709000
150900.436928	837.345000
150955.833148	840.422000
150974.834151	841.453000
151051.967830	845.705000
151076.181305	847.005000
151154.604624	851.273000
151170.862935	852.137000
151235.365582	855.657000
151258.669502	856.878000
151343.272886	861.510000
151351.790049	861.959000
151434.116013	866.446000
151452.742921	867.425000
151528.034039	871.471000
151538.598052	872.022000
151627.249688	876.717000
151633.634624	877.046000
151730.911236	882.148000
151738.762431	882.547000
151818.105768	886.678000
151830.795696	887.323000
151922.027833	892.037000
151924.073771	892.142000
152023.154084	897.169000
152027.581144	897.393000
152121.113036	902.187000
152124.538997	902.359000
152218.965620	907.125000
152223.211272	907.335000
152321.422919	912.205000
152324.604226	912.361000
152425.422991	917.323000
152428.438564	917.470000
152525.758684	922.229000
152529.467988	922.408000
152628.704514	927.215000
152636.726122	927.604000
152731.069450	932.097000
152742.040007	932.622000
152842.874061	937.407000
152845.172397	937.516000
152943.867709	942.196000
152953.747428	942.662000
153047.601904	947.085000
153060.770413	947.704000
153156.521642	952.164000
153171.992048	952.884000
153268.809538	957.385000
153269.857452	957.434000
153366.022523	961.932000
153388.365742	962.959000
153485.811446	967.435000
153496.538053	967.924000
153589.937128	972.128000
153597.081158	972.451000
153699.037417	977.004000
153722.830999	978.083000
153816.098520	982.195000
153828.904158	982.771000
153918.510306	986.758000
153944.842514	987.924000
154015.971647	991.076000
154055.489874	992.804000
154107.526474	995.084000
154171.557114	997.855000
154179.707530	998.206000
154240.667409	1000.847000
154255.573040	1001.484000
154272.053203	1002.187000
154272.311513	1002.198000
154273.346365	1002.242000
154275.675128	1002.341000
154276.687351	1002.384000
154277.605077	1002.423000
154278.217383	1002.449000
154279.041677	1002.484000
154282.857761	1002.646000
154283.352884	1002.667000
154285.189314	1002.746000
154287.831230	1002.858000
154289.388853	1002.924000
154290.026111	1002.951000
154320.416433	1004.241000
154368.285917	1006.265000
154414.063552	1008.185000
154417.110110	1008.312000
154482.954537	1011.069000
154524.663273	1012.790000
154546.502015	1013.694000
154614.635934	1016.486000
154658.247528	1018.260000
154678.414153	1019.081000
154753.614202	1022.122000
154775.792869	1023.017000
154826.402062	1025.063000
154900.709191	1028.037000
154912.682785	1028.514000
155031.798962	1033.223000
155034.231774	1033.317000
155151.675915	1037.998000
155161.165575	1038.358000
155280.312040	1042.983000
155292.827392	1043.457000
155414.720589	1047.998000
155434.002192	1048.705000
155559.394016	1053.322000
155566.079241	1053.565000
155692.282300	1058.135000
155695.532690	1058.251000
155846.839668	1063.635000
155848.963649	1063.709000
155985.936242	1068.466000
155994.914785	1068.775000
156129.338805	1073.364000
156143.547539	1073.837000
156286.014838	1078.574000
156292.549675	1078.790000
156450.649042	1083.945000
156467.908437	1084.508000
156594.933442	1088.725000
156599.613303	1088.878000
156752.835580	1093.785000
156769.976973	1094.324000
156923.698592	1099.230000
156937.736791	1099.661000
157079.357848	1103.978000
157097.062105	1104.507000
157253.637708	1109.196000
157271.126072	1109.708000
157436.155624	1114.501000
157461.003223	1115.229000
157592.281305	1119.011000
157624.742156	1119.935000
157793.798412	1124.719000
157816.061745	1125.319000
157970.800607	1129.518000
158015.113969	1130.659000
158157.054072	1134.322000
158198.756465	1135.328000
158401.232616	1140.196000
158437.594650	1140.987000
158582.536651	1144.203000
158673.013512	1146.099000
158861.944323	1150.121000
158902.583025	1150.883000
159098.243093	1154.994000
159197.733310	1156.713000
159360.335017	1159.910000
159450.688152	1161.390000
159647.183574	1165.080000
159754.650352	1166.760000
159978.672448	1170.514000
160076.345051	1171.876000
160294.180171	1175.044000
160500.133901	1177.282000
160776.032049	1180.449000
161000.200690	1182.155000
161548.381634	1185.630000
162365.683927	1180.449000
162781.828175	1177.282000
162976.795038	1175.044000
163268.332758	1171.876000
163361.985357	1170.514000
163631.194573	1166.760000
163731.449533	1165.080000
163967.492634	1161.390000
164046.303806	1159.910000
164241.478789	1156.713000
164328.908358	1154.994000
164566.839878	1150.883000
164603.106717	1150.121000
164817.606532	1146.099000
164906.669888	1144.203000
165060.136968	1140.987000
165095.786571	1140.196000
165319.567078	1135.328000
165361.409931	1134.322000
165513.254727	1130.659000
165557.468120	1129.518000
165720.545952	1125.319000
165742.656768	1124.719000
165920.169744	1119.935000
165952.821914	1119.011000
166085.686567	1115.229000
166110.956383	1114.501000
166274.547786	1109.708000
166292.176647	1109.196000
166452.338635	1104.507000
166470.003061	1103.978000
166614.481853	1099.661000
166628.620995	1099.230000
166788.415438	1094.324000
166805.304136	1093.785000
166961.357593	1088.878000
166966.135056	1088.725000
167095.121836	1084.508000
167112.080593	1083.945000
167270.112893	1078.790000
167276.737426	1078.574000
167420.050015	1073.837000
167434.275692	1073.364000
167572.127445	1068.775000
167581.178878	1068.466000
167719.401948	1063.709000
167721.532697	1063.635000
167876.066724	1058.251000
167879.326681	1058.135000
168007.380846	1053.565000
168014.091425	1053.322000
168141.110698	1048.705000
168160.311916	1047.998000
168284.155991	1043.457000
168296.879482	1042.983000
168418.996575	1038.358000
168428.270678	1037.998000
168551.662610	1033.317000
168554.021026	1033.223000
168675.894538	1028.514000
168687.960458	1028.037000
168762.613432	1025.063000
168813.733938	1023.017000
168835.872368	1022.122000
168911.230275	1019.081000
168931.532557	1018.260000
168975.108186	1016.486000
169043.746051	1013.694000
169065.806604	1012.790000
169107.382351	1011.069000
169174.198728	1008.312000
169177.231823	1008.185000
169223.290028	1006.265000
169271.547285	1004.241000
169302.056986	1002.951000
169302.693062	1002.924000
169304.250804	1002.858000
169306.894043	1002.746000
169308.757537	1002.667000
169309.245702	1002.646000
169313.065218	1002.484000
169313.889681	1002.449000
169314.502014	1002.423000
169315.420472	1002.384000
169316.432324	1002.341000
169318.762791	1002.242000
169319.797797	1002.198000
169320.056510	1002.187000
169336.564917	1001.484000
169351.497866	1000.847000
169413.296564	998.206000
169421.398388	997.855000
169485.742558	995.084000
169538.427458	992.804000
169577.865724	991.076000
169649.949896	987.924000
169676.262260	986.758000
169766.302150	982.771000
169779.247508	982.195000
169870.665535	978.083000
169895.139187	977.004000
169995.539726	972.451000
170002.772731	972.128000
170095.755703	967.924000
170106.619678	967.435000
170204.804323	962.959000
170227.162843	961.932000
170325.020485	957.434000
170326.068082	957.385000
170422.326420	952.884000
170437.813777	952.164000
170533.644349	947.704000
170546.933589	947.085000
170641.027796	942.662000
170650.916149	942.196000
170750.137357	937.516000
170752.436030	937.407000
170853.330838	932.622000
170864.394136	932.097000
170958.281211	927.604000
170966.449374	927.215000
171065.574997	922.408000
171069.270303	922.229000
171167.888070	917.470000
171170.894176	917.323000
171272.685149	912.361000
171275.854784	912.205000
171375.168643	907.335000
171379.403642	907.125000
171475.759728	902.359000
171479.167487	902.187000
171574.656169	897.393000
171579.026454	897.169000
171678.378385	892.142000
171680.447897	892.037000
171772.300813	887.323000
171784.783785	886.678000
171866.058352	882.547000
171873.721870	882.148000
171974.114851	877.046000
171980.387686	876.717000
172071.504028	872.022000
172081.908086	871.471000
172159.479767	867.425000
172177.697761	866.446000
172263.069502	861.959000
172271.307603	861.510000
172359.172863	856.878000
172381.474402	855.657000
172448.656875	852.137000
172464.489343	851.273000
172544.802385	847.005000
172568.689525	845.705000
172647.886215	841.453000
172666.589137	840.422000
172723.297269	837.345000
172752.750703	835.709000
172828.152637	831.612000
172852.296253	830.260000
172921.357571	826.486000
172951.485561	824.789000
172999.280943	822.142000
173027.821732	820.512000
173100.641656	816.435000
173137.699888	814.309000
173186.471568	811.571000
173215.730517	809.887000
173273.247982	806.688000
173313.362736	804.383000
173361.663071	801.682000
173399.025222	799.545000
173456.941815	796.300000
173498.001887	793.950000
173538.109201	791.687000
173581.967782	789.177000
173626.209523	786.666000
173673.622473	783.938000
173719.259436	781.338000
173766.698620	778.612000
173800.926995	776.646000
173853.862064	773.590000
173889.568923	771.533000
173940.214531	768.581000
173973.000775	766.695000
174034.730875	763.056000
174062.889552	761.437000
174116.419072	758.249000
174145.404968	756.568000
174207.281104	752.874000
174226.052143	751.774000
174291.376188	747.857000
174317.160384	746.330000
174377.305069	742.696000
174390.873521	741.883000
174467.119411	737.234000
174479.149011	736.508000
174543.155776	732.597000
174560.833726	731.529000
174634.968252	726.956000
174636.573427	726.860000
174714.344686	722.031000
174723.720478	721.468000
174800.389259	716.712000
174801.355390	716.654000
174880.088582	711.800000
174883.034443	711.622000
174966.026855	706.510000
174971.037661	706.200000
175045.901217	701.679000
175048.157809	701.538000
175131.673125	696.486000
175140.106580	695.965000
175217.285190	691.321000
175223.307921	690.946000
175295.132105	686.579000
175308.861594	685.713000
175378.382939	681.456000
175389.892884	680.725000
175463.052463	676.219000
175478.117742	675.264000
175542.580210	671.262000
175558.490091	670.252000
175620.500072	666.365000
175639.361389	665.158000
175702.765802	661.171000
175721.607471	659.955000
175785.525808	655.922000
175807.682335	654.497000
175857.944326	651.291000
175882.085390	649.733000
175942.411609	645.863000
175958.664859	644.808000
176024.436503	640.576000
176041.937049	639.443000
176098.029525	635.831000
176109.951887	635.066000
176181.765066	630.487000
176193.151677	629.762000
176263.716585	625.251000
176272.174216	624.711000
176342.575138	620.156000
176343.060293	620.125000
176423.671642	615.047000
176425.374006	614.938000
176503.576689	609.946000
176506.719859	609.742000
176575.806828	605.275000
176589.711977	604.365000
176653.413142	600.215000
176661.654100	599.676000
176733.546086	594.976000
176748.900754	593.970000
176804.611336	590.322000
176822.727373	589.133000
176880.170955	585.387000
176901.193642	584.004000
176961.711974	580.041000
176986.406887	578.414000
177029.405925	575.583000
177057.897409	573.708000
177107.368876	570.435000
177145.693026	567.944000
177186.709517	565.259000
177215.483953	563.398000
177259.486100	560.510000
177309.814785	557.222000
177338.846742	555.319000
177378.564189	552.740000
177414.180101	550.396000
177464.264979	547.207000
177494.414230	545.240000
177547.892983	541.860000
177572.229487	540.271000
177629.234493	536.643000
177647.138850	535.482000
177707.799813	531.621000
177730.599081	530.132000
177792.113214	526.200000
177804.152479	525.407000
177869.242685	521.262000
177883.549013	520.310000
177951.926946	515.951000
177966.132868	515.009000
178030.603044	510.905000
178034.799347	510.628000
178109.550053	505.892000
178123.057634	504.993000
178188.648905	500.816000
178196.936781	500.264000
178265.218340	495.899000
178270.597656	495.543000
178344.454138	490.828000
178356.703822	490.016000
178420.977766	485.881000
178432.834039	485.093000
178496.628735	481.018000
178502.407647	480.636000
178578.313501	475.799000
178592.247054	474.886000
178652.904585	471.035000
178664.560710	470.271000
178733.619680	465.863000
178740.915339	465.384000
178810.104633	460.935000
178821.050002	460.219000
178889.185535	455.775000
178899.155137	455.120000
178962.855960	450.952000
178970.220902	450.473000
179041.273480	445.844000
179053.554332	445.054000
179119.448327	440.736000
179126.182121	440.307000
179198.249425	435.603000
179200.897794	435.436000
179271.640163	430.860000
179282.065298	430.208000
179354.786256	425.527000
179359.787554	425.214000
179431.493600	420.606000
179433.735528	420.465000
179512.605923	415.453000
179517.173902	415.167000
179591.845820	410.461000
179592.875816	410.396000
179673.891213	405.327000
179677.084861	405.127000
179751.037948	400.448000
179751.212724	400.437000
179833.021349	395.342000
179839.926782	394.906000
179914.165835	390.217000
179916.391346	390.076000
179986.873926	385.599000
179997.009515	384.951000
180073.354977	380.081000
180075.116353	379.967000
180147.862803	375.273000
180155.434936	374.776000
180225.294862	370.228000
180235.368974	369.562000
180303.148025	365.127000
180311.389438	364.580000
180379.601207	360.144000
180389.174433	359.503000
180459.109294	355.093000
180470.633604	354.326000
180541.138657	349.919000
180551.910446	349.213000
180621.581819	344.932000
180634.745406	344.079000
180703.838321	339.886000
180718.401487	338.969000
180792.947926	334.400000
180804.394491	333.681000
180867.464444	329.779000
180885.254493	328.662000
180954.977233	324.327000
180970.266225	323.373000
181037.387156	319.214000
181052.795859	318.264000
181120.936337	314.026000
181138.403931	312.979000
181202.527753	309.113000
181221.926280	307.959000
181289.462142	303.864000
181313.147820	302.446000
181375.487628	298.680000
181389.846730	297.810000
181455.671142	293.920000
181486.607635	292.052000
181540.966163	288.916000
181570.039223	287.172000
181632.452497	283.681000
181660.227874	282.056000
181717.629353	278.949000
181756.076825	276.755000
181808.116675	274.037000
181853.045794	271.601000
181910.268300	268.793000
181951.170124	266.612000
182006.528882	263.996000
182059.190332	261.292000
182107.774096	259.101000
182165.494523	256.228000
182221.234621	253.907000
182285.770446	250.909000
182329.868347	249.006000
182401.131532	245.758000
182436.174521	244.176000
182516.744689	240.610000
182563.253994	238.619000
182635.845295	235.224000
182665.945519	233.968000
182751.657517	230.037000
182779.714872	228.921000
182869.577186	224.914000
182896.565331	223.869000
182998.292485	219.529000
183021.122142	218.704000
183136.966293	214.047000
183141.450201	213.900000
183277.348790	209.540000
183305.924061	208.688000
183478.046341	203.901000
183496.974586	203.459000
183711.635692	198.715000
183718.300896	198.617000
183943.998174	193.926000
183967.389831	193.538000
184273.591441	198.617000
184278.306498	198.715000
184600.956746	203.459000
184620.956790	203.901000
184825.955668	208.688000
184856.590342	209.540000
185002.820602	213.900000
185007.402504	214.047000
185149.453915	218.704000
185169.976016	219.529000
185290.073848	223.869000
185314.568059	224.914000
185418.052748	228.921000
185443.080535	230.037000
185541.909802	233.968000
185569.295778	235.224000
185650.657451	238.619000
185693.228667	240.610000
185776.529611	244.176000
185812.273303	245.758000
185884.219972	249.006000
185925.973001	250.909000
185995.445155	253.907000
186045.407680	256.228000
186114.404363	259.101000
186158.422970	261.292000
186218.382119	263.996000
186269.329735	266.612000
186315.483195	268.793000
186368.143590	271.601000
186417.785337	274.037000
186467.915610	276.755000
186509.922759	278.949000
186564.369566	282.056000
186594.391260	283.681000
186654.061316	287.172000
186685.241135	288.916000
186737.519299	292.052000
186769.898677	293.920000
186834.322103	297.810000
186849.043758	298.680000
186911.200517	302.446000
186934.673126	303.864000
187003.074291	307.959000
187022.106375	309.113000
187087.093122	312.979000
187104.459300	314.026000
187175.163850	318.264000
187190.438379	319.214000
187257.896060	323.373000
187273.292398	324.327000
187342.765962	328.662000
187360.731430	329.779000
187422.877151	333.681000
187434.498703	334.400000
187507.237721	338.969000
187522.199219	339.886000
187588.789574	344.079000
187602.845442	344.932000
187668.910289	349.213000
187680.400126	349.919000
187747.639886	354.326000
187759.910677	355.093000
187826.171703	359.503000
187836.336838	360.144000
187902.587742	364.580000
187910.998886	365.127000
187977.819118	369.562000
187987.997438	370.228000
188056.791822	374.776000
188064.426031	375.273000
188135.942313	379.967000
188137.709057	380.081000
188212.953821	384.951000
188223.112314	385.599000
188293.138593	390.076000
188295.358393	390.217000
188369.368478	394.906000
188376.271491	395.342000
188456.966863	400.437000
188457.143486	400.448000
188531.487016	405.127000
188534.648080	405.327000
188615.591082	410.396000
188616.629945	410.461000
188691.201657	415.167000
188695.739730	415.453000
188775.791167	420.465000
188778.009987	420.606000
188851.278113	425.214000
188856.148772	425.527000
188930.944539	430.208000
188941.073585	430.860000
189014.241405	435.436000
189016.823130	435.603000
189091.421516	440.307000
189097.993981	440.736000
189165.771420	445.054000
189177.827060	445.844000
189249.786635	450.473000
189257.139019	450.952000
189321.224778	455.120000
189331.235344	455.775000
189398.876428	460.219000
189409.854160	460.935000
189477.865260	465.384000
189485.314500	465.863000
189552.452848	470.271000
189564.422234	471.035000
189623.175814	474.886000
189637.556579	475.799000
189711.375416	480.636000
189717.370048	481.018000
189779.016828	485.093000
189791.353078	485.881000
189853.568421	490.016000
189866.190051	490.828000
189937.319682	495.543000
189942.896120	495.899000
190008.853180	500.264000
190017.488098	500.816000
190080.202697	504.993000
190094.319660	505.892000
190165.478617	510.628000
190169.850649	510.905000
190232.022597	515.009000
190246.820576	515.951000
190312.556894	520.310000
190327.490547	521.262000
190389.780179	525.407000
190402.232901	526.200000
190461.928220	530.132000
190485.222865	531.621000
190544.341718	535.482000
190562.582428	536.643000
190618.531615	540.271000
190643.498802	541.860000
190695.265563	545.240000
190726.387666	547.207000
190775.267157	550.396000
190812.080878	552.740000
190851.267497	555.319000
190880.574322	557.222000
190930.735687	560.510000
190974.941660	563.398000
191003.296229	565.259000
191044.811200	567.944000
191082.864116	570.435000
191133.219372	573.708000
191161.560038	575.583000
191204.578380	578.414000
191229.290297	580.041000
191289.441458	584.004000
191310.561028	585.387000
191367.503170	589.133000
191385.736064	590.322000
191441.318320	593.970000
191456.681490	594.976000
191528.418012	599.676000
191536.662646	600.215000
191600.113437	604.365000
191614.081644	605.275000
191682.339117	609.742000
191685.494197	609.946000
191762.409426	614.938000
191764.116976	615.047000
191843.425268	620.125000
191843.917382	620.156000
191915.203883	624.711000
191923.549986	625.251000
191994.202528	629.762000
192005.543596	630.487000
192077.459862	635.066000
192089.457477	635.831000
192145.749728	639.443000
192163.344627	640.576000
192228.712949	644.808000
192245.109235	645.863000
192304.730161	649.733000
192329.016531	651.291000
192378.693200	654.497000
192401.033605	655.922000
192463.740462	659.955000
192483.012641	661.171000
192544.790382	665.158000
192563.985046	666.365000
192624.725676	670.252000
192640.838380	671.262000
192703.879314	675.264000
192719.262037	676.219000
192790.344912	680.725000
192802.213454	681.456000
192869.241955	685.713000
192883.384658	686.579000
192952.618698	690.946000
192958.786334	691.321000
193033.371831	695.965000
193042.030327	696.486000
193123.807323	701.538000
193126.138214	701.679000
193198.493212	706.200000
193203.626524	706.510000
193286.256326	711.622000
193289.146124	711.800000
193369.478761	716.654000
193370.419537	716.712000
193449.642329	721.468000
193458.718133	722.031000
193539.136777	726.860000
193540.682862	726.956000
193617.146040	731.529000
193634.459767	732.597000
193699.196157	736.508000
193711.077751	737.234000
193788.110275	741.883000
193801.443875	742.696000
193862.093018	746.330000
193887.365702	747.857000
193953.506302	751.774000
193971.851068	752.874000
194034.887631	756.568000
194063.045125	758.249000
194118.016593	761.437000
194145.201126	763.056000
194208.492928	766.695000
194240.486049	768.581000
194291.803650	771.533000
194327.094305	773.590000
194380.142512	776.646000
194414.196944	778.612000
194461.657041	781.338000
194506.903512	783.938000
194554.787218	786.666000
194598.428683	789.177000
194642.652805	791.687000
194682.195422	793.950000
194723.844643	796.300000
194780.542487	799.545000
194818.683553	801.682000
194865.906375	804.383000
194907.125283	806.688000
194962.798646	809.887000
194993.076673	811.571000
195040.648528	814.309000
195078.518722	816.435000
195149.584768	820.512000
195178.698448	822.142000
195225.046589	824.789000
195255.688359	826.486000
195322.690736	830.260000
195347.431303	831.612000
195420.594318	835.709000
195450.703559	837.345000
195506.099779	840.422000
195525.100782	841.453000
195602.234461	845.705000
195626.447936	847.005000
195704.871256	851.273000
195721.129566	852.137000
195785.632213	855.657000
195808.936133	856.878000
195893.539517	861.510000
195902.056680	861.959000
195984.382644	866.446000
196003.009552	867.425000
196078.300670	871.471000
196088.864683	872.022000
196177.516319	876.717000
196183.901255	877.046000
196281.177867	882.148000
196289.029062	882.547000
196368.372399	886.678000
196381.062327	887.323000
196472.294464	892.037000
196474.340403	892.142000
196573.420715	897.169000
196577.847775	897.393000
196671.379667	902.187000
196674.805628	902.359000
196769.232251	907.125000
196773.477903	907.335000
196871.689550	912.205000
196874.870857	912.361000
196975.689623	917.323000
196978.705196	917.470000
197076.025315	922.229000
197079.734619	922.408000
197178.971146	927.215000
197186.992753	927.604000
197281.336081	932.097000
197292.306638	932.622000
197393.140692	937.407000
197395.439028	937.516000
197494.134340	942.196000
197504.014059	942.662000
197597.868535	947.085000
197611.037044	947.704000
197706.788273	952.164000
197722.258679	952.884000
197819.076169	957.385000
197820.124083	957.434000
197916.289154	961.932000
197938.632373	962.959000
198036.078077	967.435000
198046.804684	967.924000
198140.203759	972.128000
198147.347789	972.451000
198249.304048	977.004000
198273.097630	978.083000
198366.365151	982.195000
198379.170789	982.771000
198468.776937	986.758000
198495.109145	987.924000
198566.238278	991.076000
198605.756505	992.804000
198657.793105	995.084000
198721.823745	997.855000
198729.974161	998.206000
198790.934040	1000.847000
198805.839671	1001.484000
198822.319834	1002.187000
198822.578144	1002.198000
198823.612996	1002.242000
198825.941759	1002.341000
198826.953982	1002.384000
198827.871708	1002.423000
198828.484014	1002.449000
198829.308308	1002.484000
198833.124393	1002.646000
198833.619515	1002.667000
198835.455945	1002.746000
198838.097861	1002.858000
198839.655484	1002.924000
198840.292742	1002.951000
198870.683064	1004.241000
198918.552549	1006.265000
198964.330183	1008.185000
198967.376742	1008.312000
199033.221168	1011.069000
199074.929904	1012.790000
199096.768647	1013.694000
199164.902565	1016.486000
199208.514159	1018.260000
199228.680784	1019.081000
199303.880833	1022.122000
199326.059500	1023.017000
199376.668694	1025.063000
199450.975822	1028.037000
199462.949416	1028.514000
199582.065593	1033.223000
199584.498405	1033.317000
199701.942546	1037.998000
199711.432206	1038.358000
199830.578671	1042.983000
199843.094023	1043.457000
199964.987220	1047.998000
