0.000000	500.000000
60.252901	495.899000
65.325244	495.543000
134.681966	490.828000
146.234695	490.016000
206.647094	485.881000
217.832039	485.093000
277.744051	481.018000
283.192487	480.636000
354.458398	475.799000
367.582302	474.886000
424.506955	471.035000
435.486136	470.271000
500.336380	465.863000
507.209634	465.384000
572.238298	460.935000
582.545715	460.219000
646.688559	455.775000
656.081647	455.120000
716.071216	450.952000
723.002341	450.473000
789.882683	445.844000
801.425579	445.054000
863.491060	440.736000
869.813056	440.307000
937.663085	435.603000
940.146455	435.436000
1006.680514	430.860000
1016.446408	430.208000
1084.802684	425.527000
1089.488110	425.214000
1156.877371	420.606000
1158.978958	420.465000
1233.003912	415.453000
1237.283603	415.167000
1307.298586	410.461000
1308.264502	410.396000
1384.160856	405.327000
1387.153035	405.127000
1456.526623	400.448000
1456.690473	400.437000
1533.286538	395.342000
1539.762747	394.906000
1609.390217	390.217000
1611.478255	390.076000
1677.627238	385.599000
1687.146938	384.951000
1758.834246	380.081000
1760.490950	379.967000
1828.890361	375.273000
1836.023837	374.776000
1901.776143	370.228000
1911.274271	369.562000
1975.104725	365.127000
1982.878328	364.580000
2047.071647	360.144000
2056.110109	359.503000
2121.688009	355.093000
2132.561437	354.326000
2198.603540	349.919000
2208.749685	349.213000
2273.872582	344.932000
2286.255610	344.079000
2350.735753	339.886000
2364.389240	338.969000
2434.046750	334.400000
2444.775149	333.681000
2503.778112	329.779000
2520.451175	328.662000
2585.717914	324.327000
2600.036079	323.373000
2662.840759	319.214000
2677.249613	318.264000
2741.037766	314.026000
2757.312973	312.979000
2817.105020	309.113000
2835.161323	307.959000
2898.181420	303.864000
2920.246750	302.446000
2978.390463	298.680000
2991.788146	297.810000
3053.003759	293.920000
3081.856115	292.052000
3132.241601	288.916000
3159.332854	287.172000
3216.926941	283.681000
3242.722305	282.056000
3295.427613	278.949000
3331.009911	276.755000
3378.517934	274.037000
3419.782134	271.601000
3471.454451	268.793000
3508.920950	266.612000
3558.553570	263.996000
3606.491232	261.292000
3649.637804	259.101000
3701.894829	256.228000
3750.518013	253.907000
3808.182593	250.909000
3846.970502	249.006000
3910.398678	245.758000
3941.526733	244.176000
4012.793396	240.610000
4053.627692	238.619000
4118.577521	235.224000
4144.847687	233.968000
4221.234423	230.037000
4245.433992	228.921000
4325.047761	224.914000
4348.162490	223.869000
4437.407315	219.529000
4456.586218	218.704000
4556.771888	214.047000
4560.425104	213.900000
4670.334515	209.540000
4692.839522	208.688000
4824.713461	203.901000
4838.105238	203.459000
4985.747805	198.715000
4989.302470	198.617000
5139.457781	193.926000
5153.015171	193.538000
5624.475456	188.688000
5644.959573	188.067000
5825.424321	193.538000
5863.141143	193.926000
6027.052780	198.617000
6030.189684	198.715000
6202.264470	203.459000
6216.020376	203.901000
6361.057560	208.688000
6384.528752	209.540000
6499.695220	213.900000
6503.400881	214.047000
6619.135747	218.704000
6636.883907	219.529000
6737.776563	223.869000
6759.265237	224.914000
6847.897504	228.921000
6870.070942	230.037000
6955.311539	233.968000
6979.717985	235.224000
7050.726912	238.619000
7088.816783	240.610000
7161.953448	244.176000
7193.569786	245.758000
7257.478712	249.006000
7294.641218	250.909000
7355.747970	253.907000
7400.390896	256.228000
7460.578060	259.101000
7500.430180	261.292000
7553.679076	263.996000
7600.056637	266.612000
7641.436127	268.793000
7689.673599	271.601000
7734.500438	274.037000
7780.541528	276.755000
7818.890536	278.949000
7869.279871	282.056000
7896.845408	283.681000
7952.261788	287.172000
7981.034084	288.916000
8029.748632	292.052000
8059.761415	293.920000
8119.844747	297.810000
8133.535642	298.680000
8191.530671	302.446000
8213.423338	303.864000
8277.145149	307.959000
8294.904658	309.113000
8355.394838	312.979000
8371.587873	314.026000
8437.465932	318.264000
8451.764833	319.214000
8514.845279	323.373000
8529.251546	324.327000
8594.313650	328.662000
8611.130939	329.779000
8669.374706	333.681000
8680.246857	334.400000
8748.422176	338.969000
8762.402464	339.886000
8824.833294	344.079000
8837.950766	344.932000
8900.098178	349.213000
8910.837903	349.919000
8974.172272	354.326000
8985.666325	355.093000
9048.184989	359.503000
9057.716834	360.144000
9120.266941	364.580000
9128.182573	365.127000
9191.209862	369.562000
9200.795224	370.228000
9265.656319	374.776000
9272.841652	375.273000
9340.214964	379.967000
9341.876134	380.081000
9412.649362	384.951000
9422.188043	385.599000
9487.959183	390.076000
9490.042499	390.217000
9559.480867	394.906000
9565.955078	395.342000
9641.634632	400.437000
9641.800001	400.448000
9711.495767	405.127000
9714.461084	405.327000
9790.297874	410.396000
9791.271096	410.461000
9861.203411	415.167000
9865.458466	415.453000
9940.457810	420.465000
9942.540316	420.606000
10011.221944	425.214000
10015.799383	425.527000
10085.871202	430.208000
10095.392307	430.860000
10163.933306	435.436000
10166.361451	435.603000
10236.312201	440.307000
10242.500055	440.736000
10306.132634	445.054000
10317.487829	445.844000
10385.123351	450.473000
10392.044000	450.952000
10452.354916	455.120000
10461.782259	455.775000
10525.511851	460.219000
10535.846297	460.935000
10599.893360	465.384000
10606.894648	465.863000
10670.145807	470.271000
10681.385731	471.035000
10736.727130	474.886000
10750.222899	475.799000
10819.752278	480.636000
10825.380473	481.018000
10883.501880	485.093000
10895.087320	485.881000
10953.779889	490.016000
10965.643218	490.828000
11032.725872	495.543000
11037.962562	495.899000
11100.155761	500.264000
11108.265881	500.816000
11167.443111	504.993000
11180.696120	505.892000
11247.836113	510.628000
11251.938086	510.905000
11310.545596	515.009000
11324.437301	515.951000
11386.435860	520.310000
11400.457303	521.262000
11459.227814	525.407000
11470.918403	526.200000
11527.177748	530.132000
11549.056379	531.621000
11604.719229	535.482000
11621.842550	536.643000
11674.478274	540.271000
11697.915791	541.860000
11746.654970	545.240000
11775.846146	547.207000
11821.862867	550.396000
11856.422936	552.740000
11893.350624	555.319000
11920.926149	557.222000
11968.174618	560.510000
12009.797916	563.398000
12036.509790	565.259000
12075.554435	567.944000
12111.392249	570.435000
12158.778135	573.708000
12185.500638	575.583000
12226.038883	578.414000
12249.327271	580.041000
12306.017772	584.004000
12325.908729	585.387000
12379.565940	589.133000
12396.730069	590.322000
12449.092156	593.970000
12463.561512	594.976000
12531.128678	599.676000
12538.892237	600.215000
12598.643681	604.365000
12611.791647	605.275000
12676.073778	609.742000
12679.041022	609.946000
12751.408530	614.938000
12753.012030	615.047000
12827.514191	620.125000
12827.975588	620.156000
12894.925939	624.711000
12902.775765	625.251000
12969.124683	629.762000
12979.776491	630.487000
13047.290127	635.066000
13058.555170	635.831000
13111.449237	639.443000
13127.988822	640.576000
13189.474571	644.808000
13204.886051	645.863000
13260.982544	649.733000
13283.802245	651.291000
13330.511424	654.497000
13351.488623	655.922000
13410.426079	659.955000
13428.498886	661.171000
13486.586314	665.158000
13504.579062	666.365000
13561.635097	670.252000
13576.733080	671.262000
13635.893905	675.264000
13650.290876	676.219000
13716.987188	680.725000
13728.084198	681.456000
13790.990423	685.713000
13804.204041	686.579000
13869.126913	690.946000
13874.884184	691.321000
13944.715233	695.965000
13952.786768	696.486000
14029.276603	701.538000
14031.450978	701.679000
14099.222935	706.200000
14104.010508	706.510000
14181.311792	711.622000
14184.013760	711.800000
14258.941281	716.654000
14259.821007	716.712000
14333.650952	721.468000
14342.144324	722.031000
14417.091177	726.860000
14418.538213	726.956000
14489.760968	731.529000
14505.952272	732.597000
14566.331694	736.508000
14577.429749	737.234000
14649.267995	741.883000
14661.718950	742.696000
14718.225389	746.330000
14741.797480	747.857000
14803.324713	751.774000
14820.418077	752.874000
14878.974091	756.568000
14905.195621	758.249000
14956.186520	761.437000
14981.493881	763.056000
15040.131692	766.695000
15069.874804	768.581000
15117.422233	771.533000
15150.180347	773.590000
15199.341328	776.646000
15230.909811	778.612000
15274.873801	781.338000
15316.789842	783.938000
15361.094762	786.666000
15401.531280	789.177000
15442.427873	791.687000
15479.038739	793.950000
15517.521331	796.300000
15570.016007	799.545000
15605.220893	801.682000
15648.939008	804.383000
15686.973958	806.688000
15738.549038	809.887000
15766.465662	811.571000
15810.545875	814.309000
15845.510870	816.435000
15911.330768	820.512000
15938.200281	822.142000
15981.099457	824.789000
16009.333445	826.486000
16071.225972	830.260000
16093.976156	831.612000
16161.501479	835.709000
16189.163941	837.345000
16240.229795	840.422000
16257.682950	841.453000
16328.705680	845.705000
16350.909717	847.005000
16422.978011	851.273000
16437.862657	852.137000
16497.163383	855.657000
16518.449059	856.878000
16596.268496	861.510000
16604.055879	861.959000
16679.727835	866.446000
16696.750306	867.425000
16765.803109	871.471000
16775.444986	872.022000
16856.561411	876.717000
16862.377092	877.046000
16951.244074	882.148000
16958.378322	882.547000
17030.774127	886.678000
17042.305541	887.323000
17125.442793	892.037000
17127.305050	892.142000
17217.311816	897.169000
17221.331533	897.393000
17306.447495	902.187000
17309.553954	902.359000
17395.255025	907.125000
17399.094445	907.335000
17487.949504	912.205000
17490.821867	912.361000
17581.911406	917.323000
17584.631145	917.470000
17672.455210	922.229000
17675.794288	922.408000
17765.189724	927.215000
17772.417362	927.604000
17857.130024	932.097000
17866.989895	932.622000
17957.468060	937.407000
17959.530109	937.516000
18048.076279	942.196000
18056.930832	942.662000
18141.032096	947.085000
18152.826225	947.704000
18238.428525	952.164000
18252.256886	952.884000
18338.779039	957.385000
18339.716605	957.434000
18425.760512	961.932000
18445.681896	962.959000
18532.553053	967.435000
18542.100762	967.924000
18625.013680	972.128000
18631.361602	972.451000
18721.718671	977.004000
18742.874062	978.083000
18825.302231	982.195000
18836.668491	982.771000
18916.018634	986.758000
18939.312617	987.924000
19002.245122	991.076000
19037.107433	992.804000
19083.033793	995.084000
19139.390168	997.855000
19146.555826	998.206000
19200.222686	1000.847000
19213.304428	1001.484000
19227.761957	1002.187000
19227.988476	1002.198000
19228.895635	1002.242000
19230.936977	1002.341000
19231.824119	1002.384000
19232.628509	1002.423000
19233.165098	1002.449000
19233.887454	1002.484000
19237.231456	1002.646000
19237.665237	1002.667000
19239.279384	1002.746000
19241.593733	1002.858000
19242.958070	1002.924000
19243.516241	1002.951000
19270.146414	1004.241000
19312.054872	1006.265000
19352.056196	1008.185000
19354.714479	1008.312000
19412.227672	1011.069000
19448.531518	1012.790000
19467.554913	1013.694000
19526.759973	1016.486000
19564.587724	1018.260000
19582.083382	1019.081000
19647.215106	1022.122000
19666.414272	1023.017000
19710.244467	1025.063000
19774.435855	1028.037000
19784.767231	1028.514000
19887.343891	1033.223000
19889.426358	1033.317000
19990.775347	1037.998000
19998.858208	1038.358000
20100.972299	1042.983000
20111.627480	1043.457000
20214.928665	1047.998000
20231.195620	1048.705000
20337.109553	1053.322000
20342.735330	1053.565000
20448.820812	1058.135000
20451.541316	1058.251000
20578.070392	1063.635000
20579.835165	1063.709000
20693.530730	1068.466000
20700.962325	1068.775000
20811.941745	1073.364000
20823.577193	1073.837000
20940.197045	1078.574000
20945.535823	1078.790000
21074.109665	1083.945000
21088.147832	1084.508000
21192.073831	1088.725000
21195.883149	1088.878000
21319.726558	1093.785000
21333.492627	1094.324000
21457.590598	1099.230000
21468.767916	1099.661000
21581.231234	1103.978000
21595.185866	1104.507000
21718.705043	1109.196000
21732.382198	1109.708000
21861.045074	1114.501000
21880.483340	1115.229000
21982.506577	1119.011000
22007.613141	1119.935000
22138.059042	1124.719000
22154.892301	1125.319000
22272.233403	1129.518000
22305.074054	1130.659000
22410.372868	1134.322000
22440.352397	1135.328000
22585.674368	1140.196000
22610.475115	1140.987000
22710.374351	1144.203000
22770.842832	1146.099000
22898.207795	1150.121000
22923.670880	1150.883000
23054.627056	1154.994000
23113.851385	1156.713000
23218.653811	1159.910000
23270.584410	1161.390000
23393.816386	1165.080000
23453.653081	1166.760000
23584.372073	1170.514000
23634.496921	1171.876000
23749.762719	1175.044000
23836.750628	1177.282000
23958.593833	1180.449000
24028.141458	1182.155000
24171.940880	1185.630000
24250.556706	1187.380000
24388.877151	1190.531000
24488.924549	1192.585000
24615.963826	1195.323000
24735.658758	1197.710000
24894.816596	1201.028000
24968.301212	1202.316000
25110.965645	1205.125000
25287.337766	1207.958000
25448.288622	1210.760000
25579.729420	1212.632000
25748.483788	1215.552000
25939.366688	1217.659000
26134.870079	1220.505000
26415.407093	1222.871000
26648.656828	1225.816000
27008.160146	1227.639000
27237.264420	1230.354000
27620.201878	1225.816000
28200.968346	1222.871000
28388.360153	1220.505000
28725.810847	1217.659000
28870.549303	1215.552000
29135.085643	1212.632000
29243.273374	1210.760000
29440.013287	1207.958000
29602.744827	1205.125000
29777.622797	1202.316000
29843.038172	1201.028000
30032.340934	1197.710000
30146.840560	1195.323000
30284.136213	1192.585000
30379.438870	1190.531000
30532.919566	1187.380000
30609.739870	1185.630000
30765.848439	1182.155000
30836.444644	1180.449000
30965.552106	1177.282000
31051.654124	1175.044000
31174.789824	1171.876000
31224.345385	1170.514000
31362.501535	1166.760000
31421.001244	1165.080000
31552.428270	1161.390000
31601.854645	1159.910000
31714.031756	1156.713000
31770.383139	1154.994000
31912.018517	1150.883000
31936.292077	1150.121000
32070.691725	1146.099000
32130.732493	1144.203000
32233.299283	1140.987000
32257.870271	1140.196000
32410.499895	1135.328000
32440.531510	1134.322000
32549.691565	1130.659000
32582.491442	1129.518000
32703.348492	1125.319000
32720.115499	1124.719000
32854.332682	1119.935000
32879.527501	1119.011000
32982.290517	1115.229000
33001.929046	1114.501000
33129.906530	1109.708000
33143.650613	1109.196000
33268.908774	1104.507000
33282.843866	1103.978000
33396.723163	1099.661000
33407.951259	1099.230000
33535.180774	1094.324000
33548.814856	1093.785000
33674.139713	1088.878000
33678.001144	1088.725000
33782.993902	1084.508000
33796.868775	1083.945000
33925.406518	1078.790000
33930.793899	1078.574000
34047.876280	1073.837000
34059.521032	1073.364000
34172.407017	1068.775000
34179.879809	1068.466000
34294.287888	1063.709000
34296.056539	1063.635000
34424.455687	1058.251000
34427.181797	1058.135000
34534.360286	1053.565000
34540.001155	1053.322000
34646.890917	1048.705000
34663.109490	1047.998000
34767.590741	1043.457000
34778.373555	1042.983000
34882.340252	1038.358000
34890.288592	1037.998000
34995.388230	1033.317000
34997.423437	1033.223000
35101.746158	1028.514000
35112.136701	1028.037000
35176.550773	1025.063000
35220.712031	1023.017000
35239.885064	1022.122000
35305.119325	1019.081000
35322.703391	1018.260000
35360.507652	1016.486000
35420.042647	1013.694000
35439.212193	1012.790000
35475.428192	1011.069000
35533.586068	1008.312000
35536.235388	1008.185000
35576.423607	1006.265000
35618.591668	1004.241000
35645.302099	1002.951000
35645.859475	1002.924000
35647.223892	1002.858000
35649.539131	1002.746000
35651.171573	1002.667000
35651.600650	1002.646000
35654.946962	1002.484000
35655.669431	1002.449000
35656.206039	1002.423000
35657.010922	1002.384000
35657.897814	1002.341000
35659.940304	1002.242000
35660.847567	1002.198000
35661.074357	1002.187000
35675.550954	1001.484000
35688.651162	1000.847000
35742.888021	998.206000
35750.020573	997.855000
35806.590480	995.084000
35852.960937	992.804000
35887.768283	991.076000
35951.359720	987.924000
35974.639955	986.758000
36054.290995	982.771000
36065.754672	982.195000
36146.897141	978.083000
36168.526517	977.004000
36257.794816	972.451000
36264.204948	972.128000
36346.826198	967.924000
36356.470445	967.435000
36443.864204	962.959000
36463.796438	961.932000
36551.047057	957.434000
36551.984396	957.385000
36638.106566	952.884000
36651.947035	952.164000
36737.606046	947.704000
36749.486724	947.085000
36833.760442	942.662000
36842.621213	942.196000
36931.546767	937.516000
36933.609060	937.407000
37024.131133	932.622000
37034.058204	932.097000
37118.439917	927.604000
37125.774265	927.215000
37215.088559	922.408000
37218.417409	922.229000
37307.192108	917.470000
37309.904891	917.323000
37401.709954	912.361000
37404.573712	912.205000
37494.242974	907.335000
37498.074506	907.125000
37585.211065	902.359000
37588.303928	902.187000
37674.887428	897.393000
37678.864477	897.169000
37769.074830	892.142000
37770.954820	892.037000
37854.561282	887.323000
37865.936659	886.678000
37939.791344	882.547000
37946.783822	882.148000
38038.009209	877.046000
38043.739753	876.717000
38126.732524	872.022000
38136.252258	871.471000
38207.052684	867.425000
38223.761210	866.446000
38301.779420	861.959000
38309.351675	861.510000
38389.688335	856.878000
38410.201619	855.657000
38471.565731	852.137000
38486.121363	851.273000
38559.648761	847.005000
38581.600210	845.705000
38654.224490	841.453000
38671.445664	840.422000
38723.534274	837.345000
38750.685310	835.709000
38819.959825	831.612000
38842.243017	830.260000
38905.748337	826.486000
38933.578655	824.789000
38977.618352	822.142000
39004.035298	820.512000
39071.242050	816.435000
39105.564616	814.309000
39150.594793	811.571000
39177.706217	809.887000
39230.737856	806.688000
39267.899644	804.383000
39312.469015	801.682000
39347.058282	799.545000
39400.516333	796.300000
39438.532509	793.950000
39475.590426	791.687000
39516.197264	789.177000
39557.110150	786.666000
39601.041182	783.938000
39643.267278	781.338000
39687.214636	778.612000
39718.921607	776.646000
39767.992453	773.590000
39801.082812	771.533000
39848.093971	768.581000
39878.471495	766.695000
39935.860247	763.056000
39961.948352	761.437000
40011.781500	758.249000
40038.668483	756.568000
40096.290333	752.874000
40113.727154	751.774000
40174.595067	747.857000
40198.580792	746.330000
40254.678355	742.696000
40267.319999	741.883000
40338.518635	737.234000
40349.737084	736.508000
40409.522888	732.597000
40426.011056	731.529000
40495.339549	726.956000
40496.834713	726.860000
40569.623662	722.031000
40578.361512	721.468000
40650.110137	716.712000
40651.010502	716.654000
40724.634476	711.800000
40727.382127	711.622000
40804.980216	706.510000
40809.667891	706.200000
40879.489235	701.679000
40881.602892	701.538000
40959.510312	696.486000
40967.398516	695.965000
41039.345169	691.321000
41044.983981	690.946000
41112.029321	686.579000
41124.903882	685.713000
41189.858122	681.456000
41200.660201	680.725000
41269.063928	676.219000
41283.199520	675.264000
41343.531122	671.262000
41358.461765	670.252000
41416.566575	666.365000
41434.283744	665.158000
41493.717947	661.171000
41511.434103	659.955000
41571.374587	655.922000
41592.199253	654.497000
41639.394270	651.291000
41662.093241	649.733000
41718.776323	645.863000
41734.068778	644.808000
41795.889994	640.576000
41812.351089	639.443000
41865.079228	635.831000
41876.281875	635.066000
41943.710152	630.487000
41954.399688	629.762000
42020.675975	625.251000
42028.618431	624.711000
42094.833170	620.156000
42095.288815	620.125000
42170.868664	615.047000
42172.467863	614.938000
42245.905191	609.946000
42248.862517	609.742000
42313.836442	605.275000
42326.931749	604.365000
42386.892252	600.215000
42394.652741	599.676000
42462.349831	594.976000
42476.812080	593.970000
42529.281474	590.322000
42546.347955	589.133000
42600.424342	585.387000
42620.234253	584.004000
42677.231982	580.041000
42700.506129	578.414000
42741.028211	575.583000
42767.877101	573.708000
42814.523901	570.435000
42850.588137	567.944000
42889.217013	565.259000
42916.279242	563.398000
42957.732166	560.510000
43005.120464	557.222000
43032.466522	555.319000
43069.837661	552.740000
43103.400477	550.396000
43150.419273	547.207000
43178.802744	545.240000
43228.963484	541.860000
43251.876666	540.271000
43305.389134	536.643000
43322.233147	535.482000
43379.178144	531.621000
43400.644599	530.132000
43458.419467	526.200000
43469.765769	525.407000
43530.872315	521.262000
43544.370392	520.310000
43608.571513	515.951000
43621.969688	515.009000
43682.491509	510.905000
43686.447230	510.628000
43756.580606	505.892000
43769.325296	504.993000
43830.902401	500.816000
43838.722806	500.264000
43902.854460	495.899000
43907.926803	495.543000
43977.283525	490.828000
43988.836253	490.016000
44049.248653	485.881000
44060.433598	485.093000
44120.345610	481.018000
44125.794046	480.636000
44197.059957	475.799000
44210.183860	474.886000
44267.108514	471.035000
44278.087695	470.271000
44342.937939	465.863000
44349.811193	465.384000
44414.839857	460.935000
44425.147274	460.219000
44489.290118	455.775000
44498.683206	455.120000
44558.672775	450.952000
44565.603900	450.473000
44632.484242	445.844000
44644.027138	445.054000
44706.092619	440.736000
44712.414615	440.307000
44780.264643	435.603000
44782.748014	435.436000
44849.282073	430.860000
44859.047967	430.208000
44927.404243	425.527000
44932.089669	425.214000
44999.478930	420.606000
45001.580517	420.465000
45075.605471	415.453000
45079.885162	415.167000
45149.900145	410.461000
45150.866061	410.396000
45226.762414	405.327000
45229.754594	405.127000
45299.128182	400.448000
45299.292032	400.437000
45375.888097	395.342000
45382.364306	394.906000
45451.991776	390.217000
45454.079814	390.076000
45520.228797	385.599000
45529.748497	384.951000
45601.435805	380.081000
45603.092509	379.967000
45671.491920	375.273000
45678.625396	374.776000
45744.377701	370.228000
45753.875830	369.562000
45817.706284	365.127000
45825.479887	364.580000
45889.673206	360.144000
45898.711668	359.503000
45964.289568	355.093000
45975.162996	354.326000
46041.205099	349.919000
46051.351244	349.213000
46116.474141	344.932000
46128.857169	344.079000
46193.337312	339.886000
46206.990799	338.969000
46276.648309	334.400000
46287.376708	333.681000
46346.379671	329.779000
46363.052733	328.662000
46428.319473	324.327000
46442.637638	323.373000
46505.442318	319.214000
46519.851172	318.264000
46583.639325	314.026000
46599.914532	312.979000
46659.706579	309.113000
46677.762882	307.959000
46740.782979	303.864000
46762.848309	302.446000
46820.992022	298.680000
46834.389705	297.810000
46895.605317	293.920000
46924.457673	292.052000
46974.843160	288.916000
47001.934413	287.172000
47059.528499	283.681000
47085.323864	282.056000
47138.029172	278.949000
47173.611470	276.755000
47221.119493	274.037000
47262.383693	271.601000
47314.056010	268.793000
47351.522508	266.612000
47401.155129	263.996000
47449.092791	261.292000
47492.239363	259.101000
47544.496387	256.228000
47593.119572	253.907000
47650.784152	250.909000
47689.572061	249.006000
47753.000237	245.758000
47784.128291	244.176000
47855.394955	240.610000
47896.229251	238.619000
47961.179080	235.224000
47987.449246	233.968000
48063.835982	230.037000
48088.035551	228.921000
48167.649320	224.914000
48190.764049	223.869000
48280.008874	219.529000
48299.187777	218.704000
48399.373447	214.047000
48403.026663	213.900000
48512.936074	209.540000
48535.441081	208.688000
48667.315020	203.901000
48680.706797	203.459000
48828.349364	198.715000
48831.904029	198.617000
48982.059340	193.926000
48995.616730	193.538000
49467.077014	188.688000
49487.561132	188.067000
49668.025879	193.538000
49705.742702	193.926000
49869.654338	198.617000
49872.791243	198.715000
50044.866029	203.459000
50058.621934	203.901000
50203.659119	208.688000
50227.130311	209.540000
50342.296779	213.900000
50346.002440	214.047000
50461.737306	218.704000
50479.485465	219.529000
50580.378122	223.869000
50601.866796	224.914000
50690.499063	228.921000
50712.672501	230.037000
50797.913097	233.968000
50822.319544	235.224000
50893.328471	238.619000
50931.418341	240.610000
51004.555007	244.176000
51036.171345	245.758000
51100.080270	249.006000
51137.242776	250.909000
51198.349529	253.907000
51242.992454	256.228000
51303.179619	259.101000
51343.031739	261.292000
51396.280635	263.996000
51442.658196	266.612000
51484.037685	268.793000
51532.275158	271.601000
51577.101997	274.037000
51623.143087	276.755000
51661.492095	278.949000
51711.881430	282.056000
51739.446967	283.681000
51794.863347	287.172000
51823.635643	288.916000
51872.350190	292.052000
51902.362974	293.920000
51962.446306	297.810000
51976.137201	298.680000
52034.132230	302.446000
52056.024897	303.864000
52119.746708	307.959000
52137.506217	309.113000
52197.996397	312.979000
52214.189432	314.026000
52280.067491	318.264000
52294.366392	319.214000
52357.446838	323.373000
52371.853105	324.327000
52436.915209	328.662000
52453.732498	329.779000
52511.976265	333.681000
52522.848415	334.400000
52591.023735	338.969000
52605.004023	339.886000
52667.434853	344.079000
52680.552325	344.932000
52742.699737	349.213000
52753.439462	349.919000
52816.773830	354.326000
52828.267884	355.093000
52890.786548	359.503000
52900.318392	360.144000
52962.868500	364.580000
52970.784132	365.127000
53033.811420	369.562000
53043.396783	370.228000
53108.257877	374.776000
53115.443211	375.273000
53182.816523	379.967000
53184.477693	380.081000
53255.250921	384.951000
53264.789602	385.599000
53330.560741	390.076000
53332.644058	390.217000
53402.082426	394.906000
53408.556637	395.342000
53484.236191	400.437000
53484.401560	400.448000
53554.097326	405.127000
53557.062643	405.327000
53632.899433	410.396000
53633.872655	410.461000
53703.804970	415.167000
53708.060025	415.453000
53783.059369	420.465000
53785.141875	420.606000
53853.823503	425.214000
53858.400942	425.527000
53928.472761	430.208000
53937.993866	430.860000
54006.534865	435.436000
54008.963009	435.603000
54078.913760	440.307000
54085.101613	440.736000
54148.734193	445.054000
54160.089387	445.844000
54227.724910	450.473000
54234.645559	450.952000
54294.956474	455.120000
54304.383818	455.775000
54368.113410	460.219000
54378.447855	460.935000
54442.494919	465.384000
54449.496207	465.863000
54512.747366	470.271000
54523.987290	471.035000
54579.328688	474.886000
54592.824458	475.799000
54662.353837	480.636000
54667.982031	481.018000
54726.103439	485.093000
54737.688879	485.881000
54796.381448	490.016000
54808.244777	490.828000
54875.327430	495.543000
54880.564120	495.899000
54942.757320	500.264000
54950.867440	500.816000
55010.044670	504.993000
55023.297679	505.892000
55090.437672	510.628000
55094.539645	510.905000
55153.147155	515.009000
55167.038860	515.951000
55229.037419	520.310000
55243.058861	521.262000
55301.829373	525.407000
55313.519962	526.200000
55369.779307	530.132000
55391.657938	531.621000
55447.320788	535.482000
55464.444109	536.643000
55517.079833	540.271000
55540.517350	541.860000
55589.256529	545.240000
55618.447705	547.207000
55664.464426	550.396000
55699.024494	552.740000
55735.952183	555.319000
55763.527708	557.222000
55810.776177	560.510000
55852.399475	563.398000
55879.111349	565.259000
55918.155994	567.944000
55953.993808	570.435000
56001.379694	573.708000
56028.102197	575.583000
56068.640441	578.414000
56091.928829	580.041000
56148.619331	584.004000
56168.510288	585.387000
56222.167499	589.133000
56239.331627	590.322000
56291.693715	593.970000
56306.163071	594.976000
56373.730236	599.676000
56381.493796	600.215000
56441.245240	604.365000
56454.393206	605.275000
56518.675337	609.742000
56521.642581	609.946000
56594.010089	614.938000
56595.613588	615.047000
56670.115749	620.125000
56670.577147	620.156000
56737.527497	624.711000
56745.377324	625.251000
56811.726242	629.762000
56822.378050	630.487000
56889.891686	635.066000
56901.156729	635.831000
56954.050796	639.443000
56970.590380	640.576000
57032.076130	644.808000
57047.487610	645.863000
57103.584103	649.733000
57126.403804	651.291000
57173.112983	654.497000
57194.090182	655.922000
57253.027638	659.955000
57271.100445	661.171000
57329.187873	665.158000
57347.180621	666.365000
57404.236656	670.252000
57419.334639	671.262000
57478.495464	675.264000
57492.892435	676.219000
57559.588747	680.725000
57570.685756	681.456000
57633.591981	685.713000
57646.805599	686.579000
57711.728472	690.946000
57717.485743	691.321000
57787.316792	695.965000
57795.388327	696.486000
57871.878161	701.538000
57874.052537	701.679000
57941.824494	706.200000
57946.612067	706.510000
58023.913351	711.622000
58026.615319	711.800000
58101.542840	716.654000
58102.422566	716.712000
58176.252511	721.468000
58184.745883	722.031000
58259.692736	726.860000
58261.139772	726.956000
58332.362527	731.529000
58348.553831	732.597000
58408.933253	736.508000
58420.031308	737.234000
58491.869554	741.883000
58504.320509	742.696000
58560.826948	746.330000
58584.399039	747.857000
58645.926272	751.774000
58663.019636	752.874000
58721.575650	756.568000
58747.797180	758.249000
58798.788079	761.437000
58824.095440	763.056000
58882.733251	766.695000
58912.476363	768.581000
58960.023792	771.533000
58992.781906	773.590000
59041.942887	776.646000
59073.511369	778.612000
59117.475360	781.338000
59159.391401	783.938000
59203.696321	786.666000
59244.132839	789.177000
59285.029432	791.687000
59321.640298	793.950000
59360.122890	796.300000
59412.617566	799.545000
59447.822452	801.682000
59491.540567	804.383000
59529.575517	806.688000
59581.150597	809.887000
59609.067221	811.571000
59653.147434	814.309000
59688.112429	816.435000
59753.932326	820.512000
59780.801840	822.142000
59823.701015	824.789000
59851.935003	826.486000
59913.827531	830.260000
59936.577715	831.612000
60004.103038	835.709000
60031.765500	837.345000
60082.831354	840.422000
60100.284509	841.453000
60171.307239	845.705000
60193.511276	847.005000
60265.579569	851.273000
60280.464216	852.137000
60339.764942	855.657000
60361.050618	856.878000
60438.870055	861.510000
60446.657438	861.959000
60522.329393	866.446000
60539.351865	867.425000
60608.404668	871.471000
60618.046545	872.022000
60699.162970	876.717000
60704.978651	877.046000
60793.845633	882.148000
60800.979881	882.547000
60873.375686	886.678000
60884.907100	887.323000
60968.044352	892.037000
60969.906609	892.142000
61059.913375	897.169000
61063.933092	897.393000
61149.049054	902.187000
61152.155513	902.359000
61237.856584	907.125000
61241.696004	907.335000
61330.551063	912.205000
61333.423425	912.361000
61424.512965	917.323000
61427.232704	917.470000
61515.056769	922.229000
61518.395846	922.408000
61607.791282	927.215000
61615.018921	927.604000
61699.731583	932.097000
61709.591454	932.622000
61800.069618	937.407000
61802.131668	937.516000
61890.677838	942.196000
61899.532391	942.662000
61983.633655	947.085000
61995.427783	947.704000
62081.030084	952.164000
62094.858445	952.884000
62181.380598	957.385000
62182.318164	957.434000
62268.362071	961.932000
62288.283455	962.959000
62375.154611	967.435000
62384.702321	967.924000
62467.615239	972.128000
62473.963161	972.451000
62564.320230	977.004000
62585.475621	978.083000
62667.903790	982.195000
62679.270050	982.771000
62758.620192	986.758000
62781.914176	987.924000
62844.846681	991.076000
62879.708992	992.804000
62925.635352	995.084000
62981.991727	997.855000
62989.157384	998.206000
63042.824245	1000.847000
63055.905987	1001.484000
63070.363516	1002.187000
63070.590035	1002.198000
63071.497194	1002.242000
63073.538536	1002.341000
63074.425678	1002.384000
63075.230068	1002.423000
63075.766657	1002.449000
63076.489013	1002.484000
63079.833015	1002.646000
63080.266796	1002.667000
63081.880943	1002.746000
63084.195292	1002.858000
63085.559629	1002.924000
63086.117800	1002.951000
63112.747973	1004.241000
63154.656431	1006.265000
63194.657754	1008.185000
63197.316038	1008.312000
63254.829231	1011.069000
63291.133077	1012.790000
63310.156472	1013.694000
63369.361532	1016.486000
63407.189282	1018.260000
63424.684941	1019.081000
63489.816665	1022.122000
63509.015831	1023.017000
63552.846026	1025.063000
63617.037414	1028.037000
63627.368790	1028.514000
63729.945450	1033.223000
63732.027916	1033.317000
63833.376906	1037.998000
63841.459767	1038.358000
63943.573858	1042.983000
63954.229039	1043.457000
64057.530224	1047.998000
64073.797179	1048.705000
64179.711112	1053.322000
64185.336889	1053.565000
64291.422370	1058.135000
64294.142875	1058.251000
64420.671951	1063.635000
64422.436724	1063.709000
64536.132289	1068.466000
64543.563884	1068.775000
64654.543304	1073.364000
64666.178752	1073.837000
64782.798603	1078.574000
64788.137382	1078.790000
64916.711224	1083.945000
64930.749391	1084.508000
65034.675390	1088.725000
65038.484708	1088.878000
65162.328117	1093.785000
65176.094186	1094.324000
65300.192157	1099.230000
65311.369475	1099.661000
65423.832793	1103.978000
65437.787425	1104.507000
65561.306602	1109.196000
65574.983757	1109.708000
65703.646633	1114.501000
65723.084899	1115.229000
65825.108136	1119.011000
65850.214700	1119.935000
65980.660601	1124.719000
65997.493860	1125.319000
66114.834962	1129.518000
66147.675613	1130.659000
66252.974427	1134.322000
66282.953956	1135.328000
66428.275927	1140.196000
66453.076674	1140.987000
66552.975910	1144.203000
66613.444391	1146.099000
66740.809353	1150.121000
66766.272439	1150.883000
66897.228615	1154.994000
66956.452944	1156.713000
67061.255370	1159.910000
67113.185969	1161.390000
67236.417945	1165.080000
67296.254640	1166.760000
67426.973632	1170.514000
67477.098480	1171.876000
67592.364278	1175.044000
67679.352187	1177.282000
67801.195392	1180.449000
67870.743017	1182.155000
68014.542439	1185.630000
68093.158265	1187.380000
68231.478710	1190.531000
68331.526108	1192.585000
68458.565385	1195.323000
68578.260317	1197.710000
68737.418155	1201.028000
68810.902771	1202.316000
68953.567204	1205.125000
69129.939325	1207.958000
69290.890181	1210.760000
69422.330979	1212.632000
69591.085347	1215.552000
69781.968247	1217.659000
69977.471638	1220.505000
70258.008652	1222.871000
70491.258387	1225.816000
70850.761705	1227.639000
71079.865979	1230.354000
71462.803437	1225.816000
72043.569905	1222.871000
72230.961712	1220.505000
72568.412406	1217.659000
72713.150862	1215.552000
72977.687201	1212.632000
73085.874933	1210.760000
73282.614846	1207.958000
73445.346386	1205.125000
73620.224356	1202.316000
73685.639731	1201.028000
73874.942493	1197.710000
73989.442119	1195.323000
74126.737772	1192.585000
74222.040429	1190.531000
74375.521125	1187.380000
74452.341429	1185.630000
74608.449998	1182.155000
74679.046203	1180.449000
74808.153665	1177.282000
74894.255683	1175.044000
75017.391383	1171.876000
75066.946944	1170.514000
75205.103094	1166.760000
75263.602803	1165.080000
75395.029829	1161.390000
75444.456204	1159.910000
75556.633315	1156.713000
75612.984698	1154.994000
75754.620076	1150.883000
75778.893636	1150.121000
75913.293283	1146.099000
75973.334052	1144.203000
76075.900842	1140.987000
76100.471829	1140.196000
76253.101454	1135.328000
76283.133069	1134.322000
76392.293124	1130.659000
76425.093001	1129.518000
76545.950051	1125.319000
76562.717058	1124.719000
76696.934241	1119.935000
76722.129060	1119.011000
76824.892076	1115.229000
76844.530605	1114.501000
76972.508088	1109.708000
76986.252172	1109.196000
77111.510333	1104.507000
77125.445425	1103.978000
77239.324722	1099.661000
77250.552818	1099.230000
77377.782333	1094.324000
77391.416415	1093.785000
77516.741272	1088.878000
77520.602703	1088.725000
77625.595461	1084.508000
77639.470334	1083.945000
77768.008076	1078.790000
77773.395458	1078.574000
77890.477839	1073.837000
77902.122591	1073.364000
78015.008576	1068.775000
78022.481368	1068.466000
78136.889447	1063.709000
78138.658098	1063.635000
78267.057246	1058.251000
78269.783355	1058.135000
78376.961845	1053.565000
78382.602714	1053.322000
78489.492476	1048.705000
78505.711049	1047.998000
78610.192300	1043.457000
78620.975114	1042.983000
78724.941811	1038.358000
78732.890151	1037.998000
78837.989789	1033.317000
78840.024996	1033.223000
78944.347717	1028.514000
78954.738260	1028.037000
79019.152332	1025.063000
79063.313590	1023.017000
79082.486622	1022.122000
79147.720884	1019.081000
79165.304950	1018.260000
79203.109211	1016.486000
79262.644206	1013.694000
79281.813752	1012.790000
79318.029751	1011.069000
79376.187627	1008.312000
79378.836947	1008.185000
79419.025166	1006.265000
79461.193227	1004.241000
79487.903658	1002.951000
79488.461034	1002.924000
79489.825451	1002.858000
79492.140690	1002.746000
79493.773132	1002.667000
79494.202209	1002.646000
79497.548521	1002.484000
79498.270990	1002.449000
79498.807598	1002.423000
79499.612481	1002.384000
79500.499373	1002.341000
79502.541863	1002.242000
79503.449126	1002.198000
79503.675916	1002.187000
79518.152513	1001.484000
79531.252721	1000.847000
79585.489580	998.206000
79592.622132	997.855000
79649.192039	995.084000
79695.562495	992.804000
79730.369841	991.076000
79793.961279	987.924000
79817.241514	986.758000
79896.892553	982.771000
79908.356231	982.195000
79989.498700	978.083000
80011.128076	977.004000
80100.396374	972.451000
80106.806507	972.128000
80189.427757	967.924000
80199.072004	967.435000
80286.465763	962.959000
80306.397997	961.932000
80393.648616	957.434000
80394.585955	957.385000
80480.708125	952.884000
80494.548593	952.164000
80580.207605	947.704000
80592.088283	947.085000
80676.362001	942.662000
80685.222772	942.196000
80774.148326	937.516000
80776.210619	937.407000
80866.732692	932.622000
80876.659763	932.097000
80961.041476	927.604000
80968.375824	927.215000
81057.690118	922.408000
81061.018968	922.229000
81149.793667	917.470000
81152.506450	917.323000
81244.311513	912.361000
81247.175271	912.205000
81336.844533	907.335000
81340.676065	907.125000
81427.812624	902.359000
81430.905486	902.187000
81517.488987	897.393000
81521.466036	897.169000
81611.676389	892.142000
81613.556379	892.037000
81697.162841	887.323000
81708.538218	886.678000
81782.392903	882.547000
81789.385381	882.148000
81880.610768	877.046000
81886.341312	876.717000
81969.334083	872.022000
81978.853817	871.471000
82049.654243	867.425000
82066.362769	866.446000
82144.380979	861.959000
82151.953234	861.510000
82232.289894	856.878000
82252.803178	855.657000
82314.167289	852.137000
82328.722922	851.273000
82402.250320	847.005000
82424.201769	845.705000
82496.826049	841.453000
82514.047223	840.422000
82566.135833	837.345000
82593.286869	835.709000
82662.561384	831.612000
82684.844575	830.260000
82748.349896	826.486000
82776.180214	824.789000
82820.219911	822.142000
82846.636857	820.512000
82913.843609	816.435000
82948.166175	814.309000
82993.196352	811.571000
83020.307776	809.887000
83073.339415	806.688000
83110.501203	804.383000
83155.070574	801.682000
83189.659841	799.545000
83243.117892	796.300000
83281.134068	793.950000
83318.191985	791.687000
83358.798823	789.177000
83399.711709	786.666000
83443.642741	783.938000
83485.868837	781.338000
83529.816195	778.612000
83561.523166	776.646000
83610.594012	773.590000
83643.684371	771.533000
83690.695530	768.581000
83721.073054	766.695000
83778.461806	763.056000
83804.549911	761.437000
83854.383058	758.249000
83881.270042	756.568000
83938.891892	752.874000
83956.328713	751.774000
84017.196626	747.857000
84041.182351	746.330000
84097.279914	742.696000
84109.921558	741.883000
84181.120194	737.234000
84192.338642	736.508000
84252.124447	732.597000
84268.612614	731.529000
84337.941108	726.956000
84339.436272	726.860000
84412.225221	722.031000
84420.963071	721.468000
84492.711696	716.712000
84493.612061	716.654000
84567.236035	711.800000
84569.983686	711.622000
84647.581774	706.510000
84652.269450	706.200000
84722.090793	701.679000
84724.204451	701.538000
84802.111871	696.486000
84810.000075	695.965000
84881.946728	691.321000
84887.585540	690.946000
84954.630880	686.579000
84967.505441	685.713000
85032.459681	681.456000
85043.261760	680.725000
85111.665487	676.219000
85125.801079	675.264000
85186.132681	671.262000
85201.063324	670.252000
85259.168134	666.365000
85276.885303	665.158000
85336.319506	661.171000
85354.035662	659.955000
85413.976146	655.922000
85434.800812	654.497000
85481.995829	651.291000
85504.694800	649.733000
85561.377882	645.863000
85576.670337	644.808000
85638.491553	640.576000
85654.952648	639.443000
85707.680786	635.831000
85718.883433	635.066000
85786.311711	630.487000
85797.001247	629.762000
85863.277534	625.251000
85871.219989	624.711000
85937.434729	620.156000
85937.890374	620.125000
86013.470223	615.047000
86015.069422	614.938000
86088.506750	609.946000
86091.464076	609.742000
86156.438000	605.275000
86169.533308	604.365000
86229.493811	600.215000
86237.254300	599.676000
86304.951390	594.976000
86319.413639	593.970000
86371.883033	590.322000
86388.949514	589.133000
86443.025901	585.387000
86462.835812	584.004000
86519.833541	580.041000
86543.107688	578.414000
86583.629769	575.583000
86610.478660	573.708000
86657.125460	570.435000
86693.189696	567.944000
86731.818572	565.259000
86758.880800	563.398000
86800.333725	560.510000
86847.722023	557.222000
86875.068080	555.319000
86912.439220	552.740000
86946.002036	550.396000
86993.020832	547.207000
87021.404303	545.240000
87071.565043	541.860000
87094.478225	540.271000
87147.990693	536.643000
87164.834705	535.482000
87221.779702	531.621000
87243.246157	530.132000
87301.021026	526.200000
87312.367328	525.407000
87373.473874	521.262000
87386.971951	520.310000
87451.173072	515.951000
87464.571247	515.009000
87525.093068	510.905000
87529.048789	510.628000
87599.182165	505.892000
87611.926855	504.993000
87673.503960	500.816000
87681.324365	500.264000
87745.456019	495.899000
87750.528362	495.543000
87819.885084	490.828000
87831.437812	490.016000
87891.850212	485.881000
87903.035156	485.093000
87962.947168	481.018000
87968.395605	480.636000
88039.661515	475.799000
88052.785419	474.886000
88109.710072	471.035000
88120.689254	470.271000
88185.539498	465.863000
88192.412752	465.384000
88257.441416	460.935000
88267.748833	460.219000
88331.891677	455.775000
88341.284765	455.120000
88401.274334	450.952000
88408.205459	450.473000
88475.085801	445.844000
88486.628697	445.054000
88548.694178	440.736000
88555.016173	440.307000
88622.866202	435.603000
88625.349573	435.436000
88691.883632	430.860000
88701.649526	430.208000
88770.005802	425.527000
88774.691228	425.214000
88842.080489	420.606000
88844.182075	420.465000
88918.207030	415.453000
88922.486721	415.167000
88992.501704	410.461000
88993.467620	410.396000
89069.363973	405.327000
89072.356153	405.127000
89141.729741	400.448000
89141.893591	400.437000
89218.489656	395.342000
89224.965865	394.906000
89294.593335	390.217000
89296.681373	390.076000
89362.830356	385.599000
89372.350056	384.951000
89444.037364	380.081000
89445.694068	379.967000
89514.093479	375.273000
89521.226955	374.776000
89586.979260	370.228000
89596.477389	369.562000
89660.307843	365.127000
89668.081445	364.580000
89732.274765	360.144000
89741.313227	359.503000
89806.891127	355.093000
89817.764555	354.326000
89883.806657	349.919000
89893.952803	349.213000
89959.075700	344.932000
89971.458728	344.079000
90035.938871	339.886000
90049.592358	338.969000
90119.249868	334.400000
90129.978267	333.681000
90188.981230	329.779000
90205.654292	328.662000
90270.921032	324.327000
90285.239197	323.373000
90348.043877	319.214000
90362.452731	318.264000
90426.240884	314.026000
90442.516091	312.979000
90502.308138	309.113000
90520.364441	307.959000
90583.384538	303.864000
90605.449868	302.446000
90663.593581	298.680000
90676.991264	297.810000
90738.206876	293.920000
90767.059232	292.052000
90817.444718	288.916000
90844.535972	287.172000
90902.130058	283.681000
90927.925423	282.056000
90980.630730	278.949000
91016.213029	276.755000
91063.721052	274.037000
91104.985252	271.601000
91156.657569	268.793000
91194.124067	266.612000
91243.756687	263.996000
91291.694350	261.292000
91334.840922	259.101000
91387.097946	256.228000
91435.721131	253.907000
91493.385711	250.909000
91532.173620	249.006000
91595.601796	245.758000
91626.729850	244.176000
91697.996514	240.610000
91738.830810	238.619000
91803.780639	235.224000
91830.050805	233.968000
91906.437540	230.037000
91930.637110	228.921000
92010.250879	224.914000
92033.365607	223.869000
92122.610433	219.529000
92141.789336	218.704000
92241.975006	214.047000
92245.628222	213.900000
92355.537633	209.540000
92378.042640	208.688000
92509.916579	203.901000
92523.308356	203.459000
92670.950923	198.715000
92674.505588	198.617000
92824.660899	193.926000
92838.218288	193.538000
93309.678573	188.688000
93330.162691	188.067000
93510.627438	193.538000
93548.344261	193.926000
93712.255897	198.617000
93715.392802	198.715000
93887.467588	203.459000
93901.223493	203.901000
94046.260678	208.688000
94069.731870	209.540000
94184.898338	213.900000
94188.603999	214.047000
94304.338865	218.704000
94322.087024	219.529000
94422.979681	223.869000
94444.468355	224.914000
94533.100621	228.921000
94555.274059	230.037000
94640.514656	233.968000
94664.921102	235.224000
94735.930030	238.619000
94774.019900	240.610000
94847.156566	244.176000
94878.772904	245.758000
94942.681829	249.006000
94979.844335	250.909000
95040.951088	253.907000
95085.594013	256.228000
95145.781178	259.101000
95185.633298	261.292000
95238.882194	263.996000
95285.259755	266.612000
95326.639244	268.793000
95374.876717	271.601000
95419.703556	274.037000
95465.744646	276.755000
95504.093654	278.949000
95554.482989	282.056000
95582.048526	283.681000
95637.464906	287.172000
95666.237202	288.916000
95714.951749	292.052000
95744.964532	293.920000
95805.047865	297.810000
95818.738760	298.680000
95876.733789	302.446000
95898.626456	303.864000
95962.348267	307.959000
95980.107776	309.113000
96040.597956	312.979000
96056.790991	314.026000
96122.669050	318.264000
96136.967951	319.214000
96200.048397	323.373000
96214.454664	324.327000
96279.516768	328.662000
96296.334056	329.779000
96354.577824	333.681000
96365.449974	334.400000
96433.625293	338.969000
96447.605582	339.886000
96510.036411	344.079000
96523.153884	344.932000
96585.301296	349.213000
96596.041021	349.919000
96659.375389	354.326000
96670.869443	355.093000
96733.388107	359.503000
96742.919951	360.144000
96805.470058	364.580000
96813.385691	365.127000
96876.412979	369.562000
96885.998342	370.228000
96950.859436	374.776000
96958.044770	375.273000
97025.418082	379.967000
97027.079252	380.081000
97097.852480	384.951000
97107.391161	385.599000
97173.162300	390.076000
97175.245617	390.217000
97244.683984	394.906000
97251.158196	395.342000
97326.837749	400.437000
97327.003119	400.448000
97396.698885	405.127000
97399.664201	405.327000
97475.500992	410.396000
97476.474214	410.461000
97546.406529	415.167000
97550.661583	415.453000
97625.660928	420.465000
97627.743434	420.606000
97696.425062	425.214000
97701.002501	425.527000
97771.074320	430.208000
97780.595425	430.860000
97849.136424	435.436000
97851.564568	435.603000
97921.515319	440.307000
97927.703172	440.736000
97991.335752	445.054000
98002.690946	445.844000
98070.326469	450.473000
98077.247118	450.952000
98137.558033	455.120000
98146.985377	455.775000
98210.714969	460.219000
98221.049414	460.935000
98285.096478	465.384000
98292.097766	465.863000
98355.348925	470.271000
98366.588849	471.035000
98421.930247	474.886000
98435.426017	475.799000
98504.955396	480.636000
98510.583590	481.018000
98568.704998	485.093000
98580.290437	485.881000
98638.983006	490.016000
98650.846336	490.828000
98717.928989	495.543000
98723.165679	495.899000
98785.358879	500.264000
98793.468999	500.816000
98852.646229	504.993000
98865.899237	505.892000
98933.039231	510.628000
98937.141204	510.905000
98995.748714	515.009000
99009.640418	515.951000
99071.638978	520.310000
99085.660420	521.262000
99144.430932	525.407000
99156.121521	526.200000
99212.380866	530.132000
99234.259497	531.621000
99289.922347	535.482000
99307.045668	536.643000
99359.681392	540.271000
99383.118909	541.860000
99431.858088	545.240000
99461.049264	547.207000
99507.065985	550.396000
99541.626053	552.740000
99578.553742	555.319000
99606.129267	557.222000
99653.377736	560.510000
99695.001034	563.398000
99721.712908	565.259000
99760.757552	567.944000
99796.595367	570.435000
99843.981253	573.708000
99870.703756	575.583000
99911.242000	578.414000
99934.530388	580.041000
99991.220890	584.004000
100011.111846	585.387000
100064.769058	589.133000
100081.933186	590.322000
100134.295274	593.970000
100148.764630	594.976000
100216.331795	599.676000
100224.095355	600.215000
100283.846799	604.365000
100296.994765	605.275000
100361.276896	609.742000
100364.244140	609.946000
100436.611648	614.938000
100438.215147	615.047000
100512.717308	620.125000
100513.178706	620.156000
100580.129056	624.711000
100587.978883	625.251000
100654.327801	629.762000
100664.979609	630.487000
100732.493245	635.066000
100743.758288	635.831000
100796.652354	639.443000
100813.191939	640.576000
100874.677689	644.808000
100890.089169	645.863000
100946.185662	649.733000
100969.005363	651.291000
101015.714542	654.497000
101036.691741	655.922000
101095.629197	659.955000
101113.702003	661.171000
101171.789432	665.158000
101189.782179	666.365000
101246.838215	670.252000
101261.936198	671.262000
101321.097022	675.264000
101335.493994	676.219000
101402.190306	680.725000
101413.287315	681.456000
101476.193540	685.713000
101489.407158	686.579000
101554.330031	690.946000
101560.087302	691.321000
101629.918351	695.965000
101637.989886	696.486000
101714.479720	701.538000
101716.654096	701.679000
101784.426053	706.200000
101789.213625	706.510000
101866.514910	711.622000
101869.216878	711.800000
101944.144398	716.654000
101945.024124	716.712000
102018.854070	721.468000
102027.347441	722.031000
102102.294294	726.860000
102103.741331	726.956000
102174.964086	731.529000
102191.155389	732.597000
102251.534812	736.508000
102262.632867	737.234000
102334.471113	741.883000
102346.922068	742.696000
102403.428507	746.330000
102427.000598	747.857000
102488.527831	751.774000
102505.621194	752.874000
102564.177209	756.568000
102590.398739	758.249000
102641.389638	761.437000
102666.696999	763.056000
102725.334810	766.695000
102755.077922	768.581000
102802.625351	771.533000
102835.383465	773.590000
102884.544446	776.646000
102916.112928	778.612000
102960.076919	781.338000
103001.992960	783.938000
103046.297880	786.666000
103086.734398	789.177000
103127.630991	791.687000
103164.241856	793.950000
103202.724449	796.300000
103255.219125	799.545000
103290.424011	801.682000
103334.142126	804.383000
103372.177075	806.688000
103423.752156	809.887000
103451.668780	811.571000
103495.748993	814.309000
103530.713987	816.435000
103596.533885	820.512000
103623.403399	822.142000
103666.302574	824.789000
103694.536562	826.486000
103756.429090	830.260000
103779.179274	831.612000
103846.704597	835.709000
103874.367058	837.345000
103925.432913	840.422000
103942.886068	841.453000
104013.908798	845.705000
104036.112835	847.005000
104108.181128	851.273000
104123.065775	852.137000
104182.366500	855.657000
104203.652177	856.878000
104281.471613	861.510000
104289.258997	861.959000
104364.930952	866.446000
104381.953424	867.425000
104451.006227	871.471000
104460.648104	872.022000
104541.764529	876.717000
104547.580210	877.046000
104636.447192	882.148000
104643.581439	882.547000
104715.977245	886.678000
104727.508659	887.323000
104810.645911	892.037000
104812.508168	892.142000
104902.514934	897.169000
104906.534651	897.393000
104991.650613	902.187000
104994.757072	902.359000
105080.458143	907.125000
105084.297563	907.335000
105173.152622	912.205000
105176.024984	912.361000
105267.114524	917.323000
105269.834263	917.470000
105357.658328	922.229000
105360.997405	922.408000
105450.392841	927.215000
105457.620480	927.604000
105542.333142	932.097000
105552.193013	932.622000
105642.671177	937.407000
105644.733227	937.516000
105733.279396	942.196000
105742.133949	942.662000
105826.235214	947.085000
105838.029342	947.704000
105923.631643	952.164000
105937.460004	952.884000
106023.982157	957.385000
106024.919723	957.434000
106110.963630	961.932000
106130.885014	962.959000
106217.756170	967.435000
106227.303880	967.924000
106310.216798	972.128000
106316.564720	972.451000
106406.921789	977.004000
106428.077179	978.083000
106510.505349	982.195000
106521.871609	982.771000
106601.221751	986.758000
106624.515735	987.924000
106687.448240	991.076000
106722.310551	992.804000
106768.236910	995.084000
106824.593286	997.855000
106831.758943	998.206000
106885.425804	1000.847000
106898.507546	1001.484000
106912.965075	1002.187000
106913.191594	1002.198000
106914.098752	1002.242000
106916.140094	1002.341000
106917.027236	1002.384000
106917.831627	1002.423000
106918.368216	1002.449000
106919.090572	1002.484000
106922.434574	1002.646000
106922.868355	1002.667000
106924.482502	1002.746000
106926.796851	1002.858000
106928.161188	1002.924000
106928.719359	1002.951000
106955.349532	1004.241000
106997.257990	1006.265000
107037.259313	1008.185000
107039.917597	1008.312000
107097.430789	1011.069000
107133.734636	1012.790000
107152.758031	1013.694000
107211.963091	1016.486000
107249.790841	1018.260000
107267.286500	1019.081000
107332.418224	1022.122000
107351.617390	1023.017000
107395.447585	1025.063000
107459.638973	1028.037000
107469.970349	1028.514000
107572.547009	1033.223000
107574.629475	1033.317000
107675.978465	1037.998000
107684.061326	1038.358000
107786.175417	1042.983000
107796.830598	1043.457000
107900.131783	1047.998000
107916.398738	1048.705000
108022.312671	1053.322000
108027.938448	1053.565000
108134.023929	1058.135000
108136.744434	1058.251000
108263.273510	1063.635000
108265.038283	1063.709000
108378.733848	1068.466000
108386.165443	1068.775000
108497.144863	1073.364000
108508.780311	1073.837000
108625.400162	1078.574000
108630.738941	1078.790000
108759.312783	1083.945000
108773.350950	1084.508000
108877.276949	1088.725000
108881.086266	1088.878000
109004.929676	1093.785000
109018.695744	1094.324000
109142.793716	1099.230000
109153.971034	1099.661000
109266.434352	1103.978000
109280.388984	1104.507000
109403.908161	1109.196000
109417.585316	1109.708000
109546.248192	1114.501000
109565.686457	1115.229000
109667.709695	1119.011000
109692.816259	1119.935000
109823.262160	1124.719000
109840.095419	1125.319000
109957.436521	1129.518000
109990.277172	1130.659000
110095.575986	1134.322000
110125.555515	1135.328000
110270.877486	1140.196000
110295.678232	1140.987000
110395.577469	1144.203000
110456.045949	1146.099000
110583.410912	1150.121000
110608.873998	1150.883000
110739.830174	1154.994000
110799.054502	1156.713000
110903.856929	1159.910000
110955.787527	1161.390000
111079.019504	1165.080000
111138.856199	1166.760000
111269.575191	1170.514000
111319.700038	1171.876000
111434.965837	1175.044000
111521.953746	1177.282000
111643.796951	1180.449000
111713.344576	1182.155000
111857.143998	1185.630000
111935.759824	1187.380000
112074.080269	1190.531000
112174.127667	1192.585000
112301.166944	1195.323000
112420.861876	1197.710000
112580.019714	1201.028000
112653.504330	1202.316000
112796.168763	1205.125000
112972.540884	1207.958000
113133.491740	1210.760000
113264.932538	1212.632000
113433.686906	1215.552000
113624.569806	1217.659000
113820.073197	1220.505000
114100.610211	1222.871000
114333.859946	1225.816000
114693.363264	1227.639000
114922.467538	1230.354000
115305.404996	1225.816000
115886.171463	1222.871000
116073.563271	1220.505000
116411.013965	1217.659000
116555.752421	1215.552000
116820.288760	1212.632000
116928.476492	1210.760000
117125.216405	1207.958000
117287.947945	1205.125000
117462.825914	1202.316000
117528.241290	1201.028000
117717.544052	1197.710000
117832.043678	1195.323000
117969.339331	1192.585000
118064.641988	1190.531000
118218.122684	1187.380000
118294.942988	1185.630000
118451.051556	1182.155000
118521.647762	1180.449000
118650.755224	1177.282000
118736.857242	1175.044000
118859.992942	1171.876000
118909.548503	1170.514000
119047.704653	1166.760000
119106.204362	1165.080000
119237.631387	1161.390000
119287.057763	1159.910000
119399.234874	1156.713000
119455.586257	1154.994000
119597.221635	1150.883000
119621.495195	1150.121000
119755.894842	1146.099000
119815.935610	1144.203000
119918.502401	1140.987000
119943.073388	1140.196000
120095.703013	1135.328000
120125.734628	1134.322000
120234.894683	1130.659000
120267.694559	1129.518000
120388.551610	1125.319000
120405.318617	1124.719000
120539.535800	1119.935000
120564.730619	1119.011000
120667.493635	1115.229000
120687.132164	1114.501000
120815.109647	1109.708000
120828.853731	1109.196000
120954.111892	1104.507000
120968.046983	1103.978000
121081.926281	1099.661000
121093.154377	1099.230000
121220.383891	1094.324000
121234.017973	1093.785000
121359.342831	1088.878000
121363.204262	1088.725000
121468.197020	1084.508000
121482.071893	1083.945000
121610.609635	1078.790000
121615.997017	1078.574000
121733.079398	1073.837000
121744.724150	1073.364000
121857.610135	1068.775000
121865.082927	1068.466000
121979.491006	1063.709000
121981.259657	1063.635000
122109.658805	1058.251000
122112.384914	1058.135000
122219.563404	1053.565000
122225.204273	1053.322000
122332.094035	1048.705000
122348.312607	1047.998000
122452.793858	1043.457000
122463.576673	1042.983000
122567.543370	1038.358000
122575.491710	1037.998000
122680.591348	1033.317000
122682.626555	1033.223000
122786.949276	1028.514000
122797.339819	1028.037000
122861.753891	1025.063000
122905.915149	1023.017000
122925.088181	1022.122000
122990.322443	1019.081000
123007.906509	1018.260000
123045.710770	1016.486000
123105.245764	1013.694000
123124.415311	1012.790000
123160.631310	1011.069000
123218.789186	1008.312000
123221.438506	1008.185000
123261.626725	1006.265000
123303.794786	1004.241000
123330.505217	1002.951000
123331.062592	1002.924000
123332.427010	1002.858000
123334.742248	1002.746000
123336.374691	1002.667000
123336.803768	1002.646000
123340.150080	1002.484000
123340.872549	1002.449000
123341.409157	1002.423000
123342.214040	1002.384000
123343.100932	1002.341000
123345.143422	1002.242000
123346.050685	1002.198000
123346.277475	1002.187000
123360.754072	1001.484000
123373.854279	1000.847000
123428.091139	998.206000
123435.223690	997.855000
123491.793598	995.084000
123538.164054	992.804000
123572.971400	991.076000
123636.562838	987.924000
123659.843073	986.758000
123739.494112	982.771000
123750.957790	982.195000
123832.100259	978.083000
123853.729635	977.004000
123942.997933	972.451000
123949.408066	972.128000
124032.029316	967.924000
124041.673563	967.435000
124129.067322	962.959000
124148.999556	961.932000
124236.250175	957.434000
124237.187514	957.385000
124323.309684	952.884000
124337.150152	952.164000
124422.809164	947.704000
124434.689842	947.085000
124518.963560	942.662000
124527.824331	942.196000
124616.749885	937.516000
124618.812178	937.407000
124709.334251	932.622000
124719.261322	932.097000
124803.643035	927.604000
124810.977383	927.215000
124900.291676	922.408000
124903.620527	922.229000
124992.395226	917.470000
124995.108009	917.323000
125086.913072	912.361000
125089.776830	912.205000
125179.446092	907.335000
125183.277624	907.125000
125270.414183	902.359000
125273.507045	902.187000
125360.090545	897.393000
125364.067595	897.169000
125454.277948	892.142000
125456.157938	892.037000
125539.764399	887.323000
125551.139776	886.678000
125624.994462	882.547000
125631.986940	882.148000
125723.212327	877.046000
125728.942871	876.717000
125811.935642	872.022000
125821.455375	871.471000
125892.255802	867.425000
125908.964327	866.446000
125986.982538	861.959000
125994.554793	861.510000
126074.891453	856.878000
126095.404737	855.657000
126156.768848	852.137000
126171.324481	851.273000
126244.851879	847.005000
126266.803328	845.705000
126339.427607	841.453000
126356.648782	840.422000
126408.737391	837.345000
126435.888428	835.709000
126505.162943	831.612000
126527.446134	830.260000
126590.951455	826.486000
126618.781773	824.789000
126662.821470	822.142000
126689.238416	820.512000
126756.445168	816.435000
126790.767734	814.309000
126835.797911	811.571000
126862.909335	809.887000
126915.940974	806.688000
126953.102762	804.383000
126997.672133	801.682000
127032.261400	799.545000
127085.719451	796.300000
127123.735627	793.950000
127160.793544	791.687000
127201.400381	789.177000
127242.313268	786.666000
127286.244300	783.938000
127328.470396	781.338000
127372.417753	778.612000
127404.124725	776.646000
127453.195571	773.590000
127486.285930	771.533000
127533.297089	768.581000
127563.674613	766.695000
127621.063365	763.056000
127647.151470	761.437000
127696.984617	758.249000
127723.871600	756.568000
127781.493451	752.874000
127798.930271	751.774000
127859.798185	747.857000
127883.783910	746.330000
127939.881473	742.696000
127952.523117	741.883000
128023.721753	737.234000
128034.940201	736.508000
128094.726006	732.597000
128111.214173	731.529000
128180.542667	726.956000
128182.037831	726.860000
128254.826779	722.031000
128263.564630	721.468000
128335.313255	716.712000
128336.213620	716.654000
128409.837594	711.800000
128412.585245	711.622000
128490.183333	706.510000
128494.871009	706.200000
128564.692352	701.679000
128566.806010	701.538000
128644.713430	696.486000
128652.601634	695.965000
128724.548287	691.321000
128730.187099	690.946000
128797.232439	686.579000
128810.107000	685.713000
128875.061240	681.456000
128885.863319	680.725000
128954.267046	676.219000
128968.402638	675.264000
129028.734239	671.262000
129043.664882	670.252000
129101.769693	666.365000
129119.486862	665.158000
129178.921065	661.171000
129196.637221	659.955000
129256.577705	655.922000
129277.402371	654.497000
129324.597388	651.291000
129347.296359	649.733000
129403.979441	645.863000
129419.271896	644.808000
129481.093112	640.576000
129497.554207	639.443000
129550.282345	635.831000
129561.484992	635.066000
129628.913270	630.487000
129639.602806	629.762000
129705.879093	625.251000
129713.821548	624.711000
129780.036288	620.156000
129780.491933	620.125000
129856.071781	615.047000
129857.670981	614.938000
129931.108309	609.946000
129934.065635	609.742000
129999.039559	605.275000
130012.134867	604.365000
130072.095370	600.215000
130079.855859	599.676000
130147.552949	594.976000
130162.015198	593.970000
130214.484592	590.322000
130231.551073	589.133000
130285.627460	585.387000
130305.437370	584.004000
130362.435100	580.041000
130385.709247	578.414000
130426.231328	575.583000
130453.080219	573.708000
130499.727019	570.435000
130535.791255	567.944000
130574.420131	565.259000
130601.482359	563.398000
130642.935284	560.510000
130690.323582	557.222000
130717.669639	555.319000
130755.040779	552.740000
130788.603594	550.396000
130835.622391	547.207000
130864.005862	545.240000
130914.166602	541.860000
130937.079784	540.271000
130990.592252	536.643000
131007.436264	535.482000
131064.381261	531.621000
131085.847716	530.132000
131143.622585	526.200000
131154.968887	525.407000
131216.075433	521.262000
131229.573510	520.310000
131293.774631	515.951000
131307.172805	515.009000
131367.694627	510.905000
131371.650348	510.628000
131441.783723	505.892000
131454.528414	504.993000
131516.105519	500.816000
131523.925924	500.264000
131588.057578	495.899000
131593.129921	495.543000
131662.486643	490.828000
131674.039371	490.016000
131734.451771	485.881000
131745.636715	485.093000
131805.548727	481.018000
131810.997164	480.636000
131882.263074	475.799000
131895.386978	474.886000
131952.311631	471.035000
131963.290813	470.271000
132028.141057	465.863000
132035.014311	465.384000
132100.042975	460.935000
132110.350392	460.219000
132174.493236	455.775000
132183.886324	455.120000
132243.875893	450.952000
132250.807018	450.473000
132317.687360	445.844000
132329.230255	445.054000
132391.295737	440.736000
132397.617732	440.307000
132465.467761	435.603000
132467.951132	435.436000
132534.485191	430.860000
132544.251085	430.208000
132612.607361	425.527000
132617.292787	425.214000
132684.682048	420.606000
132686.783634	420.465000
132760.808588	415.453000
132765.088280	415.167000
132835.103263	410.461000
132836.069178	410.396000
132911.965532	405.327000
132914.957712	405.127000
132984.331300	400.448000
132984.495150	400.437000
133061.091215	395.342000
133067.567424	394.906000
133137.194894	390.217000
133139.282932	390.076000
133205.431915	385.599000
133214.951615	384.951000
133286.638923	380.081000
133288.295627	379.967000
133356.695038	375.273000
133363.828514	374.776000
133429.580819	370.228000
133439.078948	369.562000
133502.909402	365.127000
133510.683004	364.580000
133574.876324	360.144000
133583.914786	359.503000
133649.492686	355.093000
133660.366114	354.326000
133726.408216	349.919000
133736.554362	349.213000
133801.677259	344.932000
133814.060286	344.079000
133878.540430	339.886000
133892.193917	338.969000
133961.851427	334.400000
133972.579826	333.681000
134031.582789	329.779000
134048.255851	328.662000
134113.522590	324.327000
134127.840756	323.373000
134190.645436	319.214000
134205.054290	318.264000
134268.842443	314.026000
134285.117650	312.979000
134344.909697	309.113000
134362.966000	307.959000
134425.986097	303.864000
134448.051427	302.446000
134506.195140	298.680000
134519.592823	297.810000
134580.808435	293.920000
134609.660791	292.052000
134660.046277	288.916000
134687.137531	287.172000
134744.731617	283.681000
134770.526981	282.056000
134823.232289	278.949000
134858.814587	276.755000
134906.322611	274.037000
134947.586811	271.601000
134999.259128	268.793000
135036.725626	266.612000
135086.358246	263.996000
135134.295909	261.292000
135177.442481	259.101000
135229.699505	256.228000
135278.322690	253.907000
135335.987270	250.909000
135374.775179	249.006000
135438.203355	245.758000
135469.331409	244.176000
135540.598073	240.610000
135581.432369	238.619000
135646.382198	235.224000
135672.652364	233.968000
135749.039099	230.037000
135773.238668	228.921000
135852.852437	224.914000
135875.967166	223.869000
135965.211991	219.529000
135984.390895	218.704000
136084.576565	214.047000
136088.229781	213.900000
136198.139192	209.540000
136220.644199	208.688000
136352.518138	203.901000
136365.909915	203.459000
136513.552482	198.715000
136517.107147	198.617000
136667.262458	193.926000
136680.819847	193.538000
137152.280132	188.688000
137172.764250	188.067000
137353.228997	193.538000
137390.945820	193.926000
137554.857456	198.617000
137557.994361	198.715000
137730.069147	203.459000
137743.825052	203.901000
137888.862237	208.688000
137912.333429	209.540000
138027.499897	213.900000
138031.205558	214.047000
138146.940424	218.704000
138164.688583	219.529000
138265.581240	223.869000
138287.069913	224.914000
138375.702180	228.921000
138397.875618	230.037000
138483.116215	233.968000
138507.522661	235.224000
138578.531589	238.619000
138616.621459	240.610000
138689.758125	244.176000
138721.374463	245.758000
138785.283388	249.006000
138822.445894	250.909000
138883.552647	253.907000
138928.195572	256.228000
138988.382737	259.101000
139028.234857	261.292000
139081.483753	263.996000
139127.861314	266.612000
139169.240803	268.793000
139217.478276	271.601000
139262.305115	274.037000
139308.346205	276.755000
139346.695213	278.949000
139397.084547	282.056000
139424.650085	283.681000
139480.066464	287.172000
139508.838761	288.916000
139557.553308	292.052000
139587.566091	293.920000
139647.649424	297.810000
139661.340319	298.680000
139719.335348	302.446000
139741.228015	303.864000
139804.949826	307.959000
139822.709335	309.113000
139883.199515	312.979000
139899.392550	314.026000
139965.270608	318.264000
139979.569510	319.214000
140042.649956	323.373000
140057.056223	324.327000
140122.118326	328.662000
140138.935615	329.779000
140197.179383	333.681000
140208.051533	334.400000
140276.226852	338.969000
140290.207141	339.886000
140352.637970	344.079000
140365.755443	344.932000
140427.902854	349.213000
140438.642580	349.919000
140501.976948	354.326000
140513.471001	355.093000
140575.989666	359.503000
140585.521510	360.144000
140648.071617	364.580000
140655.987250	365.127000
140719.014538	369.562000
140728.599901	370.228000
140793.460995	374.776000
140800.646329	375.273000
140868.019640	379.967000
140869.680811	380.081000
140940.454039	384.951000
140949.992719	385.599000
141015.763859	390.076000
141017.847175	390.217000
141087.285543	394.906000
141093.759755	395.342000
141169.439308	400.437000
141169.604678	400.448000
141239.300443	405.127000
141242.265760	405.327000
141318.102550	410.396000
141319.075773	410.461000
141389.008088	415.167000
141393.263142	415.453000
141468.262487	420.465000
141470.344993	420.606000
141539.026620	425.214000
141543.604059	425.527000
141613.675879	430.208000
141623.196984	430.860000
141691.737983	435.436000
141694.166127	435.603000
141764.116878	440.307000
141770.304731	440.736000
141833.937311	445.054000
141845.292505	445.844000
141912.928028	450.473000
141919.848677	450.952000
141980.159592	455.120000
141989.586936	455.775000
142053.316528	460.219000
142063.650973	460.935000
142127.698037	465.384000
142134.699325	465.863000
142197.950484	470.271000
142209.190408	471.035000
142264.531806	474.886000
142278.027576	475.799000
142347.556954	480.636000
142353.185149	481.018000
142411.306557	485.093000
142422.891996	485.881000
142481.584565	490.016000
142493.447895	490.828000
142560.530548	495.543000
142565.767238	495.899000
142627.960438	500.264000
142636.070558	500.816000
142695.247788	504.993000
142708.500796	505.892000
142775.640790	510.628000
142779.742763	510.905000
142838.350273	515.009000
142852.241977	515.951000
142914.240537	520.310000
142928.261979	521.262000
142987.032491	525.407000
142998.723080	526.200000
143054.982424	530.132000
143076.861056	531.621000
143132.523906	535.482000
143149.647226	536.643000
143202.282951	540.271000
143225.720468	541.860000
143274.459647	545.240000
143303.650823	547.207000
143349.667544	550.396000
143384.227612	552.740000
143421.155301	555.319000
143448.730825	557.222000
143495.979295	560.510000
143537.602593	563.398000
143564.314467	565.259000
143603.359111	567.944000
143639.196925	570.435000
143686.582812	573.708000
143713.305314	575.583000
143753.843559	578.414000
143777.131947	580.041000
143833.822449	584.004000
143853.713405	585.387000
143907.370617	589.133000
143924.534745	590.322000
143976.896833	593.970000
143991.366189	594.976000
144058.933354	599.676000
144066.696914	600.215000
144126.448358	604.365000
144139.596324	605.275000
144203.878455	609.742000
144206.845699	609.946000
144279.213207	614.938000
144280.816706	615.047000
144355.318867	620.125000
144355.780264	620.156000
144422.730615	624.711000
144430.580442	625.251000
144496.929360	629.762000
144507.581168	630.487000
144575.094803	635.066000
144586.359846	635.831000
144639.253913	639.443000
144655.793498	640.576000
144717.279248	644.808000
144732.690728	645.863000
144788.787221	649.733000
144811.606922	651.291000
144858.316101	654.497000
144879.293300	655.922000
144938.230756	659.955000
144956.303562	661.171000
145014.390991	665.158000
145032.383738	666.365000
145089.439774	670.252000
145104.537757	671.262000
145163.698581	675.264000
145178.095553	676.219000
145244.791865	680.725000
145255.888874	681.456000
145318.795099	685.713000
145332.008717	686.579000
145396.931590	690.946000
145402.688861	691.321000
145472.519910	695.965000
145480.591444	696.486000
145557.081279	701.538000
145559.255655	701.679000
145627.027611	706.200000
145631.815184	706.510000
145709.116469	711.622000
145711.818436	711.800000
145786.745957	716.654000
145787.625683	716.712000
145861.455629	721.468000
145869.949000	722.031000
145944.895853	726.860000
145946.342890	726.956000
146017.565645	731.529000
146033.756948	732.597000
146094.136370	736.508000
146105.234426	737.234000
146177.072672	741.883000
146189.523627	742.696000
146246.030065	746.330000
146269.602156	747.857000
146331.129390	751.774000
146348.222753	752.874000
146406.778768	756.568000
146433.000297	758.249000
146483.991197	761.437000
146509.298558	763.056000
146567.936369	766.695000
146597.679481	768.581000
146645.226910	771.533000
146677.985024	773.590000
146727.146004	776.646000
146758.714487	778.612000
146802.678478	781.338000
146844.594519	783.938000
146888.899439	786.666000
146929.335957	789.177000
146970.232550	791.687000
147006.843415	793.950000
147045.326007	796.300000
147097.820684	799.545000
147133.025570	801.682000
147176.743685	804.383000
147214.778634	806.688000
147266.353714	809.887000
147294.270339	811.571000
147338.350551	814.309000
147373.315546	816.435000
147439.135444	820.512000
147466.004957	822.142000
147508.904133	824.789000
147537.138121	826.486000
147599.030649	830.260000
147621.780833	831.612000
147689.306155	835.709000
147716.968617	837.345000
147768.034472	840.422000
147785.487626	841.453000
147856.510357	845.705000
147878.714393	847.005000
147950.782687	851.273000
147965.667334	852.137000
148024.968059	855.657000
148046.253735	856.878000
148124.073172	861.510000
148131.860556	861.959000
148207.532511	866.446000
148224.554982	867.425000
148293.607786	871.471000
148303.249663	872.022000
148384.366088	876.717000
148390.181769	877.046000
148479.048751	882.148000
148486.182998	882.547000
148558.578804	886.678000
148570.110218	887.323000
148653.247470	892.037000
148655.109727	892.142000
148745.116493	897.169000
148749.136210	897.393000
148834.252172	902.187000
148837.358631	902.359000
148923.059702	907.125000
148926.899122	907.335000
149015.754181	912.205000
149018.626543	912.361000
149109.716083	917.323000
149112.435822	917.470000
149200.259886	922.229000
149203.598964	922.408000
149292.994400	927.215000
149300.222039	927.604000
149384.934701	932.097000
149394.794572	932.622000
149485.272736	937.407000
149487.334786	937.516000
149575.880955	942.196000
149584.735508	942.662000
149668.836772	947.085000
149680.630901	947.704000
149766.233202	952.164000
149780.061563	952.884000
149866.583716	957.385000
149867.521282	957.434000
149953.565189	961.932000
149973.486573	962.959000
150060.357729	967.435000
150069.905439	967.924000
150152.818357	972.128000
150159.166279	972.451000
150249.523348	977.004000
150270.678738	978.083000
150353.106907	982.195000
150364.473168	982.771000
150443.823310	986.758000
150467.117294	987.924000
150530.049799	991.076000
150564.912110	992.804000
150610.838469	995.084000
150667.194845	997.855000
150674.360502	998.206000
150728.027363	1000.847000
150741.109105	1001.484000
150755.566634	1002.187000
150755.793152	1002.198000
150756.700311	1002.242000
150758.741653	1002.341000
150759.628795	1002.384000
150760.433186	1002.423000
150760.969775	1002.449000
150761.692131	1002.484000
150765.036133	1002.646000
150765.469914	1002.667000
150767.084061	1002.746000
150769.398410	1002.858000
150770.762747	1002.924000
150771.320917	1002.951000
150797.951090	1004.241000
150839.859549	1006.265000
150879.860872	1008.185000
150882.519155	1008.312000
150940.032348	1011.069000
150976.336195	1012.790000
150995.359590	1013.694000
151054.564650	1016.486000
151092.392400	1018.260000
151109.888059	1019.081000
151175.019782	1022.122000
151194.218949	1023.017000
151238.049144	1025.063000
151302.240532	1028.037000
151312.571908	1028.514000
151415.148567	1033.223000
151417.231034	1033.317000
151518.580024	1037.998000
151526.662885	1038.358000
151628.776975	1042.983000
151639.432157	1043.457000
151742.733341	1047.998000
151759.000297	1048.705000
151864.914230	1053.322000
151870.540007	1053.565000
151976.625488	1058.135000
151979.345993	1058.251000
152105.875069	1063.635000
152107.639842	1063.709000
152221.335407	1068.466000
152228.767001	1068.775000
152339.746421	1073.364000
152351.381869	1073.837000
152468.001721	1078.574000
152473.340500	1078.790000
152601.914342	1083.945000
152615.952508	1084.508000
152719.878508	1088.725000
152723.687825	1088.878000
152847.531235	1093.785000
152861.297303	1094.324000
152985.395275	1099.230000
152996.572592	1099.661000
153109.035910	1103.978000
153122.990543	1104.507000
153246.509720	1109.196000
153260.186875	1109.708000
153388.849751	1114.501000
153408.288016	1115.229000
153510.311254	1119.011000
153535.417818	1119.935000
153665.863719	1124.719000
153682.696977	1125.319000
153800.038080	1129.518000
153832.878731	1130.659000
153938.177545	1134.322000
153968.157074	1135.328000
154113.479045	1140.196000
154138.279791	1140.987000
154238.179027	1144.203000
154298.647508	1146.099000
154426.012471	1150.121000
154451.475557	1150.883000
154582.431733	1154.994000
154641.656061	1156.713000
154746.458487	1159.910000
154798.389086	1161.390000
154921.621063	1165.080000
154981.457758	1166.760000
155112.176750	1170.514000
155162.301597	1171.876000
155277.567396	1175.044000
155364.555305	1177.282000
155486.398509	1180.449000
155555.946135	1182.155000
155699.745557	1185.630000
155778.361383	1187.380000
155916.681828	1190.531000
156016.729225	1192.585000
156143.768503	1195.323000
156263.463435	1197.710000
156422.621273	1201.028000
156496.105889	1202.316000
156638.770322	1205.125000
156815.142443	1207.958000
156976.093298	1210.760000
157107.534097	1212.632000
157276.288465	1215.552000
157467.171364	1217.659000
157662.674756	1220.505000
157943.211770	1222.871000
158176.461505	1225.816000
158535.964823	1227.639000
158765.069097	1230.354000
159148.006554	1225.816000
159728.773022	1222.871000
159916.164830	1220.505000
160253.615523	1217.659000
160398.353980	1215.552000
160662.890319	1212.632000
160771.078051	1210.760000
160967.817964	1207.958000
161130.549504	1205.125000
161305.427473	1202.316000
161370.842849	1201.028000
161560.145611	1197.710000
161674.645237	1195.323000
161811.940889	1192.585000
161907.243547	1190.531000
162060.724242	1187.380000
162137.544547	1185.630000
162293.653115	1182.155000
162364.249321	1180.449000
162493.356782	1177.282000
162579.458801	1175.044000
162702.594501	1171.876000
162752.150062	1170.514000
162890.306212	1166.760000
162948.805921	1165.080000
163080.232946	1161.390000
163129.659322	1159.910000
163241.836433	1156.713000
163298.187816	1154.994000
163439.823194	1150.883000
163464.096754	1150.121000
163598.496401	1146.099000
163658.537169	1144.203000
163761.103960	1140.987000
163785.674947	1140.196000
163938.304572	1135.328000
163968.336187	1134.322000
164077.496242	1130.659000
164110.296118	1129.518000
164231.153169	1125.319000
164247.920176	1124.719000
164382.137359	1119.935000
164407.332178	1119.011000
164510.095194	1115.229000
164529.733723	1114.501000
164657.711206	1109.708000
164671.455290	1109.196000
164796.713451	1104.507000
164810.648542	1103.978000
164924.527839	1099.661000
164935.755935	1099.230000
165062.985450	1094.324000
165076.619532	1093.785000
165201.944390	1088.878000
165205.805821	1088.725000
165310.798579	1084.508000
165324.673452	1083.945000
165453.211194	1078.790000
165458.598575	1078.574000
165575.680957	1073.837000
165587.325709	1073.364000
165700.211694	1068.775000
165707.684486	1068.466000
165822.092565	1063.709000
165823.861216	1063.635000
165952.260364	1058.251000
165954.986473	1058.135000
166062.164962	1053.565000
166067.805832	1053.322000
166174.695593	1048.705000
166190.914166	1047.998000
166295.395417	1043.457000
166306.178232	1042.983000
166410.144928	1038.358000
166418.093268	1037.998000
166523.192907	1033.317000
166525.228114	1033.223000
166629.550835	1028.514000
166639.941378	1028.037000
166704.355450	1025.063000
166748.516708	1023.017000
166767.689740	1022.122000
166832.924002	1019.081000
166850.508068	1018.260000
166888.312329	1016.486000
166947.847323	1013.694000
166967.016870	1012.790000
167003.232869	1011.069000
167061.390744	1008.312000
167064.040064	1008.185000
167104.228283	1006.265000
167146.396345	1004.241000
167173.106776	1002.951000
167173.664151	1002.924000
167175.028569	1002.858000
167177.343807	1002.746000
167178.976250	1002.667000
167179.405327	1002.646000
167182.751638	1002.484000
167183.474108	1002.449000
167184.010715	1002.423000
167184.815599	1002.384000
167185.702491	1002.341000
167187.744981	1002.242000
167188.652244	1002.198000
167188.879033	1002.187000
167203.355631	1001.484000
167216.455838	1000.847000
167270.692698	998.206000
167277.825249	997.855000
167334.395156	995.084000
167380.765613	992.804000
167415.572959	991.076000
167479.164396	987.924000
167502.444632	986.758000
167582.095671	982.771000
167593.559349	982.195000
167674.701818	978.083000
167696.331194	977.004000
167785.599492	972.451000
167792.009625	972.128000
167874.630874	967.924000
167884.275122	967.435000
167971.668881	962.959000
167991.601114	961.932000
168078.851734	957.434000
168079.789073	957.385000
168165.911242	952.884000
168179.751711	952.164000
168265.410723	947.704000
168277.291401	947.085000
168361.565119	942.662000
168370.425890	942.196000
168459.351443	937.516000
168461.413737	937.407000
168551.935810	932.622000
168561.862881	932.097000
168646.244594	927.604000
168653.578942	927.215000
168742.893235	922.408000
168746.222086	922.229000
168834.996784	917.470000
168837.709568	917.323000
168929.514631	912.361000
168932.378389	912.205000
169022.047650	907.335000
169025.879183	907.125000
169113.015741	902.359000
169116.108604	902.187000
169202.692104	897.393000
169206.669154	897.169000
169296.879507	892.142000
169298.759497	892.037000
169382.365958	887.323000
169393.741335	886.678000
169467.596021	882.547000
169474.588499	882.148000
169565.813886	877.046000
169571.544430	876.717000
169654.537200	872.022000
169664.056934	871.471000
169734.857361	867.425000
169751.565886	866.446000
169829.584097	861.959000
169837.156352	861.510000
169917.493012	856.878000
169938.006296	855.657000
169999.370407	852.137000
170013.926040	851.273000
170087.453438	847.005000
170109.404886	845.705000
170182.029166	841.453000
170199.250341	840.422000
170251.338950	837.345000
170278.489987	835.709000
170347.764501	831.612000
170370.047693	830.260000
170433.553014	826.486000
170461.383332	824.789000
170505.423029	822.142000
170531.839975	820.512000
170599.046727	816.435000
170633.369293	814.309000
170678.399470	811.571000
170705.510894	809.887000
170758.542533	806.688000
170795.704321	804.383000
170840.273691	801.682000
170874.862959	799.545000
170928.321010	796.300000
170966.337185	793.950000
171003.395103	791.687000
171044.001940	789.177000
171084.914827	786.666000
171128.845859	783.938000
171171.071955	781.338000
171215.019312	778.612000
171246.726284	776.646000
171295.797130	773.590000
171328.887489	771.533000
171375.898648	768.581000
171406.276172	766.695000
171463.664923	763.056000
171489.753029	761.437000
171539.586176	758.249000
171566.473159	756.568000
171624.095009	752.874000
171641.531830	751.774000
171702.399744	747.857000
171726.385469	746.330000
171782.483032	742.696000
171795.124676	741.883000
171866.323312	737.234000
171877.541760	736.508000
171937.327565	732.597000
171953.815732	731.529000
172023.144226	726.956000
172024.639390	726.860000
172097.428338	722.031000
172106.166188	721.468000
172177.914814	716.712000
172178.815179	716.654000
172252.439152	711.800000
172255.186804	711.622000
172332.784892	706.510000
172337.472568	706.200000
172407.293911	701.679000
172409.407569	701.538000
172487.314989	696.486000
172495.203192	695.965000
172567.149846	691.321000
172572.788658	690.946000
172639.833998	686.579000
172652.708559	685.713000
172717.662799	681.456000
172728.464878	680.725000
172796.868604	676.219000
172811.004197	675.264000
172871.335798	671.262000
172886.266441	670.252000
172944.371252	666.365000
172962.088420	665.158000
173021.522624	661.171000
173039.238780	659.955000
173099.179264	655.922000
173120.003929	654.497000
173167.198947	651.291000
173189.897918	649.733000
173246.581000	645.863000
173261.873455	644.808000
173323.694671	640.576000
173340.155766	639.443000
173392.883904	635.831000
173404.086551	635.066000
173471.514829	630.487000
173482.204365	629.762000
173548.480652	625.251000
173556.423107	624.711000
173622.637847	620.156000
173623.093492	620.125000
173698.673340	615.047000
173700.272540	614.938000
173773.709868	609.946000
173776.667194	609.742000
173841.641118	605.275000
173854.736426	604.365000
173914.696929	600.215000
173922.457418	599.676000
173990.154508	594.976000
174004.616757	593.970000
174057.086151	590.322000
174074.152632	589.133000
174128.229019	585.387000
174148.038929	584.004000
174205.036658	580.041000
174228.310806	578.414000
174268.832887	575.583000
174295.681778	573.708000
174342.328578	570.435000
174378.392814	567.944000
174417.021690	565.259000
174444.083918	563.398000
174485.536843	560.510000
174532.925140	557.222000
174560.271198	555.319000
174597.642337	552.740000
174631.205153	550.396000
174678.223949	547.207000
174706.607421	545.240000
174756.768160	541.860000
174779.681342	540.271000
174833.193811	536.643000
174850.037823	535.482000
174906.982820	531.621000
174928.449275	530.132000
174986.224144	526.200000
174997.570446	525.407000
175058.676992	521.262000
175072.175068	520.310000
175136.376190	515.951000
175149.774364	515.009000
175210.296186	510.905000
175214.251907	510.628000
175284.385282	505.892000
175297.129973	504.993000
175358.707078	500.816000
175366.527483	500.264000
175430.659136	495.899000
175435.731480	495.543000
175505.088202	490.828000
175516.640930	490.016000
175577.053330	485.881000
175588.238274	485.093000
175648.150286	481.018000
175653.598722	480.636000
175724.864633	475.799000
175737.988537	474.886000
175794.913190	471.035000
175805.892372	470.271000
175870.742616	465.863000
175877.615870	465.384000
175942.644534	460.935000
175952.951950	460.219000
176017.094795	455.775000
176026.487883	455.120000
176086.477452	450.952000
176093.408577	450.473000
176160.288919	445.844000
176171.831814	445.054000
176233.897296	440.736000
176240.219291	440.307000
176308.069320	435.603000
176310.552691	435.436000
176377.086750	430.860000
176386.852644	430.208000
176455.208920	425.527000
176459.894346	425.214000
176527.283607	420.606000
176529.385193	420.465000
176603.410147	415.453000
176607.689839	415.167000
176677.704821	410.461000
176678.670737	410.396000
176754.567091	405.327000
176757.559271	405.127000
176826.932859	400.448000
176827.096708	400.437000
176903.692773	395.342000
176910.168983	394.906000
176979.796453	390.217000
176981.884491	390.076000
177048.033474	385.599000
177057.553174	384.951000
177129.240482	380.081000
177130.897186	379.967000
177199.296596	375.273000
177206.430072	374.776000
177272.182378	370.228000
177281.680507	369.562000
177345.510961	365.127000
177353.284563	364.580000
177417.477882	360.144000
177426.516345	359.503000
177492.094245	355.093000
177502.967672	354.326000
177569.009775	349.919000
177579.155921	349.213000
177644.278818	344.932000
177656.661845	344.079000
177721.141989	339.886000
177734.795476	338.969000
177804.452986	334.400000
177815.181385	333.681000
177874.184348	329.779000
177890.857410	328.662000
177956.124149	324.327000
177970.442315	323.373000
178033.246995	319.214000
178047.655848	318.264000
178111.444001	314.026000
178127.719208	312.979000
178187.511256	309.113000
178205.567559	307.959000
178268.587655	303.864000
178290.652986	302.446000
178348.796699	298.680000
178362.194382	297.810000
178423.409994	293.920000
178452.262350	292.052000
178502.647836	288.916000
178529.739089	287.172000
178587.333176	283.681000
178613.128540	282.056000
178665.833848	278.949000
178701.416146	276.755000
178748.924170	274.037000
178790.188370	271.601000
178841.860687	268.793000
178879.327185	266.612000
178928.959805	263.996000
178976.897468	261.292000
179020.044040	259.101000
179072.301064	256.228000
179120.924249	253.907000
179178.588829	250.909000
179217.376737	249.006000
179280.804914	245.758000
179311.932968	244.176000
179383.199631	240.610000
179424.033928	238.619000
179488.983757	235.224000
179515.253923	233.968000
179591.640658	230.037000
179615.840227	228.921000
179695.453996	224.914000
179718.568725	223.869000
179807.813550	219.529000
179826.992454	218.704000
179927.178124	214.047000
179930.831340	213.900000
180040.740751	209.540000
180063.245758	208.688000
180195.119697	203.901000
180208.511474	203.459000
180356.154041	198.715000
180359.708706	198.617000
180509.864017	193.926000
180523.421406	193.538000
180994.881691	188.688000
181015.365809	188.067000
181195.830556	193.538000
181233.547379	193.926000
181397.459015	198.617000
181400.595920	198.715000
181572.670706	203.459000
181586.426611	203.901000
181731.463796	208.688000
181754.934988	209.540000
181870.101456	213.900000
181873.807117	214.047000
181989.541983	218.704000
182007.290142	219.529000
182108.182799	223.869000
182129.671472	224.914000
182218.303739	228.921000
182240.477177	230.037000
182325.717774	233.968000
182350.124220	235.224000
182421.133148	238.619000
182459.223018	240.610000
182532.359683	244.176000
182563.976021	245.758000
182627.884947	249.006000
182665.047453	250.909000
182726.154205	253.907000
182770.797131	256.228000
182830.984296	259.101000
182870.836416	261.292000
182924.085312	263.996000
182970.462872	266.612000
183011.842362	268.793000
183060.079834	271.601000
183104.906673	274.037000
183150.947764	276.755000
183189.296772	278.949000
183239.686106	282.056000
183267.251644	283.681000
183322.668023	287.172000
183351.440320	288.916000
183400.154867	292.052000
183430.167650	293.920000
183490.250983	297.810000
183503.941878	298.680000
183561.936907	302.446000
183583.829574	303.864000
183647.551384	307.959000
183665.310894	309.113000
183725.801074	312.979000
183741.994109	314.026000
183807.872167	318.264000
183822.171069	319.214000
183885.251515	323.373000
183899.657782	324.327000
183964.719885	328.662000
183981.537174	329.779000
184039.780942	333.681000
184050.653092	334.400000
184118.828411	338.969000
184132.808699	339.886000
184195.239529	344.079000
184208.357002	344.932000
184270.504413	349.213000
184281.244139	349.919000
184344.578507	354.326000
184356.072560	355.093000
184418.591225	359.503000
184428.123069	360.144000
184490.673176	364.580000
184498.588809	365.127000
184561.616097	369.562000
184571.201460	370.228000
184636.062554	374.776000
184643.247887	375.273000
184710.621199	379.967000
184712.282370	380.081000
184783.055597	384.951000
184792.594278	385.599000
184858.365418	390.076000
184860.448734	390.217000
184929.887102	394.906000
184936.361314	395.342000
185012.040867	400.437000
185012.206236	400.448000
185081.902002	405.127000
185084.867319	405.327000
185160.704109	410.396000
185161.677331	410.461000
185231.609647	415.167000
185235.864701	415.453000
185310.864046	420.465000
185312.946551	420.606000
185381.628179	425.214000
185386.205618	425.527000
185456.277438	430.208000
185465.798542	430.860000
185534.339542	435.436000
185536.767686	435.603000
185606.718437	440.307000
185612.906290	440.736000
185676.538869	445.054000
185687.894064	445.844000
185755.529587	450.473000
185762.450236	450.952000
185822.761151	455.120000
185832.188495	455.775000
185895.918086	460.219000
185906.252532	460.935000
185970.299596	465.384000
185977.300884	465.863000
186040.552043	470.271000
186051.791967	471.035000
186107.133365	474.886000
186120.629135	475.799000
186190.158513	480.636000
186195.786708	481.018000
186253.908116	485.093000
186265.493555	485.881000
186324.186124	490.016000
186336.049454	490.828000
186403.132107	495.543000
186408.368797	495.899000
186470.561997	500.264000
186478.672117	500.816000
186537.849346	504.993000
186551.102355	505.892000
186618.242349	510.628000
186622.344322	510.905000
186680.951832	515.009000
186694.843536	515.951000
186756.842096	520.310000
186770.863538	521.262000
186829.634049	525.407000
186841.324638	526.200000
186897.583983	530.132000
186919.462615	531.621000
186975.125465	535.482000
186992.248785	536.643000
187044.884510	540.271000
187068.322027	541.860000
187117.061206	545.240000
187146.252382	547.207000
187192.269103	550.396000
187226.829171	552.740000
187263.756860	555.319000
187291.332384	557.222000
187338.580854	560.510000
187380.204152	563.398000
187406.916026	565.259000
187445.960670	567.944000
187481.798484	570.435000
187529.184371	573.708000
187555.906873	575.583000
187596.445118	578.414000
187619.733506	580.041000
187676.424008	584.004000
187696.314964	585.387000
187749.972176	589.133000
187767.136304	590.322000
187819.498392	593.970000
187833.967748	594.976000
187901.534913	599.676000
187909.298473	600.215000
187969.049917	604.365000
187982.197883	605.275000
188046.480014	609.742000
188049.447258	609.946000
188121.814766	614.938000
188123.418265	615.047000
188197.920426	620.125000
188198.381823	620.156000
188265.332174	624.711000
188273.182001	625.251000
188339.530918	629.762000
188350.182727	630.487000
188417.696362	635.066000
188428.961405	635.831000
188481.855472	639.443000
188498.395057	640.576000
188559.880807	644.808000
188575.292287	645.863000
188631.388780	649.733000
188654.208480	651.291000
188700.917659	654.497000
188721.894858	655.922000
188780.832315	659.955000
188798.905121	661.171000
188856.992550	665.158000
188874.985297	666.365000
188932.041333	670.252000
188947.139316	671.262000
189006.300140	675.264000
189020.697112	676.219000
189087.393424	680.725000
189098.490433	681.456000
189161.396658	685.713000
189174.610276	686.579000
189239.533148	690.946000
189245.290420	691.321000
189315.121469	695.965000
189323.193003	696.486000
189399.682838	701.538000
189401.857214	701.679000
189469.629170	706.200000
189474.416743	706.510000
189551.718027	711.622000
189554.419995	711.800000
189629.347516	716.654000
189630.227242	716.712000
189704.057187	721.468000
189712.550559	722.031000
189787.497412	726.860000
189788.944449	726.956000
189860.167204	731.529000
189876.358507	732.597000
189936.737929	736.508000
189947.835985	737.234000
190019.674230	741.883000
190032.125186	742.696000
190088.631624	746.330000
190112.203715	747.857000
190173.730949	751.774000
190190.824312	752.874000
190249.380327	756.568000
190275.601856	758.249000
190326.592756	761.437000
190351.900116	763.056000
190410.537927	766.695000
190440.281040	768.581000
190487.828468	771.533000
190520.586583	773.590000
190569.747563	776.646000
190601.316046	778.612000
190645.280036	781.338000
190687.196078	783.938000
190731.500998	786.666000
190771.937515	789.177000
190812.834108	791.687000
190849.444974	793.950000
190887.927566	796.300000
190940.422243	799.545000
190975.627129	801.682000
191019.345244	804.383000
191057.380193	806.688000
191108.955273	809.887000
191136.871898	811.571000
191180.952110	814.309000
191215.917105	816.435000
191281.737003	820.512000
191308.606516	822.142000
191351.505692	824.789000
191379.739680	826.486000
191441.632208	830.260000
191464.382392	831.612000
191531.907714	835.709000
191559.570176	837.345000
191610.636031	840.422000
191628.089185	841.453000
191699.111916	845.705000
191721.315952	847.005000
191793.384246	851.273000
191808.268893	852.137000
191867.569618	855.657000
191888.855294	856.878000
191966.674731	861.510000
191974.462115	861.959000
192050.134070	866.446000
192067.156541	867.425000
192136.209345	871.471000
192145.851222	872.022000
192226.967647	876.717000
192232.783328	877.046000
192321.650310	882.148000
192328.784557	882.547000
192401.180363	886.678000
192412.711777	887.323000
192495.849029	892.037000
192497.711285	892.142000
192587.718052	897.169000
192591.737769	897.393000
192676.853731	902.187000
192679.960189	902.359000
192765.661261	907.125000
192769.500681	907.335000
192858.355740	912.205000
192861.228102	912.361000
192952.317642	917.323000
192955.037381	917.470000
193042.861445	922.229000
193046.200523	922.408000
193135.595959	927.215000
193142.823598	927.604000
193227.536260	932.097000
193237.396130	932.622000
193327.874295	937.407000
193329.936344	937.516000
193418.482514	942.196000
193427.337067	942.662000
193511.438331	947.085000
193523.232460	947.704000
193608.834761	952.164000
193622.663121	952.884000
193709.185274	957.385000
193710.122841	957.434000
193796.166747	961.932000
193816.088132	962.959000
193902.959288	967.435000
193912.506998	967.924000
193995.419916	972.128000
194001.767838	972.451000
194092.124907	977.004000
194113.280297	978.083000
194195.708466	982.195000
194207.074727	982.771000
194286.424869	986.758000
194309.718852	987.924000
194372.651358	991.076000
194407.513669	992.804000
194453.440028	995.084000
194509.796403	997.855000
194516.962061	998.206000
194570.628922	1000.847000
194583.710664	1001.484000
194598.168193	1002.187000
194598.394711	1002.198000
194599.301870	1002.242000
194601.343212	1002.341000
194602.230354	1002.384000
194603.034745	1002.423000
194603.571333	1002.449000
194604.293690	1002.484000
194607.637692	1002.646000
194608.071473	1002.667000
194609.685620	1002.746000
194611.999969	1002.858000
194613.364306	1002.924000
194613.922476	1002.951000
194640.552649	1004.241000
194682.461108	1006.265000
194722.462431	1008.185000
194725.120714	1008.312000
194782.633907	1011.069000
194818.937754	1012.790000
194837.961149	1013.694000
194897.166208	1016.486000
194934.993959	1018.260000
194952.489618	1019.081000
195017.621341	1022.122000
195036.820507	1023.017000
195080.650702	1025.063000
195144.842091	1028.037000
195155.173467	1028.514000
195257.750126	1033.223000
195259.832593	1033.317000
195361.181583	1037.998000
195369.264443	1038.358000
195471.378534	1042.983000
195482.033716	1043.457000
195585.334900	1047.998000
195601.601856	1048.705000
195707.515789	1053.322000
195713.141566	1053.565000
195819.227047	1058.135000
195821.947551	1058.251000
195948.476628	1063.635000
195950.241401	1063.709000
196063.936965	1068.466000
196071.368560	1068.775000
196182.347980	1073.364000
196193.983428	1073.837000
196310.603280	1078.574000
196315.942059	1078.790000
196444.515901	1083.945000
196458.554067	1084.508000
196562.480067	1088.725000
196566.289384	1088.878000
196690.132794	1093.785000
196703.898862	1094.324000
196827.996834	1099.230000
196839.174151	1099.661000
196951.637469	1103.978000
196965.592102	1104.507000
197089.111279	1109.196000
197102.788433	1109.708000
197231.451309	1114.501000
197250.889575	1115.229000
197352.912812	1119.011000
197378.019377	1119.935000
197508.465278	1124.719000
197525.298536	1125.319000
197642.639639	1129.518000
197675.480290	1130.659000
197780.779104	1134.322000
197810.758633	1135.328000
197956.080604	1140.196000
197980.881350	1140.987000
198080.780586	1144.203000
198141.249067	1146.099000
198268.614030	1150.121000
198294.077116	1150.883000
198425.033292	1154.994000
198484.257620	1156.713000
198589.060046	1159.910000
198640.990645	1161.390000
198764.222622	1165.080000
198824.059317	1166.760000
198954.778309	1170.514000
199004.903156	1171.876000
199120.168954	1175.044000
199207.156863	1177.282000
199329.000068	1180.449000
199398.547694	1182.155000
199542.347116	1185.630000
199620.962941	1187.380000
199759.283387	1190.531000
199859.330784	1192.585000
