0.000000	500.000000
24.984963	495.899000
27.141893	495.543000
55.873619	490.828000
60.792036	490.016000
85.959185	485.881000
90.730149	485.093000
115.559703	481.018000
117.874604	480.636000
147.358070	475.799000
152.898715	474.886000
176.385520	471.035000
181.021716	470.271000
207.883366	465.863000
210.789297	465.384000
237.869688	460.935000
242.215989	460.219000
269.205009	455.775000
273.178239	455.120000
298.478113	450.952000
301.388469	450.473000
329.506136	445.844000
334.314443	445.054000
360.518445	440.736000
363.133469	440.307000
391.698034	435.603000
392.717603	435.436000
420.544951	430.860000
424.530477	430.208000
453.018330	425.527000
454.931432	425.214000
482.982331	420.606000
483.843507	420.465000
514.406708	415.453000
516.154673	415.167000
544.888210	410.461000
545.285002	410.396000
576.268615	405.327000
577.490926	405.127000
606.042601	400.448000
606.109778	400.437000
637.273792	395.342000
639.935143	394.906000
668.555352	390.217000
669.415567	390.076000
696.718186	385.599000
700.666002	384.951000
730.345921	380.081000
731.039110	379.967000
759.595196	375.273000
762.610477	374.776000
790.239338	370.228000
794.275189	369.562000
821.195605	365.127000
824.508176	364.580000
851.461207	360.144000
855.337361	359.503000
882.261253	355.093000
886.904004	354.326000
913.845231	349.919000
918.129500	349.213000
944.366453	344.932000
949.552221	344.079000
975.295740	339.886000
980.895432	338.969000
1008.907685	334.400000
1013.299901	333.681000
1037.190198	329.779000
1044.014130	328.662000
1070.536149	324.327000
1076.369727	323.373000
1101.827788	319.214000
1107.647191	318.264000
1133.574505	314.026000
1140.013902	312.979000
1163.771752	309.113000
1170.876633	307.959000
1196.021522	303.864000
1204.744151	302.446000
1227.880931	298.680000
1233.223639	297.810000
1257.195003	293.920000
1268.672016	292.052000
1288.058902	288.916000
1298.783905	287.172000
1320.450137	283.681000
1330.477437	282.056000
1349.836394	278.949000
1363.418883	276.755000
1380.422369	274.037000
1395.597512	271.601000
1413.277572	268.793000
1426.890238	266.612000
1443.420137	263.996000
1460.367065	261.292000
1474.268170	259.101000
1492.332069	256.228000
1507.149743	253.907000
1526.122497	250.909000
1538.239200	249.006000
1558.828145	245.758000
1568.864486	244.176000
1591.524419	240.610000
1604.209242	238.619000
1625.681535	235.224000
1633.698840	233.968000
1658.603945	230.037000
1665.751330	228.921000
1691.198129	224.914000
1697.902451	223.869000
1725.560084	219.529000
1730.874649	218.704000
1760.679013	214.047000
1761.630650	213.900000
1789.883645	209.540000
1795.421353	208.688000
1826.613145	203.901000
1829.507565	203.459000
1860.612297	198.715000
1861.258729	198.617000
1892.054174	193.926000
1894.610165	193.538000
1927.077804	188.688000
1931.159662	188.067000
1959.684509	183.845000
1967.248052	182.696000
1994.340753	178.643000
1997.472974	178.171000
2025.841468	173.987000
2037.620855	172.252000
2061.998296	168.734000
2071.700967	167.324000
2094.858525	164.026000
2106.450679	162.375000
2130.890209	158.948000
2144.205321	157.087000
2165.292733	154.140000
2184.239393	151.498000
2199.880486	149.319000
2215.947091	147.097000
2238.071457	144.037000
2259.799066	141.053000
2271.967316	139.382000
2291.551813	136.693000
2307.301782	134.530000
2332.274322	131.098000
2347.372416	129.024000
2363.753539	126.775000
2379.639459	124.593000
2399.382783	121.872000
2416.872856	119.471000
2432.594630	117.267000
2454.251977	114.235000
2466.350939	112.511000
2485.595043	109.793000
2500.204331	107.684000
2517.581233	105.187000
2532.833544	102.918000
2546.768502	100.910000
2564.099100	98.291000
2567.631169	97.773000
2586.396614	94.910000
2595.931507	93.440000
2601.245894	92.635000
2618.348248	89.990000
2626.799005	88.682000
2634.531003	87.489000
2650.282649	85.062000
2658.134350	83.857000
2665.961113	82.643000
2683.174864	80.003000
2688.365956	79.209000
2700.646368	77.308000
2713.902968	75.284000
2720.583849	74.269000
2733.673387	72.256000
2747.652848	70.142000
2751.139050	69.618000
2766.420239	67.281000
2781.373152	65.058000
2782.622268	64.875000
2799.606647	62.285000
2810.385337	60.745000
2814.776548	60.088000
2834.898445	57.285000
2837.731825	56.897000
2850.129529	55.091000
2863.009847	53.379000
2869.293874	52.486000
2889.219011	49.893000
2891.943199	49.539000
2905.575004	47.625000
2920.198834	45.733000
2924.765150	45.104000
2945.084403	42.499000
2945.187370	42.486000
2962.364341	40.146000
2968.700940	39.363000
2982.151083	37.585000
2992.519875	36.333000
3001.845097	35.109000
3019.300822	33.110000
3022.350437	32.721000
3043.635512	30.315000
3045.380731	30.094000
3067.446302	27.792000
3073.500994	27.211000
3087.036372	25.519000
3101.432907	24.204000
3110.256960	23.128000
3126.502342	21.697000
3131.336200	21.119000
3154.710191	19.180000
3155.719383	19.102000
3170.450293	17.452000
3186.950270	16.214000
3192.666931	15.639000
3209.839577	14.652000
3221.195817	14.124000
3225.029143	14.010000
3225.826844	13.984000
3227.464004	13.938000
3255.557890	11.215000
3283.881688	8.732000
3318.562052	6.101000
3366.202334	4.590000
3496.795350	8.732000
3529.524861	11.215000
3560.586360	13.938000
3561.060954	13.984000
3561.986305	14.010000
3565.483921	14.124000
3583.238273	14.652000
3604.466698	15.639000
3614.471026	16.214000
3626.779244	17.452000
3648.770328	19.102000
3649.466699	19.180000
3674.554173	21.119000
3681.521768	21.697000
3693.489330	23.128000
3705.704586	24.204000
3716.488628	25.519000
3735.012535	27.211000
3739.660321	27.792000
3763.649825	30.094000
3765.768196	30.315000
3784.768177	32.721000
3788.209529	33.110000
3803.880947	35.109000
3814.569195	36.333000
3824.107739	37.585000
3838.832749	39.363000
3844.755955	40.146000
3863.692918	42.486000
3863.788346	42.499000
3884.421268	45.104000
3889.327529	45.733000
3903.062775	47.625000
3917.856650	49.539000
3920.377893	49.893000
3940.332182	52.486000
3947.194175	53.379000
3959.241492	55.091000
3972.829024	56.897000
3975.492540	57.285000
3995.961523	60.088000
4000.677929	60.745000
4010.970874	62.285000
4029.098671	64.875000
4030.298725	65.058000
4045.472420	67.281000
4061.192148	69.618000
4064.618482	70.142000
4078.683049	72.256000
4091.994617	74.269000
4098.594657	75.284000
4111.916926	77.308000
4124.367912	79.209000
4129.497132	80.003000
4146.757187	82.643000
4154.672904	83.857000
4162.441644	85.062000
4178.255816	87.489000
4185.998591	88.682000
4194.475920	89.990000
4211.564797	92.635000
4216.769862	93.440000
4226.474393	94.910000
4245.044734	97.773000
4248.439949	98.291000
4266.298036	100.910000
4279.585490	102.918000
4295.331715	105.187000
4312.116651	107.684000
4326.793418	109.793000
4345.621319	112.511000
4357.827660	114.235000
4379.106113	117.267000
4394.849118	119.471000
4411.976151	121.872000
4431.797262	124.593000
4447.629652	126.775000
4464.003362	129.024000
4479.109831	131.098000
4504.093755	134.530000
4519.832567	136.693000
4539.412627	139.382000
4551.582836	141.053000
4573.312375	144.037000
4595.593369	147.097000
4611.658839	149.319000
4627.414525	151.498000
4646.379080	154.140000
4667.512997	157.087000
4680.829479	158.948000
4705.349032	162.375000
4717.123081	164.026000
4740.279305	167.324000
4750.179898	168.734000
4774.388405	172.252000
4786.410822	173.987000
4814.817134	178.171000
4818.017404	178.643000
4844.913368	182.696000
4852.593978	183.845000
4880.386213	188.067000
4884.581838	188.688000
4916.461086	193.538000
4919.058497	193.926000
4949.960959	198.617000
4950.604309	198.715000
4981.896877	203.459000
4984.794914	203.901000
5016.142409	208.688000
5021.693988	209.540000
5050.032493	213.900000
5050.985060	214.047000
5081.133198	218.704000
5086.413121	219.529000
5114.370952	223.869000
5121.030451	224.914000
5146.737840	228.921000
5153.825094	230.037000
5179.001052	233.968000
5186.958521	235.224000
5208.629502	238.619000
5221.221943	240.610000
5243.941218	244.176000
5253.993943	245.758000
5274.599527	249.006000
5286.662569	250.909000
5305.751312	253.907000
5320.439691	256.228000
5338.781430	259.101000
5352.557275	261.292000
5369.713180	263.996000
5386.108581	266.612000
5399.889816	268.793000
5417.415889	271.601000
5432.753719	274.037000
5449.685591	276.755000
5463.410994	278.949000
5482.645631	282.056000
5492.770609	283.681000
5514.312335	287.172000
5525.136141	288.916000
5544.421468	292.052000
5555.969524	293.920000
5579.869729	297.810000
5585.230934	298.680000
5608.358106	302.446000
5617.069724	303.864000
5642.259545	307.959000
5649.345553	309.113000
5673.147521	312.979000
5679.581683	314.026000
5705.646789	318.264000
5711.458716	319.214000
5736.935450	323.373000
5742.775073	324.327000
5769.282999	328.662000
5776.116931	329.779000
5799.954874	333.681000
5804.357008	334.400000
5832.268042	338.969000
5837.890111	339.886000
5863.494812	344.079000
5868.731927	344.932000
5894.758036	349.213000
5899.084897	349.919000
5925.828202	354.326000
5930.517088	355.093000
5957.211389	359.503000
5961.124817	360.144000
5987.949495	364.580000
5991.273054	365.127000
6018.130918	369.562000
6022.173533	370.228000
6049.733663	374.776000
6052.752912	375.273000
6081.231240	379.967000
6081.924762	380.081000
6111.537310	384.951000
6115.486507	385.599000
6142.761774	390.076000
6143.621651	390.217000
6172.228389	394.906000
6174.889599	395.342000
6205.989562	400.437000
6206.056845	400.448000
6234.631347	405.127000
6235.851765	405.327000
6266.831232	410.396000
6267.228536	410.461000
6295.956224	415.167000
6297.702461	415.453000
6328.334637	420.465000
6329.194456	420.606000
6357.338421	425.214000
6359.243788	425.527000
6387.854747	430.208000
6391.822720	430.860000
6419.794753	435.436000
6420.810305	435.603000
6449.529194	440.307000
6452.134253	440.736000
6478.455171	445.054000
6483.249326	445.844000
6511.423570	450.473000
6514.333132	450.952000
6539.657485	455.120000
6543.633353	455.775000
6570.590654	460.219000
6574.939019	460.935000
6601.945575	465.384000
6604.861176	465.863000
6631.603025	470.271000
6636.258719	471.035000
6659.627817	474.886000
6665.196099	475.799000
6694.549983	480.636000
6696.878428	481.018000
6721.572725	485.093000
6726.374121	485.881000
6751.409569	490.016000
6756.351703	490.828000
6784.911234	495.543000
6787.080586	495.899000
6813.527209	500.264000
6816.890218	500.816000
6842.171091	504.993000
6847.651408	505.892000
6876.319011	510.628000
6878.008933	510.905000
6902.884643	515.009000
6908.627435	515.951000
6935.029108	520.310000
6940.831581	521.262000
6965.922490	525.407000
6970.756647	526.200000
6994.598236	530.132000
7003.669968	531.621000
7027.113376	535.482000
7034.191421	536.643000
7056.245243	540.271000
7065.932718	541.860000
7086.456388	545.240000
7098.461140	547.207000
7117.827460	550.396000
7132.116877	552.740000
7147.756694	555.319000
7159.322089	557.222000
7179.274550	560.510000
7196.809124	563.398000
7208.099806	565.259000
7224.428095	567.944000
7239.547392	570.435000
7259.435751	573.708000
7270.796550	575.583000
7287.964746	578.414000
7297.830734	580.041000
7321.859327	584.004000
7330.253069	585.387000
7352.971449	589.133000
7360.192606	590.322000
7382.325051	593.970000
7388.430739	594.976000
7416.953769	599.676000
7420.225958	600.215000
7445.418177	604.365000
7450.945751	605.275000
7478.059726	609.742000
7479.300365	609.946000
7509.641327	614.938000
7510.305548	615.047000
7541.235122	620.125000
7541.424413	620.156000
7569.177308	624.711000
7572.461006	625.251000
7599.949111	629.762000
7604.366102	630.487000
7632.280495	635.066000
7636.943038	635.831000
7658.936057	639.443000
7665.830913	640.576000
7691.562855	644.808000
7697.983824	645.863000
7721.504932	649.733000
7730.991721	651.291000
7750.494951	654.497000
7759.179595	655.922000
7783.727062	659.955000
7791.150306	661.171000
7815.404607	665.158000
7822.776699	666.365000
7846.454039	670.252000
7852.625835	671.262000
7877.033868	675.264000
7882.877947	676.219000
7910.365943	680.725000
7914.844478	681.456000
7940.806006	685.713000
7946.116119	686.579000
7972.776384	690.946000
7975.078131	691.321000
8003.484605	695.965000
8006.687198	696.486000
8037.625064	701.538000
8038.491147	701.679000
8066.130779	706.200000
8068.035386	706.510000
8099.334115	711.622000
8100.424636	711.800000
8130.244748	716.654000
8130.600039	716.712000
8159.844661	721.468000
8163.290320	722.031000
8192.982782	726.860000
8193.570236	726.956000
8221.704372	731.529000
8228.246116	732.597000
8252.273525	736.508000
8256.726553	737.234000
8285.292102	741.883000
8290.280271	742.696000
8312.631673	746.330000
8322.012721	747.857000
8346.143498	751.774000
8352.908502	752.874000
8375.697889	756.568000
8386.042335	758.249000
8405.737214	761.437000
8415.703443	763.056000
8438.209800	766.695000
8449.835809	768.581000
8468.092062	771.533000
8480.791369	773.590000
8499.687228	776.646000
8511.840026	778.612000
8528.701887	781.338000
8544.783452	783.938000
8561.675328	786.666000
8577.203824	789.177000
8592.753293	791.687000
8606.757784	793.950000
8621.326824	796.300000
8641.408212	799.545000
8654.668314	801.682000
8671.384567	804.383000
8685.690514	806.688000
8705.477152	809.887000
8715.935837	811.571000
8732.867457	814.309000
8746.056092	816.435000
8771.278542	820.512000
8781.393629	822.142000
8797.778825	824.789000
8808.323698	826.486000
8831.726001	830.260000
8840.140546	831.612000
8865.564180	835.709000
8875.753134	837.345000
8894.866257	840.422000
8901.288332	841.453000
8927.724366	845.705000
8935.831960	847.005000
8962.407930	851.273000
8967.802636	852.137000
8989.713916	855.657000
8997.349703	856.878000
9026.171833	861.510000
9028.977850	861.959000
9056.912647	866.446000
9063.032931	867.425000
9088.263618	871.471000
9091.711120	872.022000
9121.037393	876.717000
9123.098583	877.046000
9155.001444	882.148000
9157.504826	882.547000
9183.356741	886.678000
9187.403498	887.323000
9216.928050	892.037000
9217.586157	892.142000
9249.131649	897.169000
9250.537694	897.393000
9280.589068	902.187000
9281.669573	902.359000
9311.593313	907.125000
9312.914508	907.335000
9343.546030	912.205000
9344.528324	912.361000
9375.761604	917.323000
9376.687759	917.470000
9406.662126	922.229000
9407.790983	922.408000
9438.095254	927.215000
9440.547325	927.604000
9468.917307	932.097000
9472.230802	932.622000
9502.454494	937.407000
9503.143013	937.516000
9532.705523	942.196000
9535.650569	942.662000
9563.605448	947.085000
9567.518644	947.704000
9595.736943	952.164000
9600.292699	952.884000
9628.775261	957.385000
9629.085176	957.434000
9657.533317	961.932000
9664.038694	962.959000
9692.392922	967.435000
9695.492615	967.924000
9722.169747	972.128000
9724.218627	972.451000
9753.129336	977.004000
9759.972005	978.083000
9786.109633	982.195000
9789.764940	982.771000
9815.089181	986.758000
9822.498177	987.924000
9842.525386	991.076000
9853.516505	992.804000
9868.016348	995.084000
9885.655885	997.855000
9887.891112	998.206000
9904.701668	1000.847000
9908.760574	1001.484000
9913.240646	1002.187000
9913.310756	1002.198000
9913.591228	1002.242000
9914.222297	1002.341000
9914.496413	1002.384000
9914.745022	1002.423000
9914.910772	1002.449000
9915.133897	1002.484000
9916.166665	1002.646000
9916.300551	1002.667000
9916.803679	1002.746000
9917.517764	1002.858000
9917.938580	1002.924000
9918.110733	1002.951000
9926.334683	1004.241000
9939.241771	1006.265000
9951.492942	1008.185000
9952.303666	1008.312000
9969.897745	1011.069000
9980.892084	1012.790000
9986.665831	1013.694000
10004.510792	1016.486000
10015.855069	1018.260000
10021.104854	1019.081000
10040.559142	1022.122000
10046.285575	1023.017000
10059.374769	1025.063000
10078.413770	1028.037000
10081.468384	1028.514000
10111.639206	1033.223000
10112.242356	1033.317000
10142.217578	1037.998000
10144.530131	1038.358000
10174.197674	1042.983000
10177.242840	1043.457000
10206.444747	1047.998000
10210.995444	1048.705000
10240.706261	1053.322000
10242.271133	1053.565000
10271.707243	1058.135000
10272.455015	1058.251000
10307.167463	1063.635000
10307.645097	1063.709000
10338.354276	1068.466000
10340.349974	1068.775000
10370.000360	1073.364000
10373.060243	1073.837000
10403.706083	1078.574000
10405.103876	1078.790000
10438.484249	1083.945000
10442.129795	1084.508000
10469.413515	1088.725000
10470.404121	1088.878000
10502.204212	1093.785000
10505.700002	1094.324000
10537.498440	1099.230000
10540.296553	1099.661000
10568.331234	1103.978000
10571.769269	1104.507000
10602.241001	1109.196000
10605.571119	1109.708000
10636.754631	1114.501000
10641.489511	1115.229000
10666.102623	1119.011000
10672.118548	1119.935000
10703.272327	1124.719000
10707.185900	1125.319000
10734.568399	1129.518000
10742.020985	1130.659000
10765.944769	1134.322000
10772.527235	1135.328000
10804.382287	1140.196000
10809.570328	1140.987000
10830.654692	1144.203000
10843.099581	1146.099000
10869.490856	1150.121000
10874.502117	1150.883000
10901.484354	1154.994000
10912.802574	1156.713000
10933.811257	1159.910000
10943.562391	1161.390000
10967.828948	1165.080000
10978.903687	1166.760000
11003.630448	1170.514000
11012.618876	1171.876000
11033.517946	1175.044000
11048.312663	1177.282000
11069.242310	1180.449000
11080.535336	1182.155000
11103.547569	1185.630000
11115.159510	1187.380000
11136.056622	1190.531000
11149.708482	1192.585000
11167.888883	1195.323000
11183.762550	1197.710000
11205.809027	1201.028000
11214.391862	1202.316000
11233.076080	1205.125000
11251.975435	1207.958000
11270.648852	1210.760000
11283.152937	1212.632000
11302.614366	1215.552000
11316.714208	1217.659000
11335.720225	1220.505000
11351.571680	1222.871000
11371.262411	1225.816000
11383.488682	1227.639000
11401.649475	1230.354000
11419.611596	1233.027000
11438.195943	1235.803000
11450.428823	1237.621000
11470.531835	1240.620000
11484.948886	1242.763000
11505.178732	1245.774000
11520.854740	1248.101000
11538.504496	1250.722000
11551.816895	1252.695000
11572.470660	1255.758000
11586.263793	1257.798000
11607.771671	1260.984000
11620.739898	1262.899000
11639.998996	1265.747000
11653.951227	1267.807000
11675.396294	1270.974000
11687.558055	1272.766000
11709.131021	1275.947000
11721.909522	1277.827000
11743.676774	1281.031000
11749.552309	1281.894000
11777.062402	1285.935000
11790.879787	1287.961000
11812.260819	1291.094000
11819.754288	1292.190000
11848.126872	1296.342000
11851.834956	1296.883000
11878.657748	1300.802000
11889.359432	1302.361000
11918.471604	1306.610000
11921.511356	1307.052000
11948.996272	1311.064000
11951.545142	1311.434000
11984.059720	1316.175000
11989.553139	1316.972000
12020.593347	1321.486000
12021.780593	1321.658000
12054.845166	1326.459000
12055.225500	1326.514000
12088.405117	1331.325000
12089.742328	1331.518000
12121.962421	1336.186000
12123.987206	1336.479000
12156.529009	1341.171000
12161.841896	1341.940000
12193.727448	1346.531000
12194.508862	1346.644000
12222.589883	1350.682000
12232.967872	1352.181000
12259.264899	1355.955000
12267.115297	1357.087000
12295.082288	1361.100000
12305.254601	1362.564000
12326.250999	1365.573000
12338.024002	1367.265000
12362.635440	1370.786000
12376.222094	1372.735000
12396.157301	1375.582000
12411.817520	1377.828000
12430.447847	1380.483000
12446.622929	1382.803000
12465.735785	1385.522000
12484.041351	1388.142000
12499.911518	1390.396000
12519.445672	1393.186000
12532.315806	1395.010000
12555.390660	1398.299000
12570.752360	1400.471000
12592.119454	1403.511000
12602.597183	1404.991000
12627.914244	1408.589000
12638.594226	1410.098000
12663.119401	1413.577000
12672.644807	1414.921000
12700.672385	1418.889000
12707.901974	1419.908000
12735.018371	1423.743000
12743.373466	1424.918000
12772.752029	1429.068000
12777.426490	1429.724000
12806.047065	1433.758000
12811.296194	1434.494000
12844.786830	1439.205000
12848.789985	1439.765000
12879.740767	1444.114000
12881.387433	1444.344000
12913.230872	1448.809000
12918.268071	1449.511000
12951.047134	1454.098000
12953.522755	1454.444000
12986.684876	1459.061000
12988.706377	1459.342000
13022.274392	1464.031000
13024.754240	1464.377000
13058.930361	1469.122000
13060.036100	1469.276000
13093.118098	1473.864000
13096.589062	1474.347000
13131.508156	1479.185000
13133.539107	1479.467000
13167.199943	1484.120000
13169.700050	1484.467000
13200.070420	1488.655000
13206.554339	1489.555000
13233.164542	1493.218000
13241.237972	1494.338000
13259.101241	1496.793000
13279.604945	1499.633000
13281.417455	1499.882000
13296.380262	1501.951000
13298.574107	1502.254000
13300.456914	1502.514000
13301.420158	1502.647000
13301.514320	1502.660000
13301.528806	1502.662000
13301.630208	1502.676000
13301.666424	1502.681000
13301.992373	1502.726000
13303.115107	1502.881000
13303.281711	1502.904000
13303.462809	1502.929000
13303.600447	1502.948000
13303.701857	1502.962000
13304.484257	1503.070000
13305.136292	1503.160000
13312.128024	1504.125000
13312.656899	1504.198000
13318.054231	1504.939000
13327.745764	1506.276000
13342.746747	1508.344000
13351.588090	1509.562000
13357.899347	1510.428000
13376.409095	1512.977000
13385.395591	1514.214000
13394.541075	1515.467000
13413.698104	1518.101000
13422.466275	1519.305000
13431.180091	1520.497000
13449.290317	1522.981000
13458.131093	1524.192000
13470.848169	1525.929000
13491.219022	1528.716000
13496.119208	1529.386000
13521.447688	1532.841000
13529.586005	1533.953000
13560.570246	1538.173000
13568.023510	1539.192000
13595.425820	1542.920000
13604.059172	1544.099000
13636.264400	1548.478000
13640.406312	1549.043000
13673.973667	1553.602000
13678.058120	1554.158000
13710.331413	1558.539000
13711.368842	1558.680000
13749.345186	1563.828000
13752.979311	1564.321000
13785.137945	1568.670000
13789.249095	1569.225000
13824.690726	1574.019000
13825.343453	1574.107000
13861.174118	1578.940000
13862.476172	1579.115000
13897.021606	1583.761000
13905.476859	1584.895000
13936.013268	1588.991000
13940.197121	1589.551000
13973.250349	1593.987000
13979.110319	1594.771000
14008.506668	1598.704000
14019.162028	1600.127000
14049.915192	1604.236000
14058.061723	1605.323000
14083.400548	1608.709000
14095.524816	1610.324000
14123.351454	1614.036000
14134.368014	1615.501000
14159.883623	1618.897000
14174.227906	1620.801000
14198.645901	1624.045000
14213.868330	1626.060000
14235.111301	1628.877000
14248.932943	1630.702000
14275.074892	1634.161000
14294.042906	1636.658000
14310.108069	1638.776000
14328.150092	1641.146000
14350.641248	1644.105000
14369.295116	1646.548000
14388.234072	1649.036000
14409.252654	1651.784000
14425.339964	1653.893000
14449.405538	1657.036000
14463.176210	1658.839000
14485.539672	1661.756000
14502.616281	1663.990000
14528.607965	1667.374000
14540.223257	1668.890000
14567.334731	1672.411000
14575.991262	1673.538000
14605.221532	1677.326000
14616.336415	1678.769000
14647.822381	1682.840000
14653.107868	1683.524000
14685.980142	1687.765000
14688.481972	1688.088000
14726.576213	1692.997000
14729.241038	1693.341000
14765.306811	1697.976000
14766.149763	1698.084000
14802.221170	1702.727000
14807.904279	1703.453000
14841.991717	1707.826000
14845.368397	1708.256000
14882.168064	1712.963000
14888.312291	1713.744000
14917.716972	1717.496000
14925.563496	1718.492000
14957.541489	1722.566000
14970.871639	1724.254000
14999.118267	1727.839000
15006.287892	1728.744000
15036.392278	1732.554000
15051.171453	1734.415000
15074.879381	1737.406000
15089.619923	1739.256000
15117.239293	1742.730000
15132.753618	1744.672000
15156.937441	1747.705000
15172.285410	1749.623000
15194.578680	1752.410000
15214.105025	1754.844000
15236.470032	1757.634000
15254.571932	1759.886000
15279.618924	1763.005000
15298.411143	1765.337000
15312.345675	1767.070000
15337.080081	1770.133000
15357.432929	1772.658000
15380.715270	1775.534000
15398.814546	1777.773000
15422.259352	1780.660000
15433.034663	1781.989000
15462.017035	1785.549000
15474.572156	1787.095000
15507.992587	1791.188000
15515.545819	1792.116000
15544.815198	1795.694000
15548.872578	1796.191000
15588.316473	1801.002000
15591.192404	1801.353000
15629.454499	1806.005000
15629.898410	1806.059000
15661.842217	1809.937000
15673.200308	1811.313000
15705.579635	1815.238000
15711.395604	1815.940000
15742.811766	1819.737000
15756.702256	1821.409000
15776.622987	1823.808000
15797.145720	1826.272000
15821.052065	1829.142000
15841.130356	1831.546000
15855.075152	1833.216000
15880.176331	1836.214000
15896.494613	1838.163000
15927.686993	1841.875000
15934.133745	1842.643000
15965.800130	1846.403000
15973.871425	1847.362000
16011.924582	1851.870000
16012.195257	1851.902000
16051.636950	1856.572000
16054.831520	1856.949000
16087.496252	1860.799000
16097.813693	1862.012000
16134.837888	1866.367000
16138.199490	1866.761000
16169.037556	1870.378000
16184.229886	1872.154000
16210.562240	1875.233000
16222.349532	1876.607000
16250.430445	1879.880000
16268.104665	1881.934000
16290.204632	1884.501000
16308.699008	1886.644000
16330.191142	1889.132000
16355.839019	1892.094000
16372.698266	1894.038000
16387.323037	1895.721000
16408.529786	1898.160000
16421.651969	1899.667000
16443.128067	1902.132000
16452.237231	1903.177000
16464.735341	1904.610000
16486.309735	1907.084000
16489.646661	1907.466000
16510.122258	1909.809000
16529.841402	1912.063000
16531.839051	1912.291000
16551.881356	1914.579000
16570.926902	1916.751000
16575.413562	1917.262000
16596.507067	1919.665000
16608.430727	1921.021000
16619.774392	1922.310000
16640.970058	1924.717000
16653.036928	1926.085000
16663.521496	1927.273000
16685.338670	1929.743000
16691.616098	1930.453000
16707.427057	1932.240000
16730.412732	1934.837000
16731.866796	1935.001000
16749.941962	1937.040000
16775.686677	1939.939000
16775.784569	1939.950000
16795.301486	1942.143000
16816.708569	1944.545000
16818.368520	1944.731000
16839.881396	1947.141000
16855.996199	1948.943000
16863.540472	1949.787000
16885.056154	1952.188000
16902.900174	1954.176000
16906.564638	1954.585000
16932.101058	1957.426000
16937.277724	1958.001000
16951.904194	1959.630000
16974.182439	1962.101000
16987.758086	1963.604000
16998.406406	1964.785000
17020.960792	1967.278000
17023.107140	1967.515000
17040.745609	1969.465000
17067.257026	1972.387000
17068.663199	1972.542000
17085.467245	1974.390000
17111.130593	1977.208000
17111.512979	1977.250000
17135.253734	1979.851000
17150.347278	1981.502000
17154.667607	1981.975000
17179.072494	1984.642000
17191.328723	1985.979000
17203.414650	1987.298000
17220.654821	1989.176000
17236.675654	1990.918000
17248.617730	1992.218000
17270.518854	1994.595000
17275.401703	1995.124000
17294.325218	1997.178000
17318.653147	1999.808000
17319.475585	1999.897000
17331.981579	2001.246000
17338.385682	2001.936000
17339.695037	2002.077000
17340.103116	2002.121000
17340.761992	2002.192000
17341.012645	2002.219000
17341.430472	2002.264000
17341.681067	2002.291000
17342.784886	2002.410000
17343.444381	2002.481000
17344.001685	2002.541000
17344.966764	2002.645000
17349.239427	2003.105000
17361.456835	2004.421000
17371.886534	2005.545000
17377.955701	2006.198000
17401.521630	2008.732000
17407.688601	2009.394000
17427.830670	2011.554000
17447.822680	2013.694000
17450.881857	2014.021000
17471.365873	2016.210000
17487.022038	2017.880000
17500.231586	2019.287000
17525.806414	2022.010000
17532.104942	2022.679000
17574.365208	2027.164000
17577.880224	2027.536000
17619.318373	2031.920000
17623.596308	2032.371000
17660.974594	2036.310000
17673.938702	2037.672000
17706.208641	2041.059000
17718.549590	2042.350000
17750.120315	2045.649000
17772.384650	2047.968000
17795.893330	2050.412000
17815.114675	2052.406000
17839.640582	2054.946000
17869.595023	2058.040000
17885.207376	2059.649000
17917.492543	2062.969000
17930.784871	2064.333000
17963.104470	2067.645000
17975.041653	2068.865000
18019.566374	2073.408000
18020.451818	2073.498000
18064.460040	2077.969000
18067.156882	2078.242000
18111.301720	2082.709000
18114.507229	2083.032000
18162.719043	2087.888000
18165.481171	2088.165000
18203.351423	2091.962000
18216.148403	2093.241000
18253.918364	2097.013000
18262.940273	2097.910000
18300.123787	2101.609000
18316.365001	2103.220000
18345.613154	2106.116000
18364.991916	2108.031000
18395.144940	2111.003000
18419.261255	2113.374000
18440.624378	2115.468000
18463.845725	2117.740000
18491.796787	2120.467000
18522.020488	2123.408000
18540.591486	2125.210000
18569.955412	2128.053000
18590.132163	2130.002000
18621.660266	2133.039000
18646.471119	2135.423000
18674.169696	2138.075000
18695.463855	2140.111000
18729.085418	2143.314000
18749.850497	2145.292000
18773.884856	2147.568000
18808.589648	2150.858000
18832.598577	2153.117000
18856.994385	2155.415000
18881.872397	2157.744000
18915.525162	2160.901000
18931.319942	2162.372000
18969.216406	2165.912000
18988.103189	2167.661000
19024.933603	2171.081000
19038.449578	2172.325000
19078.666711	2176.039000
19092.085267	2177.267000
19140.308308	2181.694000
19144.914654	2182.113000
19191.718370	2186.385000
19195.606656	2186.737000
19235.639053	2190.380000
19249.578282	2191.644000
19284.340927	2194.772000
19310.511332	2197.131000
19319.571987	2197.941000
19355.186394	2201.139000
19361.378552	2201.692000
19361.613880	2201.713000
19362.084549	2201.755000
19363.239769	2201.858000
19363.430307	2201.875000
19363.508766	2201.882000
19365.112046	2202.025000
19365.179310	2202.031000
19365.952875	2202.100000
19366.031391	2202.107000
19366.177683	2202.120000
19366.704647	2202.167000
19367.287792	2202.219000
19373.534830	2202.776000
19375.319215	2202.935000
19375.431468	2202.945000
19377.160503	2203.099000
19390.498243	2204.287000
19396.742752	2204.842000
19424.965395	2207.348000
19429.527096	2207.751000
19453.967759	2209.913000
19481.966709	2212.383000
19482.376085	2212.419000
19508.334991	2214.699000
19539.764037	2217.456000
19544.076893	2217.833000
19563.375902	2219.522000
19593.002503	2222.104000
19602.391325	2222.919000
19624.691428	2224.857000
19647.490001	2226.829000
19661.954614	2228.077000
19676.849070	2229.362000
19705.541050	2231.832000
19721.987166	2233.243000
19736.869088	2234.519000
19761.287724	2236.606000
19783.632616	2238.510000
19790.329853	2239.080000
19823.069356	2241.860000
19841.147374	2243.389000
19847.570667	2243.932000
19878.992743	2246.582000
19903.432628	2248.635000
19912.440991	2249.391000
19929.089403	2250.785000
19929.592018	2250.827000
19930.573690	2250.909000
19932.213955	2251.046000
19932.621141	2251.080000
19933.411633	2251.146000
19933.962461	2251.192000
19934.381749	2251.227000
19934.537357	2251.240000
19934.884629	2251.269000
19935.088151	2251.286000
19936.669298	2251.418000
19936.765160	2251.426000
19937.579714	2251.494000
19937.651596	2251.500000
19937.711519	2251.505000
19943.295055	2251.971000
19962.620932	2253.583000
19969.352675	2254.144000
20001.814743	2256.844000
20024.665519	2258.738000
20033.610147	2259.478000
20065.205051	2262.087000
20082.123861	2263.479000
20096.730515	2264.679000
20127.991021	2267.242000
20147.831054	2268.862000
20161.421705	2269.969000
20193.104518	2272.546000
20206.394943	2273.623000
20224.903731	2275.119000
20257.971520	2277.787000
20269.456263	2278.710000
20278.105117	2279.403000
20282.778888	2279.778000
20282.878486	2279.786000
20286.139762	2280.048000
20286.775023	2280.099000
20287.248551	2280.137000
20288.257871	2280.218000
20288.482221	2280.236000
20288.631776	2280.248000
20289.454540	2280.314000
20291.797015	2280.502000
20292.545027	2280.562000
20322.760880	2282.987000
20332.478061	2283.764000
20352.141090	2285.326000
20382.315902	2287.731000
20392.286690	2288.522000
20422.342392	2290.894000
20450.274380	2293.091000
20455.924082	2293.534000
20491.127644	2296.299000
20515.319757	2298.179000
20520.548677	2298.584000
20548.324165	2300.747000
20553.175032	2301.121000
20554.160764	2301.197000
20555.354955	2301.289000
20555.497566	2301.300000
20556.821389	2301.402000
20556.899082	2301.408000
20557.054617	2301.420000
20558.090922	2301.500000
20558.103912	2301.501000
20558.570203	2301.537000
20559.153094	2301.582000
20559.179077	2301.584000
20560.384246	2301.677000
20561.394596	2301.755000
20564.171561	2301.969000
20564.288399	2301.978000
20564.833318	2302.020000
20569.681861	2302.393000
20583.194020	2303.434000
20596.665488	2304.474000
20625.144022	2306.660000
20643.066981	2308.030000
20653.540910	2308.832000
20693.639575	2311.884000
20711.898394	2313.270000
20727.439599	2314.449000
20757.956005	2316.756000
20772.528825	2317.853000
20794.887145	2319.537000
20828.489153	2322.053000
20840.436810	2322.943000
20867.719794	2324.981000
20894.157516	2326.940000
20903.301667	2327.615000
20934.723451	2329.942000
20969.386989	2332.485000
20971.389282	2332.631000
21003.768843	2335.005000
21034.225713	2337.212000
21035.834429	2337.328000
21076.162228	2340.252000
21105.870565	2342.381000
21110.052727	2342.681000
21143.785906	2345.092000
21169.935112	2346.960000
21179.492728	2347.639000
21219.663381	2350.494000
21240.630941	2351.972000
21254.266791	2352.930000
21290.202190	2355.448000
21311.072368	2356.902000
21330.839550	2358.276000
21367.676117	2360.828000
21374.783189	2361.319000
21404.554291	2363.368000
21447.001776	2366.284000
21448.247991	2366.369000
21479.898383	2368.525000
21515.661168	2370.947000
21520.269186	2371.258000
21559.438859	2373.895000
21585.914570	2375.667000
21592.161992	2376.085000
21620.487846	2377.971000
21650.635285	2379.970000
21652.431092	2380.089000
21668.030033	2381.117000
21670.661485	2381.290000
21672.304239	2381.398000
21672.852270	2381.434000
21674.131179	2381.518000
21674.313902	2381.530000
21674.876937	2381.567000
21675.196804	2381.588000
21675.227243	2381.590000
21676.871079	2381.698000
21677.510273	2381.740000
21678.135162	2381.781000
21679.567688	2381.875000
21682.035590	2382.037000
21712.476866	2384.035000
21731.968075	2385.308000
21745.103546	2386.166000
21789.069750	2389.026000
21791.850579	2389.206000
21831.329568	2391.750000
21870.349424	2394.247000
21873.370910	2394.440000
21916.152364	2397.157000
21944.453325	2398.940000
21960.045898	2399.924000
21994.621145	2402.086000
22015.198883	2403.363000
22051.394021	2405.622000
22082.304034	2407.522000
22093.298929	2408.196000
22132.961409	2410.609000
22169.871835	2412.855000
22173.892277	2413.094000
22218.175090	2415.767000
22248.093126	2417.557000
22258.784458	2418.185000
22312.085202	2421.380000
22321.191574	2421.921000
22346.073029	2423.369000
22394.414546	2426.208000
22407.520035	2426.977000
22445.260304	2429.150000
22482.220902	2431.295000
22484.534553	2431.427000
22529.506362	2434.012000
22566.025568	2436.091000
22579.989696	2436.875000
22626.950421	2439.505000
22641.697800	2440.324000
22667.838178	2441.768000
22726.288187	2444.976000
22735.358690	2445.468000
22763.537532	2447.001000
22812.165319	2449.622000
22822.517420	2450.178000
22847.764270	2451.526000
22851.975711	2451.750000
22852.386487	2451.772000
22855.002941	2451.909000
22855.439318	2451.932000
22855.458249	2451.933000
22856.555981	2451.991000
22857.615948	2452.047000
22859.720924	2452.158000
22859.911178	2452.168000
22859.967950	2452.171000
22860.024751	2452.174000
22860.648008	2452.207000
22862.649964	2452.313000
22863.166028	2452.340000
22863.633045	2452.365000
22864.884672	2452.431000
22865.508525	2452.464000
22866.017709	2452.491000
22866.206837	2452.501000
22866.659631	2452.525000
22867.730673	2452.581000
22885.310780	2453.508000
22901.534415	2454.371000
22938.381790	2456.313000
22980.250762	2458.532000
22982.533982	2458.652000
23031.198364	2461.170000
23076.747559	2463.539000
23100.722222	2464.749000
23163.123813	2467.950000
23166.931907	2468.139000
23233.835688	2471.530000
23249.103319	2472.292000
23305.282381	2475.039000
23342.733253	2476.884000
23378.384103	2478.589000
23441.069600	2481.653000
23446.052822	2481.886000
23522.016618	2485.555000
23527.752313	2485.829000
23591.758893	2488.763000
23627.487825	2490.431000
23675.704868	2492.625000
23720.591284	2494.687000
23733.361253	2495.269000
23800.758686	2498.242000
23823.686019	2499.268000
23836.348266	2499.817000
23848.505197	2500.357000
23851.581900	2500.492000
23851.672461	2500.496000
23852.184610	2500.518000
23853.891336	2500.593000
23855.028701	2500.643000
23857.159207	2500.735000
23858.090977	2500.775000
23860.600116	2500.885000
23863.322692	2501.005000
23864.075181	2501.038000
23864.166625	2501.042000
23866.565468	2501.147000
23868.052072	2501.212000
23868.211924	2501.219000
23869.143668	2501.260000
23869.805495	2501.289000
23869.896748	2501.293000
23871.472449	2501.362000
23871.947083	2501.383000
23874.100160	2501.478000
23874.846396	2501.511000
23875.368564	2501.534000
23875.391174	2501.535000
23875.436893	2501.537000
23875.709544	2501.549000
23876.692399	2501.591000
23876.783683	2501.595000
23879.099639	2501.697000
23881.386712	2501.798000
23935.288901	2504.177000
23942.633788	2504.487000
23958.698660	2505.163000
24003.339891	2507.034000
24043.699310	2508.707000
24069.090036	2509.755000
24110.605291	2511.456000
24146.193659	2512.921000
24167.903423	2513.798000
24252.899821	2517.309000
24260.130399	2517.601000
24323.608041	2520.172000
24378.687766	2522.297000
24416.305064	2523.775000
24486.549424	2526.430000
24499.214144	2526.920000
24585.851339	2530.070000
24608.715853	2530.881000
24681.893274	2533.541000
24744.374151	2535.693000
24778.110920	2536.817000
24868.376722	2539.828000
24874.343681	2540.024000
24974.661042	2543.244000
25004.422069	2544.192000
25076.491783	2546.436000
25098.023342	2547.101000
25104.889747	2547.311000
25105.252733	2547.322000
25109.075801	2547.437000
25112.366316	2547.536000
25117.493487	2547.692000
25117.891064	2547.704000
25122.972967	2547.856000
25125.042949	2547.918000
25129.234935	2548.044000
25130.177441	2548.072000
25130.210491	2548.073000
25136.716397	2548.267000
25140.171611	2548.369000
25140.609373	2548.382000
25145.793006	2548.535000
25149.769457	2548.652000
25155.073581	2548.808000
25156.840636	2548.861000
25158.992190	2548.925000
25162.900134	2549.041000
25232.643404	2551.126000
25241.456779	2551.378000
25308.245052	2553.319000
25354.341368	2554.589000
25360.285844	2554.754000
25464.420205	2557.565000
25524.812179	2559.129000
25536.977326	2559.442000
25629.137378	2561.772000
25681.435084	2563.045000
25717.171661	2563.908000
25820.833085	2566.396000
25882.829299	2567.856000
25902.127214	2568.277000
26031.178243	2571.206000
26047.792942	2571.562000
26129.003437	2573.189000
26243.898072	2575.533000
26262.888271	2575.909000
26362.938111	2577.837000
26441.601007	2579.411000
26503.557428	2580.525000
26605.216994	2582.501000
26636.481619	2583.097000
26754.579429	2585.001000
26839.289677	2586.541000
26903.411512	2587.556000
27035.009648	2589.810000
27044.675173	2589.946000
27187.554870	2592.196000
27215.657927	2592.593000
27366.582711	2594.557000
27409.396138	2595.086000
27549.004889	2596.718000
27574.746660	2596.962000
27578.586340	2597.000000
27587.451203	2597.079000
27589.613581	2597.098000
27590.976218	2597.110000
27611.134333	2597.289000
27616.780169	2597.342000
27624.295960	2597.414000
27628.901046	2597.457000
27634.524905	2597.510000
27656.192919	2597.710000
27657.293280	2597.720000
27664.522732	2597.785000
27670.965828	2597.843000
27673.084772	2597.862000
27705.167816	2598.150000
27707.259841	2598.168000
27728.431963	2598.349000
27738.520388	2598.433000
27741.777171	2598.460000
27764.521775	2598.647000
27788.575230	2598.839000
27798.163820	2598.913000
27808.834348	2598.994000
27827.723359	2599.136000
27840.587277	2599.230000
27842.406849	2599.243000
27856.455997	2599.341000
27862.732650	2599.385000
27877.192393	2599.485000
27882.101919	2599.518000
27883.293596	2599.526000
27899.560187	2599.635000
27919.508770	2599.765000
27931.376011	2599.840000
27950.421927	2599.958000
27970.106092	2600.076000
27982.942148	2600.149000
27987.836907	2600.176000
27998.821236	2600.237000
28011.141504	2600.304000
28018.350856	2600.342000
28047.773781	2600.496000
28049.482847	2600.504000
28078.636750	2600.644000
28088.184853	2600.685000
28091.202340	2600.698000
28098.603928	2600.730000
28105.273072	2600.758000
28107.655523	2600.768000
28144.453825	2600.919000
28151.076511	2600.943000
28151.920505	2600.946000
28155.001895	2600.957000
